5 80000 300 266
14 14 14 14 14 14 14 
11.2445 13.7063 17.1868 15.1494 14.0458 14.6401 13.0272 
12.3305 14.4974 20.2158 15.687 11.7031 13.8723 11.1938 
11.7208 13.7134 22.9362 19.2577 11.6091 10.9766 9.53628 
9.852 12.8441 24.5984 20.7633 13.1575 9.90004 8.75974 
10.7144 14.1067 24.1754 19.0643 13.465 10.0398 8.37188 
10.2254 13.4428 24.968 21.7025 12.412 9.07672 8.14132 
10.004 12.6997 24.7666 22.4817 13.5973 8.4514 7.9837 
9.28174 12.6129 27.519 20.8442 12.5398 9.23614 7.95845 
8.61083 11.7785 27.6007 22.7612 11.4201 9.87558 7.94918 
8.23103 12.9141 27.6433 22.331 11.3919 9.58655 7.90021 
8.06562 13.5256 27.8549 22.2882 11.1013 9.26313 7.90021 
9.16908 12.3184 28.4977 22.36 11.0014 8.71962 7.93333 
9.28454 10.7592 28.7488 23.38 10.6007 9.25981 7.96667 
8.92798 11.8631 26.1327 25.0966 10.5751 9.46507 7.93938 
8.42875 12.7597 26.7227 25.1034 10.1334 8.91756 7.93445 
8.94275 12.7179 26.9428 24.8253 9.39263 9.28775 7.89076 
8.44865 13.4044 25.5169 25.8218 9.69632 9.18933 7.92265 
9.22432 13.5389 24.5952 25.0537 9.9502 9.69671 7.94092 
9.45427 15.2958 23.7713 24.3163 10.3435 8.84835 7.97046 
8.82913 14.078 24.4134 25.7945 10.4933 8.41531 7.97636 
8.77698 14.4216 24.1754 25.0897 10.8395 8.79378 7.90317 
8.2997 14.8218 24.5613 23.2214 12.6079 8.62522 7.86279 
8.34486 14.5537 25.2058 22.7218 12.6532 8.621 7.89965 
8.65673 14.7881 26.6164 21.6748 12.1562 8.23427 7.87359 
8.67159 15.339 27.715 20.901 11.1628 8.35442 7.85629 
9.08741 16.6328 26.3845 21.4656 10.225 8.28088 7.92382 
9.46712 16.5221 26.2119 21.6737 10.1453 8.07917 7.90064 
8.66369 16.1213 25.8789 22.6273 10.8587 7.96972 7.88045 
9.29873 15.5662 25.5222 23.2342 10.5066 7.95837 7.91374 
9.73986 12.9867 26.6751 24.2868 10.4569 7.93846 7.91614 
9.76971 14.5112 25.9211 23.9474 10.1282 7.86678 7.85562 
8.84961 15.7358 25.846 23.097 10.6809 7.89815 7.89257 
8.40711 16.275 24.4274 22.7211 12.0882 8.15261 7.92859 
9.21445 15.1092 23.8695 24.2146 11.5997 8.10681 7.88586 
8.53735 15.1965 24.926 23.5702 11.9134 7.98353 7.87306 
8.98359 14.6158 24.7437 23.8465 11.9874 7.93914 7.8839 
8.72709 15.5432 25.4307 24.0409 10.3466 7.96957 7.94195 
8.2537 16.2384 25.7588 23.0044 10.6653 8.21819 7.86113 
9.81406 15.2282 25.3202 23.469 10.309 8.01905 7.84052 
10.3124 13.8078 26.061 23.6715 10.3347 7.95097 7.8617 
11.2135 14.8334 24.264 24.0604 9.79288 7.94024 7.89561 
10.6993 14.9399 24.4005 23.2571 10.7992 8.02105 7.88299 
9.92483 14.1148 26.4704 23.5022 10.1926 7.93209 7.86306 
9.43489 16.117 27.1113 21.0401 10.6009 7.86513 7.83061 
9.31035 17.0356 25.2467 22.6286 9.99774 7.89916 7.8819 
8.58127 18.333 25.0945 22.0533 10.1952 7.87568 7.86705 
10.0149 17.1104 25.865 20.2556 10.4714 8.37709 7.90549 
10.8898 18.7268 23.7168 20.5445 10.1377 8.11011 7.87431 
10.8871 17.5267 22.8561 21.0432 11.7582 8.02331 7.90541 
10.3616 18.0139 22.0838 21.8799 11.7339 7.99292 7.93397 
9.57268 16.2142 23.7671 22.4264 12.1733 7.9379 7.90843 
9.64745 16.9034 22.3002 21.7456 13.2626 8.25136 7.8894 
8.75891 15.8591 22.9557 22.0997 14.3859 8.06086 7.87988 
8.26962 14.4513 24.4069 23.8645 13.257 7.92059 7.8301 
8.10832 14.4 25.6692 23.1905 12.5888 8.15456 7.88856 
7.99847 14.8566 24.4355 22.9642 13.2549 8.60164 7.8886 
8.27797 14.3965 23.8315 24.5628 12.8622 8.2128 7.85628 
8.13898 13.5316 24.5824 24.9481 12.7644 8.1064 7.92814 
7.99559 12.3085 25.9171 25.4071 12.5023 7.9793 7.89017 
7.8985 13.0101 26.0791 24.1692 12.5159 8.48137 7.84579 
9.25789 13.2952 26.3729 23.5661 10.9493 8.68513 7.87351 
10.4975 12.0466 26.6841 23.2854 11.2258 8.33318 7.92737 
10.1531 12.7219 29.1315 22.4083 9.56029 8.11396 7.91105 
9.68818 14.2493 28.4007 22.1265 9.75587 7.94047 7.83902 
9.2912 13.2545 30.1859 22.6017 8.84428 7.93658 7.88586 
10.4239 13.8206 29.5977 21.9141 8.5495 7.8598 7.83444 
10.5075 15.0384 27.3604 21.3019 10.0629 7.87079 7.85811 
9.94989 14.5634 26.9399 22.8056 10.142 7.8028 7.79646 
9.01807 14.155 26.1384 24.6104 10.1923 8.0793 7.80658 
10.3548 13.4208 24.8851 25.738 9.69813 8.01975 7.88339 
11.689 12.5243 24.5356 26.5899 8.80255 7.96336 7.89518 
11.6869 12.648 26.1265 25.3874 8.34149 7.9219 7.88781 
12.0624 12.1698 25.2523 26.1265 8.52398 7.94105 7.924 
11.8246 11.6265 27.2357 25.4058 8.16627 7.87481 7.86628 
10.9248 12.5801 26.6504 25.7355 8.4691 7.82212 7.81785 
10.1579 12.1276 27.7922 25.5581 8.67617 7.84507 7.84294 
9.94177 12.0489 29.3575 24.001 8.82687 7.91256 7.91149 
10.3555 10.2552 28.6531 26.1031 8.77241 7.93064 7.93011 
10.0471 11.4221 28.1033 25.2843 9.37433 7.88456 7.88429 
9.98633 12.2868 25.7142 26.0417 10.1462 7.9125 7.91237 
10.1519 12.0958 26.0846 26.3806 9.43819 7.92451 7.92444 
10.1521 11.5047 26.2403 26.3883 9.92214 7.89626 7.89623 
9.54255 13.0725 25.0308 26.5936 9.92385 7.91835 7.91834 
8.67963 13.0052 26.262 25.9653 10.3528 7.86753 7.86752 
8.2933 12.898 25.9217 26.2385 10.8741 7.88725 7.88725 
8.13123 13.3899 25.6858 26.3583 10.5784 7.9282 7.9282 
9.51254 12.4212 26.949 24.7713 10.5965 7.87472 7.87472 
10.7403 12.0617 26.3735 24.7527 10.2184 7.92672 7.92672 
9.96199 11.5155 27.4724 25.3865 9.82861 7.91744 7.91744 
10.6389 10.363 28.3415 25.0617 9.78273 7.90609 7.90609 
11.0786 10.4171 27.2597 26.1434 9.34163 7.87975 7.87975 
10.5124 9.77845 27.474 27.319 9.24071 7.83772 7.83772 
10.9141 9.62607 28.2107 26.949 8.56772 7.86623 7.86623 
11.1361 10.9859 27.4387 26.1905 8.48139 7.88373 7.88373 
12.3986 9.86452 26.4243 27.3029 8.20244 7.90361 7.90361 
12.1715 10.7656 26.5455 26.1515 8.68456 7.8407 7.8407 
11.9282 9.86649 27.8108 26.2551 8.41836 7.86057 7.86057 
12.2315 11.4792 29.5043 23.0161 8.1089 7.83 7.83 
11.7023 10.6279 29.1376 24.3572 8.52373 7.82562 7.82562 
12.5982 11.338 27.0989 24.7087 8.47873 7.88871 7.88871 
13.191 11.2096 28.0089 23.5706 8.29342 7.86327 7.86327 
13.536 10.7039 27.3189 23.9666 8.67929 7.89764 7.89764 
11.4512 9.89742 28.1223 26.0329 8.60962 7.94331 7.94331 
11.6648 10.3354 29.6689 24.4805 8.17221 7.83906 7.83906 
13.4255 11.0417 27.1554 24.4179 8.3841 7.78772 7.78772 
13.973 10.1784 27.6873 24.2638 8.16465 7.86646 7.86646 
12.6444 9.82602 28.3173 25.2898 8.16127 7.8806 7.8806 
12.6781 9.1503 26.8705 26.9104 8.60041 7.8951 7.8951 
13.1438 8.86509 26.453 27.3605 8.29429 7.94163 7.94163 
13.4346 9.47456 27.6523 25.0248 8.62894 7.89239 7.89239 
12.6766 8.80705 28.5064 26.0298 8.23889 7.87061 7.87061 
13.5621 9.07775 26.4345 26.471 8.65202 7.90131 7.90131 
13.8399 8.65652 26.1584 27.2061 8.2966 7.92124 7.92124 
12.1831 8.76039 26.9296 27.038 9.41146 7.83874 7.83874 
14.0626 8.29324 28.2474 25.1132 8.61877 7.83241 7.83241 
14.7236 9.17621 28.7687 22.9116 8.59933 7.91029 7.91029 
14.9376 8.85808 28.5717 23.4393 8.29415 7.94963 7.94963 
14.5904 9.32518 27.7873 24.6277 8.00464 7.83238 7.83238 
14.6865 8.72056 27.3719 25.6472 7.91537 7.82924 7.82924 
12.9143 10.2099 26.9172 25.3584 8.97161 7.81434 7.81434 
12.96 10.1627 28.632 24.0954 8.53205 7.8089 7.8089 
12.0041 10.7471 27.4888 25.5038 8.51532 7.87046 7.87046 
11.7947 10.2516 28.0737 25.8616 8.22107 7.89864 7.89864 
12.564 9.06519 29.4914 25.052 8.04993 7.88872 7.88872 
14.1549 8.95248 28.2816 25.0951 7.89237 7.81176 7.81176 
14.6576 8.4121 28.4265 24.6467 8.17359 7.84174 7.84174 
14.6493 8.62594 28.716 23.7874 8.64481 7.78827 7.78827 
14.7374 8.38274 27.8755 25.1205 8.24682 7.81856 7.81856 
13.9182 9.14345 26.877 25.3398 8.91574 7.90289 7.90289 
12.0728 8.69104 27.359 27.5847 8.43514 7.92872 7.92872 
12.584 9.40504 28.7092 25.3995 8.23543 7.83341 7.83341 
14.5503 8.90673 26.8171 26.0631 8.02162 7.82061 7.82061 
14.5553 9.12369 27.5569 24.9821 7.99433 7.89382 7.89382 
14.3136 8.45406 27.5509 25.8144 7.88938 8.13853 7.83913 
14.6869 8.4439 27.9321 24.8048 8.16156 8.13553 7.83523 
15.6521 8.96972 28.061 23.6784 7.93835 7.92533 7.77518 
15.5183 9.81031 26.4565 24.4131 7.96326 7.95675 7.88167 
16.3911 9.30255 28.0491 22.3043 8.21616 7.88717 7.84963 
16.7201 9.40537 26.8114 22.9554 8.37037 7.87801 7.85924 
15.643 8.62425 27.4113 24.5029 8.10676 7.86057 7.85119 
15.4911 8.58941 27.1275 24.9358 8.03568 7.91259 7.9079 
16.807 8.34001 27.4796 23.7948 7.90133 7.83979 7.83744 
16.6656 8.15861 27.5575 23.8632 7.93927 7.9085 7.90733 
16.2596 8.80492 27.3458 23.8218 7.93305 7.91766 7.91708 
18.6561 8.34983 27.9821 21.2859 7.91389 7.9062 7.90591 
18.3771 8.77614 27.3346 21.5325 8.09805 7.94083 7.94068 
19.618 8.3758 26.244 21.8092 8.03676 7.95815 7.95807 
19.0398 8.1879 27.4297 21.3661 8.01838 7.97907 7.97904 
18.9045 8.09395 26.3302 22.6831 8.00919 7.98954 7.98952 
17.7573 8.45375 25.7075 23.8839 8.41137 7.89307 7.89306 
17.8923 8.13844 28.6701 21.4658 8.11725 7.8581 7.8581 
18.0638 8.03981 29.188 20.8799 8.02921 7.89964 7.89964 
16.9965 8.00221 27.8683 23.2718 7.99691 7.93212 7.93212 
19.1396 8.22851 26.6164 22.2773 7.93431 7.90192 7.90192 
19.0554 7.97277 27.4561 22.0711 7.82568 7.80948 7.80948 
20.4159 7.85458 27.6249 20.7777 7.78103 7.77294 7.77294 
18.9176 7.79826 28.6512 20.3888 8.72923 7.75744 7.75744 
20.002 7.89274 26.1467 21.8558 8.35822 7.87233 7.87233 
19.8447 8.94637 27.6046 19.5216 8.39786 7.84241 7.84241 
19.1124 8.36727 27.1979 21.5988 8.09301 7.81529 7.81529 
19.0333 8.1052 27.4879 21.7471 7.96807 7.82921 7.82921 
18.061 8.0083 28.1427 22.1077 7.93973 7.8703 7.8703 
17.215 7.8732 26.7201 24.4467 8.13653 7.8042 7.8042 
17.7818 7.91213 27.8861 22.6209 8.0438 7.87763 7.87763 
17.7562 7.85678 28.8366 21.9488 7.92261 7.83953 7.83953 
18.1274 7.81579 28.6274 21.9663 7.8487 7.80716 7.80716 
20.0782 7.82094 26.1978 22.4324 7.8374 7.81662 7.81662 
20.8294 7.86184 27.3846 20.3348 7.87007 7.85968 7.85968 
20.6748 9.27774 28.1432 17.9708 8.27029 7.83157 7.83157 
19.1172 8.50792 27.9109 20.8902 8.00419 7.78483 7.78483 
18.3909 8.14617 27.2788 22.7205 7.89431 7.78463 7.78463 
19.9417 7.95368 28.4155 20.3155 7.82775 7.77291 7.77291 
20.1843 8.0927 27.47 20.676 7.87729 7.84987 7.84987 
19.8713 7.98957 28.0883 20.4327 7.88186 7.86815 7.86815 
20.6499 7.86383 27.8834 20.1866 7.80998 7.80312 7.80312 
20.0595 7.91422 25.4461 22.9251 7.88729 7.88386 7.88386 
18.0683 7.81563 28.8002 21.9127 7.80217 7.80045 7.80045 
18.9757 7.85518 27.2656 22.3599 7.84845 7.84759 7.84759 
18.5661 8.2572 27.739 21.9341 7.83484 7.83441 7.83441 
19.3792 7.97475 27.4913 21.8645 7.76357 7.76336 7.76336 
19.7873 8.38477 27.5893 20.8671 7.79058 7.79047 7.79047 
20.8844 8.06235 28.3457 19.4119 7.76526 7.76521 7.76521 
20.3242 8.01348 28.7746 19.293 7.86493 7.8649 7.8649 
21.8126 7.89023 28.3032 18.5462 7.81596 7.81595 7.81595 
25.242 7.79127 27.4383 16.2661 7.75413 7.75413 7.75413 
24.1594 8.18558 28.8079 15.2336 7.87115 7.87115 7.87115 
24.6189 8.01128 27.7268 16.0808 7.85407 7.85407 7.85407 
24.6904 8.76755 26.8793 15.9769 7.89529 7.89529 7.89529 
25.9955 8.52488 28.4703 13.2032 7.93537 7.93537 7.93537 
25.8461 8.7516 28.6314 13.2579 7.83766 7.83766 7.83766 
27.9062 8.24786 27.7837 12.6896 7.79088 7.79088 7.79088 
28.2388 8.62703 29.5751 10.2268 7.77743 7.77743 7.77743 
27.7558 8.25291 29.7875 10.7194 7.82811 7.82811 7.82811 
27.3454 7.99642 29.4449 11.8613 7.78402 7.78402 7.78402 
27.7504 7.88171 30.4182 10.4614 7.93732 7.77551 7.77551 
27.903 7.82974 31.1813 9.67513 7.85755 7.77664 7.77664 
27.4773 7.86624 28.6606 12.4364 7.88014 7.83969 7.83969 
27.5265 7.87251 28.4212 12.5818 7.87946 7.85924 7.85924 
26.538 8.46922 28.0842 13.159 7.92325 7.91314 7.91314 
24.8191 8.18598 27.8719 15.3941 7.91299 7.90794 7.90794 
25.5164 7.97648 27.69 15.3022 7.83999 7.83746 7.83746 
25.9239 7.98233 29.2296 13.1245 7.91408 7.91281 7.91281 
24.073 8.64582 30.3806 13.319 7.86094 7.86031 7.86031 
24.8197 8.36822 30.2388 13.132 7.81397 7.81365 7.81365 
25.0623 8.60484 27.6194 15.1026 7.8704 7.87024 7.87024 
27.3679 8.15999 27.1628 13.9311 7.79277 7.79269 7.79269 
26.184 8.46311 27.7048 14.2708 7.79249 7.79245 7.79245 
27.092 8.23156 28.3524 12.6354 7.89624 7.89622 7.89622 
27.4266 8.59339 28.5046 11.9893 7.82872 7.82871 7.82871 
28.0666 8.23991 27.9747 12.1461 7.85758 7.85757 7.85757 
28.5818 7.96611 29.5392 10.5881 7.77494 7.77494 7.77494 
29.26 7.84108 30.356 9.30639 7.7455 7.74549 7.74549 
28.3093 7.85136 31.0585 9.37018 7.80357 7.80356 7.80356 
29.661 7.88137 29.4533 9.43192 7.85748 7.85748 7.85748 
28.4668 7.81274 31.225 9.09307 7.80079 7.80079 7.80079 
28.1144 8.58059 30.7683 8.93747 7.8664 7.8664 7.8664 
27.0202 8.14832 30.8162 10.6416 7.79123 7.79123 7.79123 
26.4909 7.92031 29.9915 12.3721 7.74177 7.74177 7.74177 
28.9597 7.96016 27.8529 11.6146 7.87088 7.87088 7.87088 
27.9667 7.92745 27.9067 12.5507 7.88281 7.88281 7.88281 
26.8451 7.82224 28.5836 13.3493 7.79993 7.79993 7.79993 
28.0243 7.89342 26.5337 13.9018 7.88226 7.88226 7.88226 
28.7269 7.85062 28.5822 11.3053 7.84504 7.84504 7.84504 
29.9567 7.82361 28.6979 10.0594 7.82082 7.82082 7.82082 
28.421 7.84623 31.0702 9.12806 7.84484 7.84484 7.84484 
29.6934 7.90039 29.3135 9.39358 7.89969 7.89969 7.89969 
31.1006 7.82016 28.1243 9.49555 7.81981 7.81981 7.81981 
31.2942 7.88932 28.422 8.72701 7.88915 7.88915 7.88915 
31.5008 7.90807 28.5403 8.32692 7.90799 7.90799 7.90799 
29.9661 7.87561 30.4466 8.08503 7.87556 7.87556 7.87556 
30.06 7.9378 29.3771 8.81175 7.93778 7.93778 7.93778 
31.9417 7.93949 27.9239 8.37646 7.93948 7.93948 7.93948 
30.0618 8.66671 28.5074 9.03672 7.90913 7.90913 7.90913 
30.7967 8.23726 27.3168 10.0739 7.85847 7.85847 7.85847 
28.4753 8.11863 27.8122 11.8062 7.92924 7.92924 7.92924 
29.5627 7.92928 27.3736 11.6306 7.83459 7.83459 7.83459 
28.4177 7.86075 29.7582 9.87377 8.46275 7.8134 7.8134 
28.6028 7.86977 27.6064 12.0581 8.17077 7.84609 7.84609 
28.8847 8.39917 27.1961 11.9814 7.95443 7.79209 7.79209 
27.617 8.16784 27.5663 12.9748 7.94547 7.8643 7.8643 
28.2153 7.98222 27.8509 12.4196 7.87104 7.83046 7.83046 
30.4086 7.90961 28.0321 10.1283 7.85402 7.83372 7.83372 
29.0578 7.9357 27.7103 11.5928 7.9079 7.89775 7.89775 
29.7393 7.85134 29.0655 9.84172 7.83744 7.83237 7.83237 
26.985 7.96413 32.802 8.95932 7.76488 7.76234 7.76234 
26.7144 7.93343 32.9663 8.43103 8.28973 7.83254 7.83254 
27.1146 7.9608 29.5009 11.464 8.13895 7.91035 7.91035 
25.224 7.91979 29.5989 13.4593 8.00887 7.89457 7.89457 
25.901 7.94661 31.0785 11.0486 8.15726 7.934 7.934 
25.4505 7.94389 30.2452 12.4361 8.04922 7.93759 7.93759 
24.7734 7.88761 29.8816 13.7481 7.94027 7.88446 7.88446 
26.4111 7.90722 27.5932 14.3436 7.93355 7.90564 7.90564 
24.7973 8.27887 29.0215 13.9192 8.11902 7.93206 7.93206 
26.4309 8.0104 29.8333 12.1209 7.93048 7.837 7.837 
28.1223 7.88719 28.2707 12.2716 7.84723 7.80049 7.80049 
26.5227 7.94359 27.6738 14.1358 7.92361 7.90024 7.90024 
27.1603 8.30393 28.9994 11.761 7.93293 7.92124 7.92124 
26.6798 8.58001 31.1048 9.75506 8.21001 7.83516 7.83516 
26.4351 8.15905 32.0703 9.78825 7.97405 7.78663 7.78663 
26.9 8.47142 30.3932 10.6374 8.04108 7.77845 7.77845 
26.7733 8.12792 29.2685 12.3546 7.91276 7.78144 7.78144 
27.4492 8.18328 27.7024 12.9955 7.93365 7.86799 7.86799 
25.5457 8.56448 27.2697 14.8045 7.96044 7.92761 7.92761 
26.3794 8.3806 28.5529 12.976 7.91464 7.89823 7.89823 
26.3558 8.1088 28.383 13.5413 7.87582 7.86761 7.86761 
25.0893 7.93251 29.704 13.6959 7.95453 7.81192 7.81192 
14 14 14 14 14 14 14 
14.0352 12.8626 15.794 15.3752 11.9414 16.6315 12.3601 
13.6231 13.2203 18.8144 16.128 12.3927 15.1965 10.125 
14.6644 13.1708 20.0434 17.9049 12.0612 12.8666 9.03865 
13.2328 13.5212 21.3053 17.8552 13.7946 11.7128 8.45307 
12.6526 13.4004 23.5299 18.1831 12.6317 11.3896 8.15008 
11.3263 14.3533 25.3364 18.5814 12.4383 9.87848 8.05463 
11.9897 13.2991 25.7294 20.005 12.0355 8.91883 8.00691 
11.2979 14.4418 25.9599 19.6345 11.429 9.32955 7.89956 
14.0011 13.88 24.6053 18.508 12.4865 8.61511 7.90012 
13.696 13.7435 26.3415 17.1374 12.1828 8.95118 7.94574 
12.6743 14.9226 26.4123 17.8907 11.5999 8.60695 7.89236 
11.679 16.3288 26.2403 17.3855 11.4623 9.00433 7.89917 
10.3542 15.6136 27.4542 18.1736 11.3745 9.1297 7.89992 
12.1048 14.6341 27.4821 17.8217 10.6069 9.48453 7.86562 
12.3024 15.3379 27.5952 17.6609 9.78263 9.42977 7.89115 
13.214 14.0591 28.2595 17.9111 10.0483 8.63865 7.86934 
12.5673 13.5417 27.9267 19.2205 10.5429 8.29283 7.90818 
11.5468 12.2628 27.8077 21.624 10.0769 8.83749 7.84425 
10.9422 11.8276 27.0895 22.4154 10.9456 8.95461 7.82508 
10.0358 12.4956 26.9206 22.0357 11.8422 8.82975 7.84035 
10.7448 12.5253 25.2444 23.0223 11.648 8.93029 7.88493 
9.26995 13.0555 23.8694 22.5356 13.7305 9.699 7.84002 
10.6179 13.579 24.221 21.5242 13.0618 9.123 7.873 
9.96262 13.4995 25.4222 21.3682 13.4573 8.45761 7.8326 
8.96838 11.7066 25.4266 22.5375 14.7028 8.75466 7.90337 
8.79835 12.933 25.6558 21.0033 15.316 8.35963 7.93399 
9.36746 13.2318 25.3015 21.2839 14.8462 8.09102 7.8782 
8.6053 13.9144 25.5048 20.7727 15.3751 7.96708 7.86067 
8.79826 14.6326 25.4717 19.9258 15.363 7.93091 7.8777 
9.58677 15.3737 24.4356 20.1174 14.6351 7.93896 7.91236 
8.8504 14.7044 23.8406 22.3394 14.4448 7.91685 7.90355 
8.38791 15.2776 23.2257 23.2909 13.9823 7.92113 7.91448 
8.10894 14.6858 24.4764 23.1667 13.7026 7.98741 7.87223 
8.969 13.3258 24.6313 23.656 13.582 7.9467 7.88911 
8.52177 12.7706 27.4295 22.9046 12.5881 7.9071 7.8783 
8.61333 13.7101 26.3475 23.5542 12.0265 7.88136 7.86696 
8.28394 13.1051 26.2419 24.0498 11.5815 8.82704 7.91075 
8.94546 13.4303 26.0031 22.6144 12.7776 8.34365 7.88551 
9.95218 14.706 24.0746 22.152 12.6674 8.50973 7.93819 
9.52155 15.5982 23.7709 21.6468 13.4161 8.16607 7.8803 
8.76968 14.592 24.469 24.2978 12.0533 7.98058 7.8377 
9.13597 15.667 23.3205 23.6874 12.3615 7.94957 7.87813 
9.03422 15.6767 25.2768 21.5387 12.3899 8.22315 7.86063 
9.25751 15.0618 24.0379 23.2976 11.4997 8.96485 7.88065 
9.74239 14.4627 23.9508 22.6715 12.7953 8.4597 7.9176 
10.0436 16.4268 24.9639 21.5656 10.9953 8.13789 7.86685 
9.20733 16.6975 25.2648 20.8507 11.9456 8.14135 7.8927 
9.04341 16.6997 25.5288 21.7361 11.1525 7.98188 7.85755 
9.08791 15.085 25.4356 23.8818 10.5991 7.98637 7.92421 
10.1121 16.4061 23.6269 22.1682 11.7768 7.97046 7.93938 
10.4372 17.2838 21.9031 21.9585 12.6149 7.909 7.89346 
10.3525 16.6776 21.331 23.0328 12.8923 7.86075 7.85298 
9.26281 16.6321 21.1222 22.6943 13.8981 8.49768 7.89284 
9.97662 15.8884 23.256 22.2603 12.6283 8.14639 7.84397 
10.884 15.0871 23.7595 21.561 12.7767 8.04145 7.89024 
9.3681 16.435 24.2354 22.0969 12.0466 7.94682 7.87122 
8.85072 17.824 24.502 21.1179 11.9261 7.9086 7.87079 
8.3668 16.9075 26.3276 21.8202 10.8054 7.89574 7.87684 
9.53166 15.1702 27.716 20.4872 11.2485 7.92797 7.91852 
12.1999 16.458 25.9683 18.0374 11.1398 8.28053 7.91609 
11.8553 14.9436 26.4134 19.8101 10.9656 8.0971 7.91488 
10.1708 15.3847 25.592 21.1436 11.9048 7.94763 7.85652 
9.0709 14.4556 26.5641 22.4075 11.6287 7.95932 7.91377 
8.44959 14.8036 25.5295 23.7038 11.7487 7.8938 7.87103 
9.48121 14.8377 23.7904 23.5185 12.541 7.92126 7.90987 
9.70428 15.5302 23.3964 22.8973 12.5659 7.95579 7.95009 
9.31643 14.5253 25.0911 23.4384 11.7676 7.93198 7.92913 
9.32488 14.8182 25.7678 23.3859 10.7727 7.96599 7.96456 
8.55538 13.0052 26.9958 26.1698 9.52261 7.87594 7.87523 
9.58633 11.3174 28.3127 25.4306 9.57612 7.88859 7.88823 
9.99898 10.9856 29.5317 24.2165 9.38854 7.93945 7.93927 
10.6105 9.85688 29.105 24.203 9.93118 8.33382 7.95966 
12.1345 10.6601 28.4549 23.0771 9.59974 8.1913 7.88227 
11.2231 10.2461 29.9349 22.9294 9.11641 8.652 7.89797 
12.8675 9.21278 28.0281 25.185 8.51599 8.28379 7.90677 
12.6343 10.2792 27.6025 24.202 9.27119 8.09968 7.91117 
13.6436 10.0239 27.1688 23.6691 9.39138 8.16295 7.94016 
11.7358 9.06602 27.4665 25.2252 10.5925 8.01268 7.90128 
13.7359 8.46702 27.185 24.2877 9.73787 8.70177 7.88465 
12.395 10.2746 28.374 23.3264 9.36765 8.33546 7.9269 
13.431 11.2287 27.8926 22.3231 9.12545 8.10174 7.89746 
14.0232 11.3836 27.1514 21.8026 9.69093 8.02523 7.92309 
14.3607 12.1222 26.0429 22.3186 9.30741 7.94962 7.89855 
13.398 11.8901 26.6225 23.3355 9.05785 7.86082 7.83529 
13.4375 11.875 25.5754 23.3928 10.0545 7.83877 7.826 
13.7576 11.2773 25.2877 22.8614 11.2166 7.80288 7.79649 
13.607 11.4434 26.4961 21.8529 10.8853 7.85922 7.85603 
12.0734 12.6626 27.901 20.9522 10.5841 7.91419 7.91259 
13.478 11.5532 28.9636 20.0061 10.2529 7.87354 7.87274 
14.6611 11.7506 27.9883 19.2238 10.7108 7.83288 7.83248 
15.8162 11.8805 28.2239 18.6197 9.79407 7.83289 7.83269 
19.3402 10.9654 25.2929 19.8626 8.91713 7.81092 7.81082 
16.3107 12.2535 24.886 20.7386 10.1877 7.81171 7.81166 
15.5572 12.1691 27.0956 19.5838 9.9277 7.83335 7.83332 
15.742 11.1759 29.9969 18.2775 9.1414 7.83312 7.83311 
15.9676 9.84932 30.3393 19.5081 8.54797 7.89383 7.89383 
15.1677 10.6718 28.6754 20.2426 9.59008 7.82623 7.82622 
16.0945 10.655 29.0983 19.0308 9.31632 7.90248 7.90247 
16.2664 10.533 28.1108 20.3373 8.90473 7.92384 7.92384 
15.5456 11.1964 26.8586 22.2981 8.36072 7.87028 7.87028 
15.7728 9.59821 27.2865 23.2919 8.18036 7.93514 7.93514 
15.3244 9.75778 27.4173 22.6652 8.91112 7.96206 7.96206 
15.2424 9.54361 27.2655 23.7233 8.39142 7.91689 7.91689 
16.4684 9.86564 29.1824 20.5748 8.21716 7.84584 7.84584 
15.7551 8.83254 29.9115 21.0116 8.84395 7.82264 7.82264 
15.8618 9.12831 29.4846 21.1079 8.74135 7.83802 7.83802 
16.1027 8.85779 28.4542 22.7423 8.24879 7.79713 7.79713 
16.0959 8.38929 28.336 23.3761 8.08479 7.85896 7.85896 
16.9715 9.01051 24.9329 24.1526 9.14155 7.89549 7.89549 
16.2469 8.68436 25.3023 24.0166 10.0932 7.82834 7.82834 
13.462 9.68072 26.974 24.6385 9.60387 7.82042 7.82042 
13.5426 10.2027 28.9943 22.899 8.71498 7.82325 7.82325 
14.9174 9.73617 29.9466 20.8596 8.85187 7.84421 7.84421 
14.4879 9.11212 28.6338 23.5598 8.40472 7.90089 7.90089 
13.1011 10.5561 28.174 24.0656 8.20236 7.95044 7.95044 
14.1357 10.0768 26.7805 24.2619 9.05474 7.84519 7.84519 
14.2107 9.50268 28.2712 23.7381 8.69404 7.79164 7.79164 
14.9096 9.64552 28.8181 21.922 8.97665 7.86408 7.86408 
15.3036 8.89253 27.4905 24.1877 8.41274 7.85646 7.85646 
15.646 9.38812 28.8615 22.2683 8.13079 7.85265 7.85265 
16.06 8.7403 27.581 23.9954 7.96713 7.82806 7.82806 
16.0475 8.59756 26.9101 24.8257 7.91942 7.84989 7.84989 
16.9258 8.45308 25.7696 25.4692 7.81728 7.78251 7.78251 
16.4932 9.22654 30.1575 20.4619 7.99955 7.83065 7.83065 
17.4182 8.60735 29.8717 20.2901 7.99386 7.90941 7.90941 
17.5091 9.10368 27.4692 22.0117 7.99693 7.9547 7.9547 
16.2767 9.12411 28.6313 22.0678 7.98077 7.95965 7.95965 
18.4832 8.44137 27.2467 22.0971 8.01337 7.85914 7.85914 
19.12 8.32403 28.517 20.0151 8.262 7.88094 7.88094 
19.2466 8.15062 27.3639 21.2611 8.11961 7.92907 7.92907 
18.9781 9.2366 28.3594 19.5015 8.25335 7.8355 7.8355 
19.1665 8.97314 30.6313 17.654 7.99764 7.78872 7.78872 
20.2975 10.058 29.8871 15.9699 7.99882 7.89436 7.89436 
21.0553 8.995 29.1078 17.0501 7.96542 7.91319 7.91319 
20.4992 9.48326 28.2291 17.9268 7.97131 7.9452 7.9452 
22.1762 8.71716 26.9586 18.2906 7.96119 7.94813 7.94813 
20.3143 8.37644 28.2114 19.562 7.84964 7.84311 7.84311 
21.581 8.16173 27.1852 19.3836 7.89833 7.89507 7.89507 
24.0258 8.65603 27.9717 15.7376 7.87073 7.8691 7.8691 
24.4406 8.95229 28.8702 14.2272 7.8371 7.83629 7.83629 
23.4191 8.41936 28.6307 15.9464 7.86177 7.86136 7.86136 
22.8206 9.03424 28.2042 16.3065 7.87825 7.87805 7.87805 
23.5357 8.46808 27.8623 16.4639 7.89008 7.88998 7.88998 
23.963 8.50233 27.8031 16.0063 7.90845 7.9084 7.9084 
25.5598 8.24478 26.3616 15.9904 7.94784 7.94781 7.94781 
26.3183 8.58393 28.8731 12.3029 7.97392 7.97391 7.97391 
26.2291 8.24333 30.698 11.0147 7.93833 7.93832 7.93832 
25.9717 8.26452 29.9204 11.9359 7.96916 7.96916 7.96916 
26.8035 8.26332 28.6354 12.3782 7.97319 7.97318 7.97318 
27.1331 8.16151 28.3476 12.7563 7.86719 7.86719 7.86719 
26.9925 7.93878 29.4516 11.9337 8.10026 7.79162 7.79162 
27.6629 7.96939 29.5591 10.9668 8.05013 7.89581 7.89581 
25.9572 8.17631 31.3963 10.8726 7.91728 7.84012 7.84012 
26.2316 8.00382 29.403 12.8158 7.8743 7.83572 7.83572 
27.4015 7.97016 28.3523 12.5984 7.90541 7.88612 7.88612 
27.8799 7.86568 28.5045 12.2693 7.8333 7.82365 7.82365 
27.2021 7.89625 29.801 11.47 7.88006 7.87524 7.87524 
26.7108 7.91154 29.992 11.6801 7.90345 7.90104 7.90104 
27.5033 7.81429 30.1085 11.1455 7.81024 7.80904 7.80904 
27.8383 7.77711 28.5218 12.5387 7.77509 7.77449 7.77449 
28.8159 7.87086 28.7152 10.9891 7.86985 7.86955 7.86955 
28.8093 8.30436 29.0825 10.3489 7.81842 7.81827 7.81827 
29.9784 8.08661 28.8035 9.60069 7.84364 7.84356 7.84356 
29.7408 7.92529 30.2403 8.68233 7.80381 7.80377 7.80377 
27.2571 7.89014 30.8301 10.5345 7.8294 7.82938 7.82938 
27.6958 7.9206 28.2591 12.4538 7.89023 7.89022 7.89022 
26.5752 7.8997 27.7659 14.1057 7.88451 7.88451 7.88451 
27.4494 7.85158 26.8887 14.2783 7.84399 7.84399 7.84399 
24.8543 7.9125 28.2284 15.2787 7.90871 7.9087 7.9087 
25.912 7.89564 27.1445 15.3666 7.89375 7.89375 7.89375 
23.8383 7.91841 28.8664 15.6245 7.91746 7.91746 7.91746 
24.3406 7.89002 28.2697 15.8311 7.88955 7.88955 7.88955 
23.52 7.93274 27.0183 17.7315 7.9325 7.9325 7.9325 
23.0254 7.97872 27.5523 17.8164 7.9786 7.82428 7.82428 
24.4465 7.93258 28.7604 15.2173 7.93252 7.85536 7.85536 
23.2139 7.83626 30.6341 14.8842 7.83623 7.79765 7.79765 
23.2141 7.78718 28.8587 16.8171 7.78716 7.76787 7.76787 
23.4765 8.34463 28.6727 15.8269 8.19625 7.7415 7.7415 
24.0528 8.02988 29.4699 15.0351 7.95569 7.72832 7.72832 
24.8663 7.94243 27.4238 16.2789 7.90534 7.79165 7.79165 
23.0774 7.89278 27.0172 18.5036 7.87424 7.81739 7.81739 
25.8474 7.80491 26.8527 16.165 7.79564 7.76722 7.76722 
25.8432 7.9293 28.6948 13.955 8.09245 7.74267 7.74267 
27.5442 7.89547 28.6556 12.3234 7.97704 7.80215 7.80215 
26.4175 8.0175 29.2987 12.7024 7.91294 7.82549 7.82549 
24.9275 7.915 28.3994 15.2574 7.86272 7.819 7.819 
26.0308 7.92092 27.4619 14.9458 7.89477 7.87291 7.87291 
26.9652 7.87895 27.524 14.056 7.86588 7.85495 7.85495 
26.1389 7.84573 29.387 13.1217 7.83919 7.83373 7.83373 
26.3606 8.19502 28.7758 13.0482 7.87529 7.87256 7.87256 
27.9033 8.03337 27.0701 13.3754 7.87351 7.87214 7.87214 
29.0263 8.19579 27.7142 11.6131 7.81735 7.81667 7.81667 
30.1283 8.04111 28.5258 9.74976 7.85189 7.85155 7.85155 
30.0473 8.06096 29.5828 8.74693 7.96635 7.79783 7.79783 
30.7521 8.00399 29.1954 8.34698 7.95669 7.87242 7.87242 
29.9914 8.30969 29.6746 8.17349 7.97834 7.93621 7.93621 
29.9649 8.01287 29.9608 8.56205 7.8472 7.82613 7.82613 
29.5658 7.85259 29.0829 10.2105 7.76975 7.75922 7.75922 
29.6085 8.86815 28.495 9.61107 7.80929 7.80403 7.80403 
28.7283 8.38977 29.1209 10.1853 7.86034 7.85771 7.85771 
27.6638 8.23529 31.7322 8.96469 7.80223 7.80091 7.80091 
28.6757 8.0239 30.3973 9.48235 7.80736 7.8067 7.8067 
28.195 8.01195 29.913 10.1697 7.90368 7.90335 7.90335 
28.6455 8.10202 27.9508 11.582 7.90664 7.90648 7.90648 
30.046 7.98183 27.6547 10.6652 7.88414 7.88406 7.88406 
29.6184 8.03716 27.7002 11.113 7.8438 7.84376 7.84376 
29.1928 7.95693 29.0898 10.1798 7.86026 7.86024 7.86024 
28.5896 7.90338 30.9272 9.0148 7.85504 7.85503 7.85503 
29.2639 8.427 29.6611 9.29135 7.78555 7.78554 7.78554 
29.8779 8.14793 28.9289 9.56371 7.8272 7.8272 7.8272 
29.5692 7.93248 30.5416 8.64037 7.77212 7.77212 7.77212 
30.7907 7.92966 29.4476 8.2836 7.84947 7.84947 7.84947 
29.1453 8.65233 30.5051 8.2043 7.83099 7.83099 7.83099 
30.6498 8.18469 29.4004 8.44299 7.77401 7.77401 7.77401 
29.8354 8.11332 30.7841 8.06765 7.73316 7.73316 7.73316 
30.3463 8.05666 28.5349 9.46239 7.86658 7.86658 7.86658 
29.436 7.87448 30.4534 8.89786 7.77944 7.77944 7.77944 
29.6851 7.88461 30.5227 8.3963 7.83709 7.83709 7.83709 
28.5348 7.94231 31.4152 8.352 7.91855 7.91855 7.91855 
29.1642 7.95345 29.2769 9.78072 7.94157 7.94157 7.94157 
28.2044 7.8467 28.7252 11.7015 7.84076 7.84076 7.84076 
25.3484 8.17867 29.5601 13.2976 7.87175 7.87175 7.87175 
25.8171 8.08933 27.3515 14.9345 7.93587 7.93587 7.93587 
27.1041 7.98788 27.2404 13.9341 7.91115 7.91115 7.91115 
29.1039 8.00732 28.0015 11.3149 7.96895 7.80173 7.80173 
27.0519 7.95936 29.6653 11.6701 7.94017 7.85656 7.85656 
27.4403 7.95521 28.1354 12.7158 7.94562 7.90382 7.90382 
28.7529 7.89918 27.303 12.4036 7.89438 7.87348 7.87348 
28.0128 8.3383 28.8553 11.2175 7.86569 7.85523 7.85523 
29.5469 8.05429 29.4614 9.49388 7.81798 7.81275 7.81275 
28.6454 7.99056 29.6697 10.0823 7.8724 7.86979 7.86979 
28.0885 8.42566 28.2842 11.5285 7.8919 7.89059 7.89059 
27.7207 8.18342 28.9951 11.3525 7.91654 7.91588 7.91588 
26.5933 8.12898 29.0938 12.6638 7.84026 7.83993 7.83993 
25.6761 7.92301 29.8202 13.2451 7.77865 7.77849 7.77849 
24.4858 7.93878 29.6828 14.293 7.8666 7.86652 7.86652 
24.7044 7.96939 28.3799 15.1465 7.9333 7.93326 7.93326 
23.7091 7.967 27.3168 17.1603 7.94895 7.94893 7.94893 
22.1224 7.85255 28.6882 17.8063 7.84352 7.84351 7.84351 
21.2849 8.7186 29.3601 16.8904 7.91537 7.91537 7.91537 
21.96 8.24444 28.5314 17.7357 7.84282 7.84282 7.84282 
24.6303 8.87682 25.9221 16.8433 7.90914 7.90914 7.90914 
22.8671 8.82153 27.0844 17.6749 7.85067 7.85067 7.85067 
21.4974 8.72386 28.079 17.3039 8.55792 7.91895 7.91895 
22.3801 8.28942 28.692 16.658 8.20645 7.88697 7.88697 
21.335 8.05776 28.5489 18.0391 8.30613 7.85653 7.85653 
22.5346 7.98457 27.5656 18.0386 8.10876 7.88396 7.88396 
21.9934 7.95268 25.829 20.4054 8.01478 7.90238 7.90238 
21.6778 8.6203 27.0012 19.0262 8.03216 7.82116 7.82116 
20.9366 8.21895 28.3214 18.9594 7.92487 7.81937 7.81937 
21.0361 8.52588 27.4099 19.4166 7.90565 7.8529 7.8529 
21.8745 8.20616 27.4274 18.8566 7.89604 7.86967 7.86967 
19.4958 8.45743 29.1791 19.3382 7.85193 7.83874 7.83874 
20.4513 8.20425 29.5743 18.0789 7.9015 7.8949 7.8949 
20.6687 8.21605 27.7618 19.6407 7.90645 7.90315 7.90315 
19.3314 8.09033 28.4827 20.2923 7.93552 7.93388 7.93388 
20.4469 8.73266 27.6788 19.5212 7.87401 7.87319 7.87319 
23.6786 8.35304 27.1285 17.0696 7.92372 7.9233 7.9233 
22.8999 8.57046 29.1703 15.656 7.90125 7.90105 7.90105 
22.1325 8.1428 29.2736 17.0268 7.80819 7.80809 7.80809 
23.192 7.96361 26.7625 18.693 7.79631 7.79626 7.79626 
23.7498 7.98181 27.3813 17.1927 7.89816 7.89813 7.89813 
23.3553 7.9184 28.4943 16.6024 7.87657 7.87656 7.87656 
23.406 7.97154 27.2101 18.0234 7.79631 7.7963 7.7963 
25.2344 7.94617 28.7866 14.4573 7.85855 7.85855 7.85855 
25.1172 7.84213 28.8278 14.8179 7.79832 7.79832 7.79832 
14 14 14 14 14 14 14 
13.5183 14.3927 14.7901 13.2798 15.8235 14.6312 12.5644 
14.6441 16.009 16.3932 14.1538 16.075 11.9538 10.2711 
12.6475 18.3595 18.6503 14.572 15.3353 11.1051 9.0803 
11.8378 18.5255 19.0448 16.6318 15.2378 10.132 8.46539 
11.2616 18.7386 21.2159 16.2796 14.7761 9.50148 8.16414 
10.1206 19.5734 22.2406 16.8133 14.4289 8.73033 8.06166 
9.57643 19.5716 21.6579 18.7292 14.0962 8.34366 8.00933 
9.01502 19.8889 23.097 18.2306 13.4398 8.39863 7.92219 
9.41156 18.5798 24.3417 18.1771 13.1165 8.46371 7.90566 
9.856 19.1612 24.188 18.8525 11.6012 8.4164 7.92279 
9.71523 19.0487 23.2642 20.0646 11.8644 8.14437 7.89756 
8.76882 20.9408 22.3086 21.4488 10.5834 8.0891 7.85999 
8.38009 18.7857 22.2774 21.4155 12.8511 8.3642 7.92567 
9.23206 19.0567 22.6933 19.8464 12.2029 9.01403 7.95443 
9.42176 18.5263 23.6166 20.2504 11.7251 8.49475 7.96495 
9.04078 19.1601 24.0763 19.5066 12.1512 8.1649 7.9 
9.303 18.0583 24.2121 20.6229 11.293 8.64767 7.86304 
9.00418 20.1899 23.3784 20.2445 10.892 8.4533 7.83777 
8.6258 18.9609 23.8541 20.3284 11.7347 8.65964 7.83641 
8.25481 20.1651 23.5453 19.604 12.2989 8.27173 7.86011 
8.89919 18.9 23.0797 20.9016 11.9586 8.38898 7.87197 
8.4231 18.5008 22.7981 22.5921 11.2773 8.49912 7.90949 
8.26857 17.2548 24.1184 22.1513 11.3404 8.96447 7.90211 
9.20988 17.2667 22.4264 22.6307 12.0417 8.47792 7.94674 
9.64786 18.3973 21.1917 21.6158 12.9951 8.20892 7.94333 
9.77988 18.4497 21.9395 20.7198 12.5548 8.61988 7.93642 
10.6991 18.3535 22.7955 19.2811 12.7089 8.25185 7.91012 
10.1114 17.9069 23.4159 20.0714 12.2502 8.32093 7.92331 
9.89782 19.585 23.8132 18.1409 12.3356 8.26573 7.96166 
10.0553 18.4095 22.4385 19.9215 13.1891 8.06904 7.917 
10.0385 17.9194 22.2214 20.3094 13.4573 8.17395 7.88007 
8.96359 19.1685 20.0434 21.1756 14.2692 8.49533 7.88435 
8.59435 19.7574 20.6278 20.8692 14.061 8.25199 7.83828 
8.25863 20.05 21.1276 19.4282 14.9534 8.30159 7.8806 
8.60997 19.6991 22.5801 19.49 13.4849 8.22411 7.91178 
8.87068 19.0923 21.6464 19.8787 14.0921 8.5664 7.85344 
8.41262 19.5462 21.9596 19.3711 14.546 8.26047 7.90399 
10.4703 18.6098 22.1655 18.746 14.0963 8.04522 7.86699 
10.4762 17.2713 24.4999 18.178 13.6519 8.00584 7.91672 
11.1409 16.8533 25.9074 17.7696 12.4973 7.93811 7.89355 
9.95641 16.6503 26.2212 18.6436 12.4986 8.13572 7.89414 
8.87576 17.0111 25.3601 19.1213 13.8217 7.96541 7.84462 
9.15891 16.4455 25.6629 20.5049 12.383 7.95266 7.89227 
9.52198 16.4986 24.7855 20.5973 12.6283 8.11426 7.85418 
9.51737 15.3259 25.2698 22.4796 11.5345 8.00145 7.87141 
9.48682 17.2374 23.5096 21.5235 12.5049 7.90143 7.83641 
8.853 16.4954 24.1977 22.9764 11.6177 7.94615 7.91364 
9.77534 14.7593 24.3082 22.651 12.4368 8.15912 7.91031 
10.602 13.332 24.416 23.9445 11.8136 8.00813 7.88373 
10.9929 13.6973 24.15 21.7937 13.6077 7.91032 7.84811 
9.80486 15.352 25.3403 19.8538 13.8333 7.92341 7.89231 
10.9562 14.5146 24.4414 21.0255 13.3068 7.88547 7.86992 
11.1154 14.9779 24.9658 19.949 13.271 7.86431 7.85653 
10.3251 13.768 25.2736 22.1838 12.682 7.88564 7.88175 
10.0204 14.5854 24.6036 21.8739 13.2131 7.85277 7.85083 
10.5407 14.5162 26.2973 20.8692 12.0241 7.87673 7.87575 
10.5769 14.0977 26.71 22.4629 10.4932 7.82987 7.82939 
9.62582 14.5187 27.0899 23.1592 9.82491 7.89084 7.8906 
10.3551 16.5365 25.3522 22.182 9.73173 7.92132 7.9212 
10.522 15.6317 23.9588 23.7988 10.329 7.8799 7.87984 
11.4381 15.7412 23.1682 22.0393 11.4582 8.25231 7.90262 
11.0408 17.1528 23.4653 20.5493 11.6697 8.21031 7.91171 
11.7554 16.2503 25.1619 20.7063 9.79169 8.4217 7.91269 
10.1669 16.2134 25.6937 22.363 9.55271 8.13242 7.87791 
9.50207 15.4323 26.5678 23.1582 9.42752 8.0197 7.89244 
8.79144 15.6707 25.9102 23.9529 9.89053 7.92399 7.86036 
8.62458 14.4274 26.3879 25.4093 8.92536 8.31523 7.91028 
8.88019 14.6211 26.5273 25.1738 8.78367 8.10823 7.90576 
8.54457 14.8976 27.4427 24.0297 8.86945 8.28297 7.93298 
9.23597 14.5917 26.5543 24.6056 8.91414 8.13664 7.96165 
9.40914 13.8069 26.1764 24.5878 9.49393 8.61378 7.91203 
8.69459 14.0107 25.8064 24.6381 10.6073 8.29691 7.94604 
9.41772 14.3293 25.861 24.5725 9.8107 8.09212 7.91668 
9.85025 14.234 25.7839 23.8544 10.3038 8.03064 7.94292 
9.39163 14.0649 24.8026 25.3267 10.4869 7.98554 7.94168 
9.28899 12.5443 26.0496 26.5741 9.70539 7.92978 7.90785 
8.99773 11.7448 27.7014 26.098 9.57906 7.94499 7.93402 
9.41287 13.3662 25.89 24.9655 10.5635 7.9037 7.89822 
9.87439 13.1431 26.8985 25.2734 9.15771 7.82782 7.82508 
11.0411 13.9741 26.5661 24.1952 8.60483 7.81001 7.80864 
11.3253 13.8472 26.6076 23.839 8.65598 7.86279 7.8621 
11.1314 13.5642 25.4132 23.7685 10.4478 7.83765 7.8373 
10.3529 14.8938 23.7438 24.1183 11.075 7.90818 7.90801 
11.0878 12.9888 25.5419 24.4976 10.0941 7.89498 7.89489 
11.0146 13.3646 26.6386 24.0808 9.11831 7.89151 7.89147 
10.9619 13.955 25.3972 25.1573 8.84487 7.84186 7.84184 
11.2799 12.0033 26.2295 25.723 8.93274 7.91577 7.91576 
11.4539 10.9112 27.0683 24.4894 10.4095 7.83386 7.83385 
11.3392 10.4301 26.927 26.4029 9.15884 7.87101 7.87101 
11.1509 11.7658 25.763 26.8378 8.8575 7.81251 7.81251 
10.5069 11.2254 27.265 26.8436 8.40135 7.87886 7.87886 
11.1516 12.3151 25.2947 25.084 10.5009 7.82683 7.82683 
11.4182 11.7282 26.2343 25.3137 9.5983 7.85363 7.85363 
10.737 12.4283 26.106 25.3664 9.68742 7.83743 7.83743 
9.86443 10.1651 29.2655 26.1709 8.79466 7.86967 7.86967 
10.6585 9.97083 29.9959 25.2363 8.44761 7.84545 7.84545 
11.6127 9.53087 29.7038 25.4524 8.10081 7.79973 7.79973 
12.7357 9.92848 28.1671 25.4979 7.99062 7.84008 7.84008 
11.496 10.7335 26.6477 26.8515 8.48249 7.8944 7.8944 
11.4814 10.8334 26.6572 26.8924 8.24125 7.9472 7.9472 
11.1384 11.0985 28.2434 25.5201 8.0979 7.95087 7.95087 
11.9494 11.018 27.6633 25.6507 7.9552 7.88169 7.88169 
13.5803 10.2977 29.6063 22.6845 8.06211 7.88451 7.88451 
14.9203 10.7044 27.8113 22.5889 8.23159 7.87179 7.87179 
15.1524 10.2753 28.6749 21.756 8.1158 8.08974 7.9359 
14.4868 9.47369 28.2941 23.8861 7.98744 7.97441 7.89749 
15.3126 8.77143 29.8531 22.4618 7.88421 7.8777 7.83923 
14.7991 9.7793 28.7749 22.3096 8.60683 7.87471 7.85548 
14.9592 9.26631 29.109 22.5606 8.28219 7.91613 7.90652 
15.1091 9.94651 28.4509 22.1795 8.50077 7.90902 7.90421 
16.8466 8.95555 28.2373 21.8567 8.23269 7.93681 7.93441 
16.0945 8.72435 28.3652 22.8462 8.08895 7.94101 7.93981 
16.0591 8.21974 27.9808 24.1827 7.90204 7.82807 7.82747 
17.8962 8.37654 27.5904 21.558 8.75102 7.91404 7.91373 
18.3767 8.18827 27.0809 22.0647 8.37551 7.95702 7.95687 
17.3375 8.79027 27.3526 22.4965 8.3314 7.84591 7.84584 
17.6029 8.31363 27.4694 22.5335 8.39768 7.84145 7.84141 
17.8068 9.12993 28.6541 20.2721 8.49991 7.81858 7.81856 
15.8516 9.06088 28.7684 21.9889 8.60963 7.86024 7.86023 
18.3136 9.37809 26.8496 21.2438 8.59844 7.80824 7.80823 
19.2515 8.63226 27.7781 19.297 9.34654 7.84734 7.84733 
17.1257 8.72789 27.5655 21.8544 8.93798 7.89426 7.89426 
15.9593 8.65389 28.8715 22.0219 8.611 7.94121 7.94121 
17.3914 8.44459 28.8475 21.158 8.27609 7.94119 7.94119 
17.6663 8.19288 28.5414 21.6084 8.10863 7.94119 7.94118 
15.8064 8.54748 27.9206 23.7122 8.35699 7.82816 7.82816 
16.0822 8.44041 28.4665 23.4302 8.03652 7.7721 7.7721 
16.8024 8.60087 28.4326 22.5912 7.94575 7.81354 7.81354 
16.4078 8.222 28.9222 22.5701 8.22124 7.82834 7.82834 
16.6414 8.486 28.3673 22.5351 8.32937 7.82042 7.82042 
17.0163 8.15604 27.9518 23.1516 8.07773 7.82325 7.82325 
16.1778 8.5028 28.4302 23.0802 8.02117 7.89393 7.89393 
16.276 8.34497 28.3964 23.236 7.95795 7.89433 7.89433 
15.5879 8.04068 29.3844 23.5091 7.84717 7.81536 7.81536 
15.6152 9.18794 27.8207 23.3467 8.39286 7.8183 7.8183 
16.6211 8.49227 28.1476 23.0293 8.09473 7.80745 7.80745 
15.2947 9.48423 27.7246 23.7369 8.01562 7.87198 7.87198 
15.6883 8.83568 28.0436 23.7105 7.95518 7.88336 7.88336 
14.3006 8.32175 27.9858 24.4679 9.23284 7.84558 7.84558 
15.0367 8.10409 28.0307 24.5368 8.55964 7.86601 7.86601 
15.8049 8.12508 28.7626 23.3639 8.2124 7.86559 7.86559 
17.4409 8.06254 27.7659 22.7589 8.1062 7.93279 7.93279 
18.0499 8.98754 29.1891 19.3969 8.57205 7.90226 7.90226 
18.8687 8.40002 28.9695 19.8547 8.19228 7.85738 7.85738 
17.6939 8.3298 28.4966 21.5793 8.07844 7.91099 7.91099 
16.6032 8.04302 28.5142 23.255 7.91734 7.83361 7.83361 
17.2611 7.92324 27.8409 23.4772 7.8604 7.81854 7.81854 
18.6008 8.2771 28.6526 21.1136 7.79925 7.77832 7.77832 
18.1961 8.27965 26.7496 23.1335 7.88735 7.87689 7.87689 
18.7904 8.13983 25.9902 23.2591 7.94368 7.93844 7.93844 
19.1555 8.00827 29.9472 19.1638 7.91019 7.90758 7.90758 
19.4876 8.35849 29.2378 19.3416 7.859 7.85769 7.85769 
19.7438 8.17924 29.4761 18.8137 7.9295 7.92885 7.92885 
21.1814 8.85153 26.7916 19.6747 7.8338 7.83347 7.83347 
23.0503 8.30926 26.8262 18.4134 7.80039 7.80023 7.80023 
22.2394 8.1919 27.5435 18.6787 7.78218 7.7821 7.7821 
19.881 8.02344 29.4817 19.1581 7.81858 7.81854 7.81854 
19.5791 7.92738 30.4035 18.6152 7.82496 7.82493 7.82493 
21.3169 7.85418 27.5937 19.8263 7.80297 7.80296 7.80296 
22.2086 7.87846 27.7786 18.5758 7.85285 7.85285 7.85285 
22.1781 8.63722 28.4866 17.3416 7.78549 7.78548 7.78548 
22.2181 8.18958 27.1465 19.1547 7.76371 7.76371 7.76371 
22.2873 9.07968 29.1322 16.0728 7.80935 7.80935 7.80935 
22.0527 8.47923 28.2025 17.7334 7.84407 7.84407 7.84407 
22.7911 8.10959 27.1043 18.619 7.792 7.792 7.792 
25.0583 7.97921 27.9417 15.5595 7.82042 7.82042 7.82042 
24.3753 7.98961 27.3555 16.549 7.91021 7.91021 7.91021 
26.0102 7.91972 26.8177 15.6124 7.88002 7.88002 7.88002 
28.0553 8.80936 28.1246 11.6523 7.78616 7.78616 7.78616 
26.2918 9.12166 30.4145 10.3859 8.13836 7.8239 7.8239 
27.0778 8.7404 29.4487 11.2301 7.93915 7.78192 7.78192 
27.0358 8.81805 28.9882 11.4433 7.95731 7.87869 7.87869 
24.7455 8.30124 31.1108 12.3085 7.87087 7.83156 7.83156 
24.7988 8.1447 29.4608 13.8465 7.92952 7.90986 7.90986 
25.4153 8.5168 27.905 14.3836 7.93301 7.92319 7.92319 
25.5731 8.20577 27.6952 14.7941 7.91387 7.90896 7.90896 
22.9404 8.56442 28.7707 15.8586 7.95694 7.95448 7.95448 
23.3897 8.15218 28.7816 16.1336 7.84844 7.84721 7.84721 
