5 80000 300 266
14 14 14 14 14 14 14 
18.5979 14.3454 14.732 14.9897 14.3454 10.9948 10.9948 
16.5805 16.1533 15.9825 16.3541 15.6678 9.38092 9.38092 
16.5628 17.809 16.872 16.2062 15.1332 8.5834 8.5834 
14.248 17.4964 19.6532 16.5757 15.4425 8.22965 8.22965 
13.1373 17.3228 19.6262 16.9738 16.8526 8.01237 8.01237 
11.4524 18.1963 20.5108 17.3241 16.5659 7.95968 7.95968 
10.7788 17.2034 20.6764 18.5568 16.8092 7.97984 7.97984 
10.1251 16.7515 20.5805 18.6396 17.9861 7.95468 7.95468 
11.1373 15.3851 20.8043 19.9507 16.8202 7.9493 7.9493 
10.2666 16.6411 20.5811 20.2662 16.4638 7.88964 7.88964 
10.4249 17.8238 19.4698 20.9322 15.4673 7.9405 7.9405 
11.1215 16.071 19.394 20.1252 17.3927 7.94752 7.94752 
10.4559 15.3781 19.7203 21.368 17.2045 7.93647 7.93647 
9.21427 15.5478 21.4775 21.1623 16.6888 7.95457 7.95457 
8.83088 16.3356 20.0995 22.5675 16.2211 7.97272 7.97272 
8.83404 14.7957 20.2823 22.9116 17.2966 7.93985 7.93985 
8.9731 14.8745 22.4075 22.2035 15.6577 7.94189 7.94189 
8.41265 14.5966 23.7904 23.2265 14.1799 7.89704 7.89704 
8.12581 16.1966 22.4884 23.7954 13.6577 7.86801 7.86801 
8.06724 16.2152 23.6901 24.5601 11.8072 7.83011 7.83011 
8.13561 15.4247 22.9315 25.6947 12.0012 7.90619 7.90619 
8.61326 16.5815 23.2174 22.8252 12.8742 7.94422 7.94422 
8.75869 18.1081 22.111 22.5998 12.4873 7.96755 7.96755 
9.32316 16.3574 24.2016 22.0864 12.1987 7.91636 7.91636 
9.53094 16.3735 23.9773 22.6822 11.6813 7.87742 7.87742 
9.52737 16.0099 23.0997 23.6994 11.8497 7.90696 7.90696 
10.2557 16.815 22.1906 23.6346 11.4169 7.84364 7.84364 
9.09609 16.6841 23.1134 23.4953 11.8309 7.89007 7.89007 
8.56696 16.8527 25.0319 23.0952 10.7618 7.84575 7.84575 
8.81912 16.2017 23.963 22.6707 12.5083 7.91855 7.91855 
8.40472 14.7595 22.9985 24.8947 13.0338 7.95443 7.95443 
8.49157 14.9778 22.8963 24.5797 13.2571 7.89879 7.89879 
8.60358 14.8283 22.6867 24.5605 13.624 7.84848 7.84848 
8.75144 13.7374 22.3504 24.9266 14.4232 7.9055 7.9055 
9.9937 14.6215 22.2988 23.924 13.3914 7.88534 7.88534 
10.7839 16.3385 19.9457 23.0731 14.1031 7.87785 7.87785 
10.1817 15.6459 21.071 23.6861 13.5936 7.91089 7.91089 
10.0677 15.9248 19.9105 23.0699 15.2459 7.89063 7.89063 
9.76197 14.5818 21.3028 24.6555 14.0059 7.84602 7.84602 
8.99863 14.7027 23.4749 23.5042 13.4735 7.92301 7.92301 
8.6473 14.7504 24.6298 23.1871 13.0148 7.88527 7.88527 
9.04063 13.8611 25.8762 23.5039 12.0499 7.83415 7.83415 
10.1301 13.15 24.7674 23.8251 12.4883 7.81951 7.81951 
11.6688 12.7071 25.8271 22.6437 11.5508 7.80127 7.80127 
11.672 12.5718 25.6039 24.0122 10.4708 7.83464 7.83464 
10.2199 14.1058 25.0057 23.9729 11.0411 7.82727 7.82727 
11.4532 12.6499 26.8064 22.8074 10.4957 7.89374 7.89374 
11.1422 13 25.6198 22.6127 11.9229 7.85115 7.85115 
11.4747 13.488 24.7376 22.8726 11.6241 7.90148 7.90148 
11.253 13.3387 25.0786 22.8272 11.6873 7.90757 7.90757 
11.3165 13.0858 25.8565 22.1884 11.6548 7.94894 7.94894 
10.835 12.351 26.1858 23.3417 11.5092 7.88861 7.88861 
9.91874 11.5283 27.4481 22.9847 12.4456 7.83725 7.83725 
9.52668 11.6536 27.7866 23.8722 11.3911 7.88497 7.88497 
10.933 11.2252 26.6182 23.6327 11.7367 7.92706 7.92706 
10.479 11.2517 25.3392 25.0996 12.134 7.84824 7.84824 
10.4163 10.6764 26.5585 25.0498 11.6226 7.83826 7.83826 
10.9043 12.8065 26.0641 23.7907 10.748 7.84318 7.84318 
10.5517 12.8709 25.2211 24.4575 11.0954 7.90169 7.90169 
10.7876 12.2097 26.915 24.5647 9.74717 7.88785 7.88785 
10.9357 12.0162 27.3738 23.1198 10.7849 7.88481 7.88481 
11.2223 11.2511 27.2419 24.0919 10.3797 7.9066 7.9066 
11.8612 10.5735 26.3813 24.5459 10.919 7.85955 7.85955 
11.4861 10.5839 27.015 25.5805 9.72307 7.80574 7.80574 
11.4975 11.43 26.9346 24.8107 9.59299 7.86707 7.86707 
12.2303 10.4769 27.6207 24.4424 9.42613 7.90179 7.90179 
13.5778 10.2136 26.7457 24.1615 9.43943 7.93099 7.93099 
13.4556 10.4154 27.5704 23.5622 9.16416 7.91611 7.91611 
12.6025 10.8213 26.4484 24.9665 9.41237 7.87451 7.87451 
12.4346 10.344 26.5575 25.5499 9.23952 7.93725 7.93725 
12.3731 10.3227 26.4697 25.7147 9.39363 7.8631 7.8631 
11.4629 10.4378 25.9233 26.5508 9.9732 7.82602 7.82602 
10.0904 11.1163 26.6796 25.5831 10.7558 7.88737 7.88737 
10.0321 10.4138 27.7755 25.5212 10.496 7.88069 7.88069 
11.092 10.1436 28.065 24.5328 10.4379 7.8644 7.8644 
12.1942 9.36543 30.376 22.7927 9.65108 7.81031 7.81031 
13.0304 9.34938 28.6547 23.663 9.4922 7.90516 7.90516 
14.0152 9.27995 29.9852 22.0947 8.82505 7.89995 7.89995 
15.1016 9.20917 28.9613 22.2745 8.72062 7.86642 7.86642 
13.9864 8.8125 29.3321 23.0184 9.06328 7.89361 7.89361 
16.4097 9.18079 27.3982 22.5172 8.64305 7.92558 7.92558 
15.1686 9.04722 29.5765 22.1221 8.36052 7.86251 7.86251 
14.1417 9.16842 29.8156 22.6731 8.41523 7.89301 7.89301 
13.3895 9.52926 28.0946 24.2486 8.87795 7.93002 7.93002 
13.0134 9.2976 28.333 24.4869 8.97194 7.94853 7.94853 
14.168 9.75633 27.6074 23.937 8.78705 7.87211 7.87211 
12.9106 9.48521 29.2508 23.3506 9.27157 7.8656 7.8656 
12.2843 9.40582 29.1332 24.2401 9.299 7.81881 7.81881 
12.2195 9.67528 29.0694 24.2747 9.20751 7.77681 7.77681 
12.7855 10.0148 27.6137 25.0801 8.82719 7.83936 7.83936 
13.2942 10.2186 27.0463 24.7936 8.92064 7.86334 7.86334 
12.7874 10.3725 28.2892 24.0927 8.70008 7.87904 7.87904 
11.8535 10.215 28.0814 24.8337 9.37878 7.81883 7.81883 
12.2117 9.29743 29.5435 24.009 9.29833 7.82003 7.82003 
13.0661 9.62031 27.6979 24.9307 8.91053 7.88729 7.88729 
14.1223 9.42325 27.837 24.6677 8.32431 7.81269 7.81269 
15.2765 9.81077 26.6664 24.0902 8.41145 7.87235 7.87235 
15.214 9.45084 28.1817 22.9542 8.44815 7.87557 7.87557 
15.2993 8.71402 30.0453 21.876 8.21268 7.92639 7.92639 
14.6329 8.82629 29.5478 22.5302 8.71528 7.87381 7.87381 
15.5798 9.3151 28.0792 23.0298 8.27921 7.85847 7.85847 
14.8886 9.28718 27.7742 24.1692 8.30627 7.78726 7.78726 
14.793 9.83091 29.5931 22.1711 8.04363 7.78412 7.78412 
16.3251 8.7845 29.0823 22.2462 8.03967 7.76111 7.76111 
15.079 8.57093 30.1031 22.3623 8.3426 7.77104 7.77104 
14.6823 8.89856 29.6349 23.0859 8.18916 7.75457 7.75457 
15.7749 8.96735 28.0705 23.4406 8.16084 7.79295 7.79295 
15.4806 9.498 28.2186 23.3249 7.94862 7.76467 7.76467 
15.3836 8.88913 28.759 22.9682 8.27367 7.86323 7.86323 
16.2247 8.33678 27.2537 24.3583 8.17875 7.82383 7.82383 
16.6558 8.37007 28.7529 22.5433 8.01094 7.83348 7.83348 
16.0202 8.17364 27.4819 23.095 9.41858 7.90535 7.90535 
16.3191 8.46 28.3182 21.8974 9.22824 7.88853 7.88853 
16.664 8.18894 27.5022 22.6789 9.15957 7.90321 7.90321 
16.1398 8.44883 28.7661 22.4506 8.48369 7.85551 7.85551 
14.9614 8.47661 28.6059 23.9819 8.20079 7.8867 7.8867 
15.4075 8.81148 28.3274 23.5763 8.06381 7.90676 7.90676 
14.9924 9.21623 28.5952 23.0126 8.40508 7.88924 7.88924 
16.6425 9.02885 28.322 22.0246 8.16596 7.90804 7.90804 
17.8068 8.53372 29.1128 20.9802 7.9415 7.81254 7.81254 
18.5586 8.5772 28.8667 20.3177 7.93627 7.87179 7.87179 
19.0153 9.07408 28.1297 20.0598 7.92853 7.89629 7.89629 
19.4765 8.43112 28.5508 19.9988 7.85835 7.84223 7.84223 
20.695 8.22791 29.7075 18.0241 7.7872 7.77914 7.77914 
22.1122 8.36232 30.2132 15.8748 7.81517 7.81114 7.81114 
22.413 8.16346 29.1184 16.6395 7.88988 7.88787 7.88787 
21.9592 8.02438 29.4338 16.7427 8.06681 7.88659 7.88659 
21.757 8.0758 28.6745 17.912 7.92033 7.83022 7.83022 
24.2433 8.12595 27.702 16.3459 7.89098 7.84593 7.84593 
23.074 8.18996 29.2478 15.6333 8.07248 7.89122 7.89122 
23.6309 8.42711 28.1618 15.9394 8.00736 7.91673 7.91673 
24.0796 8.14437 28.3891 15.6741 7.9345 7.88918 7.88918 
22.4628 8.45285 27.6387 17.8068 7.89474 7.87208 7.87208 
21.6055 8.30806 27.4248 18.5973 8.36914 7.84761 7.84761 
22.1503 8.40935 30.0244 15.6816 8.08528 7.82451 7.82451 
21.8821 8.09516 29.5655 16.9186 7.93313 7.80275 7.80275 
23.1285 8.11008 28.5328 16.7406 7.87281 7.80762 7.80762 
23.9846 8.19517 27.3237 16.8098 7.9173 7.8847 7.8847 
23.1936 8.15603 28.5969 16.5218 7.85475 7.83846 7.83846 
23.1724 7.93653 29.2502 16.2995 7.7859 7.77775 7.77775 
23.4674 7.92866 28.8165 16.2355 7.85334 7.84927 7.84927 
21.8283 7.90755 28.1307 18.5279 7.86989 7.86785 7.86785 
21.0135 8.25841 29.1316 17.5421 8.23958 7.90744 7.90744 
20.5396 8.40552 29.8618 17.3237 8.06716 7.90109 7.90109 
19.4181 8.30371 28.3379 20.176 7.9768 7.89376 7.89376 
19.406 8.69731 29.472 18.5729 8.07931 7.88627 7.88627 
20.146 8.30435 28.3436 19.413 7.99535 7.89883 7.89883 
21.1274 8.06374 27.6072 19.5705 7.90924 7.86098 7.86098 
21.0742 7.93577 28.6684 18.7942 7.85852 7.83439 7.83439 
20.5055 7.92358 28.8912 19.049 7.88496 7.87289 7.87289 
19.4809 7.82085 28.8751 20.4305 7.80154 7.79551 7.79551 
20.6729 7.76895 28.1032 20.1831 7.75929 7.75627 7.75627 
19.9519 7.87856 27.9569 20.5945 7.87373 7.87222 7.87222 
20.5279 8.16006 28.1018 19.7128 7.83297 7.83221 7.83221 
20.9523 8.06554 28.7248 18.1898 8.26431 7.90161 7.90161 
23.5134 7.90096 28.9756 15.9717 8.00035 7.819 7.819 
24.4303 8.11715 28.7239 14.9303 7.99323 7.90256 7.90256 
24.4374 8.31783 30.4731 13.2059 7.8855 7.84017 7.84017 
23.3477 8.02988 32.3333 12.8933 7.81372 7.79105 7.79105 
25.4612 8.00165 29.2896 13.5895 7.89357 7.88224 7.88224 
25.542 7.91542 28.8797 14.0901 7.86138 7.85571 7.85571 
26.0006 9.21063 27.4749 13.4653 8.21084 7.81891 7.81891 
26.594 8.51156 28.5812 12.3576 8.32417 7.8157 7.8157 
24.8726 8.1143 29.2424 14.2174 8.02061 7.76637 7.76637 
24.103 8.13123 30.7323 13.5902 7.89919 7.77207 7.77207 
24.9798 7.95969 31.7213 11.9353 7.84368 7.78012 7.78012 
25.1737 8.20779 30.0151 13.3206 7.78213 7.75035 7.75035 
25.1809 8.05126 29.1053 14.1791 7.83843 7.82255 7.82255 
25.3773 7.96006 28.4871 14.6305 7.85364 7.8457 7.8457 
26.237 8.01229 29.4048 12.9604 7.79779 7.79382 7.79382 
25.1934 7.91771 28.648 14.8135 7.81046 7.80847 7.80847 
26.5252 8.066 29.1454 12.7639 7.8338 7.83281 7.83281 
27.0803 8.0216 29.3875 11.7951 7.9055 7.90501 7.90501 
28.1704 7.86932 29.1632 11.3638 7.81127 7.81102 7.81102 
29.1389 7.87731 28.9185 10.5206 7.84829 7.84816 7.84816 
29.8428 7.79718 29.7326 9.11882 7.94344 7.7826 7.7826 
30.1898 8.09322 29.7992 8.58625 7.83078 7.75036 7.75036 
29.6 7.97152 29.746 9.24193 7.8403 7.8001 7.8001 
27.4866 7.86636 29.4999 11.7851 7.80075 7.78064 7.78064 
28.6167 7.88888 28.1993 11.747 7.85607 7.84602 7.84602 
28.8594 7.81441 28.6507 11.2915 7.798 7.79298 7.79298 
29.7258 7.85457 28.4701 10.4155 7.84637 7.84386 7.84386 
28.4046 8.09395 30.3809 9.3744 7.91624 7.91498 7.91498 
28.0181 8.65224 29.1707 10.4438 7.90549 7.90486 7.90486 
27.6454 8.52192 29.6203 10.8163 7.7989 7.79858 7.79858 
27.097 8.24326 30.0019 11.0129 7.88175 7.88159 7.88159 
28.3895 8.00856 29.6653 10.4534 7.8278 7.82772 7.82772 
28.7402 8.00428 29.1963 10.3176 7.9139 7.91386 7.91386 
25.4812 7.97039 30.7886 11.9842 7.9252 7.92518 7.92518 
26.2454 7.84372 29.0599 13.3876 7.82112 7.82111 7.82111 
27.5964 7.86923 28.3457 12.6149 7.85793 7.85793 7.85793 
28.3677 7.90812 28.0802 11.9366 7.90247 7.90247 7.90247 
28.3505 7.95406 29.2067 10.6349 7.95124 7.95124 7.95124 
27.6984 8.06956 29.7279 10.8335 7.89021 7.89021 7.89021 
25.9816 7.89507 30.8566 11.8506 7.8054 7.8054 7.8054 
27.4859 8.0192 29.5977 11.4627 7.81149 7.81149 7.81149 
28.2381 7.91839 28.4796 11.9203 7.81454 7.81454 7.81454 
28.2767 7.90185 28.9352 11.3365 7.84992 7.84992 7.84992 
28.8899 7.83291 29.5297 10.3266 7.80695 7.80695 7.80695 
27.3899 7.79995 30.4606 10.9886 7.78697 7.78697 7.78697 
27.217 7.83079 28.7523 12.727 7.8243 7.8243 7.8243 
25.1193 7.87223 29.3042 14.0973 7.86899 7.86899 7.86899 
25.8147 7.79518 29.7528 13.2567 7.79355 7.79355 7.79355 
25.8881 7.74374 29.9405 13.1989 7.74293 7.74293 7.74293 
26.7428 7.93031 28.7689 13.2553 7.76757 7.76757 7.76757 
25.7918 7.94605 28.7157 13.9525 7.86468 7.86468 7.86468 
25.8852 7.88761 27.703 14.8054 8.02486 7.84693 7.84693 
25.3947 7.9668 28.2193 14.6824 8.22699 7.75488 7.75488 
24.5097 7.86689 28.6728 15.4318 7.99699 7.76094 7.76094 
23.6519 8.16139 30.8805 13.9659 7.85879 7.74076 7.74076 
24.8622 8.04109 30.4568 13.0886 7.88979 7.83078 7.83078 
25.9446 7.90568 29.4176 13.301 7.83003 7.80052 7.80052 
25.8654 8.19812 30.1176 12.3109 7.84583 7.83108 7.83108 
25.1844 8.07257 29.6283 13.4402 7.89643 7.88905 7.88905 
25.1784 8.0018 30.3314 12.7546 7.91373 7.91004 7.91004 
27.2091 7.94827 29.7856 11.3481 7.90423 7.90239 7.90239 
28.3527 8.29068 29.4611 10.1704 7.90895 7.90803 7.90803 
26.514 8.47435 30.7479 9.41422 8.28348 8.28302 8.28302 
27.7498 8.585 28.7797 10.3231 8.30841 8.12702 8.12702 
26.3749 8.15279 28.9119 12.6983 8.0145 7.9238 7.9238 
25.3388 8.45887 30.7906 11.3292 8.19052 7.94596 7.94596 
25.5135 9.04595 27.5513 11.8573 8.91177 8.56014 8.56014 
26.0901 8.46237 29.2302 11.3832 8.39528 8.21946 8.21946 
24.444 9.41253 26.7913 11.3911 9.37899 9.29108 9.29108 
24.4538 9.2127 28.8463 10.6312 8.98134 8.93738 8.93738 
24.4785 9.07655 28.8271 11.2758 9.45756 8.4422 8.4422 
25.013 8.55287 30.2895 11.4773 8.5609 8.05322 8.05322 
25.827 8.33049 29.6235 12.1093 8.3345 7.88761 7.88761 
24.6223 8.4374 28.7358 14.2825 8.12295 7.8995 7.8995 
24.853 8.06485 28.7492 14.8336 7.90763 7.79591 7.79591 
24.4128 7.97078 28.9294 15.1223 7.89217 7.83631 7.83631 
24.795 7.8861 30.7767 13.0576 7.84679 7.81886 7.81886 
23.678 7.90646 31.0896 13.6934 7.88681 7.87285 7.87285 
24.1654 7.94629 29.7809 14.312 7.93646 7.92948 7.92948 
24.4538 7.92503 29.8389 14.0288 7.92012 7.91663 7.91663 
25.1012 7.85473 29.141 14.3498 7.85228 7.85053 7.85053 
26.7879 7.82567 29.3163 12.5986 7.82444 7.82357 7.82357 
28.6936 7.85605 28.8537 11.0312 7.85544 7.855 7.855 
29.2241 7.91576 27.7704 11.3438 7.91545 7.91523 7.91523 
26.7549 7.88645 31.0281 10.3148 8.24344 7.88619 7.88619 
27.1956 7.94322 30.9686 9.88465 8.12172 7.94309 7.94309 
27.3787 7.85854 31.7387 9.35929 7.94779 7.85847 7.85847 
28.0907 7.81276 30.2706 10.3431 7.85739 7.81273 7.81273 
29.2969 7.8372 28.6573 10.6747 7.85951 7.83718 7.83718 
28.4031 7.82195 29.7562 10.5418 7.8331 7.82194 7.82194 
27.753 7.80505 29.9871 11.0341 7.81063 7.80505 7.80505 
27.1011 7.88803 30.0298 11.3142 7.89082 7.88803 7.88803 
27.1869 7.92129 28.6513 12.4753 7.92268 7.92129 7.92129 
23.9256 8.75769 28.9013 13.8022 8.94289 7.83518 7.83518 
24.3321 8.2116 29.259 14.3924 8.3042 7.75034 7.75034 
25.5382 8.17557 28.3892 14.1729 8.22187 7.75114 7.75114 
24.597 8.03044 27.4562 16.2263 8.05359 7.81822 7.81822 
24.2726 7.89871 29.5857 14.7474 7.91029 7.79261 7.79261 
26.2389 7.97866 27.9797 14.5166 7.8013 7.74246 7.74246 
26.638 8.0634 28.8047 13.1842 7.78954 7.76012 7.76012 
25.6378 8.01721 30.7067 11.6646 8.24259 7.86557 7.86557 
26.4219 7.8689 30.7945 11.347 7.98159 7.79308 7.79308 
25.7571 7.80899 31.0799 11.9466 7.86533 7.77108 7.77108 
26.5293 7.87275 28.8733 13.1161 7.90092 7.85379 7.85379 
26.4591 7.92943 29.7144 12.1136 7.94352 7.91995 7.91995 
24.1184 8.63138 29.0794 12.9457 8.4162 8.40442 8.40442 
24.9624 8.25834 28.6974 13.6413 8.15075 8.14486 8.14486 
24.0072 8.67463 29.2838 13.8012 8.29616 7.96854 7.96854 
25.2006 8.24066 29.8835 12.6627 8.2373 7.88761 7.88761 
25.3866 8.12796 30.7815 11.6748 8.31712 7.7606 7.95144 
26.9348 7.93395 29.787 11.7198 8.02853 7.75027 7.84569 
14 14 14 14 14 14 14 
14.9515 16.434 15.6253 16.0296 14.1429 10.9084 10.9084 
13.647 18.7963 16.7547 17.0828 14.5022 9.35846 9.35846 
11.7647 18.9276 18.3774 18.6591 14.6628 8.67923 8.67923 
10.9531 20.077 18.7406 19.2352 14.4069 8.23112 8.23112 
11.3378 20.4452 19.0593 19.6654 13.3039 8.06293 8.06293 
10.8143 22.1913 18.7019 18.7813 13.5871 7.94645 7.94645 
9.94176 21.5968 18.6588 19.4145 14.5501 7.91117 7.91117 
9.70061 20.3705 19.4645 19.5045 15.1579 7.89703 7.89703 
9.76834 18.9674 22.7299 19.7054 12.9654 7.92978 7.92978 
10.6576 18.9608 21.6046 20.0924 12.9097 7.88646 7.88646 
10.4424 19.1395 19.6659 20.0462 14.8639 7.9205 7.9205 
10.8432 19.2588 18.565 21.0279 14.4894 7.90762 7.90762 
11.2382 20.4795 17.6718 20.9166 13.9561 7.8688 7.8688 
9.8141 19.1967 19.1533 21.1159 14.9146 7.90265 7.90265 
8.85442 21.5501 19.0065 19.5492 15.2424 7.8987 7.8987 
8.68253 21.8862 20.969 18.6398 14.1224 7.85006 7.85006 
8.88672 22.534 21.0527 18.2972 13.4248 7.9023 7.9023 
8.34091 21.6233 20.2145 19.9504 14.1734 7.8487 7.8487 
9.53958 20.9906 19.3914 20.6016 13.7981 7.83934 7.83934 
8.75106 20.2143 19.5318 22.2446 13.4564 7.90093 7.90093 
8.26569 19.947 20.1778 21.3054 14.623 7.84063 7.84063 
8.7095 20.271 19.471 21.6367 14.2909 7.81047 7.81047 
8.95381 19.3336 19.995 21.9032 14.2209 7.79675 7.79675 
9.00127 20.9197 20.6703 19.4203 14.303 7.84269 7.84269 
9.87446 19.9225 20.0314 19.6401 14.745 7.89331 7.89331 
9.42441 19.1493 21.3405 20.8243 13.4622 7.89964 7.89964 
10.1496 17.8489 22.4906 20.1048 13.7051 7.85053 7.85053 
9.8693 18.5135 22.09 18.8424 14.8434 7.9207 7.9207 
9.43811 16.0697 21.4376 21.3149 15.9667 7.88645 7.88645 
9.44061 15.662 22.099 21.3112 15.6105 7.93838 7.93838 
9.75543 15.9106 22.1736 20.0233 16.2362 7.95046 7.95046 
9.78843 16.9955 21.2431 20.1679 16.0422 7.88148 7.88148 
10.9329 17.0726 20.6457 19.625 15.8713 7.92625 7.92625 
9.65248 17.6061 21.7182 20.9753 14.2147 7.91661 7.91661 
10.9605 17.4836 20.5813 21.1358 14.0518 7.89349 7.89349 
10.1423 18.9982 19.265 21.174 14.6017 7.90945 7.90945 
9.26777 18.9715 22.1025 20.6589 13.1761 7.91156 7.91156 
9.17934 16.8721 24.1194 21.2386 12.7244 7.93305 7.93305 
9.07243 16.2522 24.9333 21.6538 12.3392 7.87457 7.87457 
10.0397 16.6741 22.1856 22.0681 13.1954 7.91855 7.91855 
11.5892 15.2714 22.5283 20.6448 14.2619 7.85222 7.85222 
12.2761 16.432 22.2595 19.8131 13.4967 7.86129 7.86129 
12.3433 17.1659 19.7217 20.8851 14.1469 7.86859 7.86859 
12.2893 17.5241 19.6255 20.4425 14.2499 7.9343 7.9343 
11.7272 19.3203 20.1283 19.5659 13.557 7.85064 7.85064 
10.7536 20.4181 20.3331 19.1962 13.6245 7.8373 7.8373 
10.2155 19.4256 21.8025 20.1972 12.6878 7.8357 7.8357 
10.9411 18.7604 22.687 20.0986 11.8201 7.84642 7.84642 
11 16.792 23.4611 20.5199 12.3806 7.92321 7.92321 
12.9627 16.1074 24.4171 18.9664 11.663 7.94171 7.94171 
14.491 15.8207 23.8591 18.9492 11.1713 7.85435 7.85435 
13.0928 16.8602 23.8627 18.6632 11.7909 7.86512 7.86512 
13.8256 16.0673 23.7452 18.5201 12.1007 7.87051 7.87051 
13.2223 15.5337 25.5631 18.5458 11.4075 7.86383 7.86383 
14.3132 14.8375 24.0189 20.6365 10.5017 7.84605 7.84605 
13.0239 15.4545 25.2748 19.5019 10.9907 7.87711 7.87711 
12.8092 15.2839 24.3502 20.5822 11.2888 7.84284 7.84284 
14.4199 13.8761 23.1166 22.1232 10.7334 7.86544 7.86544 
14.1653 13.8934 22.3194 23.0038 10.8785 7.86973 7.86973 
13.5343 13.3983 23.4426 21.9238 11.8909 7.90509 7.90509 
13.1421 12.1992 23.7213 22.7119 12.3204 7.95254 7.95254 
13.0431 12.8255 24.4241 22.3965 11.4902 7.91028 7.91028 
13.0326 12.8009 25.7256 21.1491 11.519 7.88634 7.88634 
14.9759 12.2086 25.3628 20.8018 10.9363 7.85731 7.85731 
14.9048 10.9636 25.3412 20.8869 12.1178 7.89285 7.89285 
14.5268 10.1581 27.5387 20.6353 11.3347 7.90326 7.90326 
15.1514 10.1681 27.637 20.2413 11.0108 7.89565 7.89565 
14.0024 10.8681 26.672 22.2029 10.3897 7.9324 7.9324 
14.5142 10.2268 27.8438 21.0755 10.6353 7.85221 7.85221 
13.8561 10.0626 28.262 22.8474 9.25165 7.86012 7.86012 
13.4047 10.0831 28.2502 24.118 8.51184 7.81607 7.81607 
13.2777 10.1101 29.1936 23.4289 8.22852 7.88064 7.88064 
14.0088 9.82382 28.7586 23.7087 8.01599 7.84205 7.84205 
16.0018 9.28209 29.5464 21.3659 7.99257 7.9056 7.9056 
17.757 9.11259 28.4588 20.439 8.46783 7.88234 7.88234 
17.6252 9.38658 27.0232 21.7078 8.54201 7.85762 7.85762 
16.4007 8.62283 28.2812 22.3715 8.60705 7.85835 7.85835 
16.4648 9.40783 26.9505 22.8937 8.43576 7.92366 7.92366 
16.5657 10.2595 25.9091 23.0871 8.31841 7.93009 7.93009 
16.7935 10.7148 27.5822 20.8521 8.14857 7.9544 7.9544 
15.386 11.137 27.3664 21.9852 8.37536 7.87505 7.87505 
14.8952 11.6627 27.6721 20.6879 9.45084 7.81564 7.81564 
14.6091 11.4303 27.5079 20.7606 10.064 7.81407 7.81407 
14.4278 10.9206 27.7266 21.0652 10.1005 7.87964 7.87964 
14.1105 9.9696 28.85 21.5406 9.69215 7.9186 7.9186 
13.476 10.4493 28.6327 22.7921 8.80782 7.92105 7.92105 
14.2183 9.68658 28.6208 22.2885 9.39079 7.89753 7.89753 
15.291 8.73939 29.2455 21.9235 9.11098 7.84487 7.84487 
15.8872 9.31475 28.6337 21.4013 8.95109 7.90595 7.90595 
17.3537 8.87086 28.3618 21.2344 8.40813 7.88556 7.88556 
16.1113 9.24593 28.4666 22.1332 8.2857 7.87864 7.87864 
15.5627 10.147 28.9642 21.1233 8.39214 7.90533 7.90533 
15.451 11.4157 26.8715 22.2135 8.17837 7.93496 7.93496 
15.8372 11.293 26.2017 21.8781 8.87642 7.95684 7.95684 
15.6671 10.7634 27.2821 21.1729 9.26277 7.92579 7.92579 
16.2168 9.57334 28.3117 21.6643 8.5236 7.85511 7.85511 
17.0939 8.98957 29.5182 20.5423 8.17484 7.8406 7.8406 
17.2679 9.14595 28.4219 21.3177 8.15719 7.84472 7.84472 
17.6083 9.84363 27.0315 21.0577 8.637 7.91096 7.91096 
16.933 9.36967 28.5464 20.4982 8.76635 7.94321 7.94321 
16.4547 9.56649 28.0306 21.3438 8.67312 7.96569 7.96569 
16.8978 9.84105 28.1771 21.0765 8.23829 7.88458 7.88458 
15.8402 9.26835 28.2915 22.2774 8.6119 7.85533 7.85533 
15.2003 9.44187 28.7062 21.853 8.97628 7.91118 7.91118 
17.4872 8.81698 28.3361 21.096 8.44294 7.91039 7.91039 
18.3211 8.91553 28.3934 20.4071 8.16513 7.89886 7.89886 
17.976 9.00322 27.8331 21.2229 8.07706 7.94392 7.94392 
17.7572 9.11699 28.8396 20.3037 8.03853 7.97196 7.97196 
17.427 9.07463 29.4198 20.4744 7.89023 7.85695 7.85695 
16.9268 8.4278 29.9837 21.1882 7.83561 7.81896 7.81896 
17.6116 8.47258 29.5029 20.8465 7.86102 7.8527 7.8527 
18.2859 8.21182 29.1245 20.6679 7.90605 7.90188 7.90188 
18.7238 8.74663 26.9874 22.0106 7.84524 7.84316 7.84316 
18.0509 8.94649 27.9754 21.3711 7.88603 7.88499 7.88499 
18.9311 8.56129 28.4531 20.1195 8.1883 7.87331 7.87331 
19.8757 8.22386 28.8953 19.0503 8.1951 7.87987 7.87987 
20.7071 8.26578 28.4477 18.6021 8.09755 7.93994 7.93994 
20.2914 8.01488 29.4412 18.6178 7.93076 7.85196 7.85196 
22.22 8.03221 28.9621 17.3584 7.83535 7.79595 7.79595 
21.3701 8.35136 29.0764 17.2052 8.39744 7.79971 7.79971 
22.8604 8.07179 28.3369 17.0442 8.09483 7.79596 7.79596 
20.2352 8.12394 28.6339 19.3711 7.97823 7.8288 7.8288 
19.4082 8.62278 29.8575 18.3004 8.21209 7.79953 7.79953 
19.9734 8.52015 29.9119 17.7361 8.3148 7.77182 7.77182 
20.2908 8.31413 29.483 18.3275 8.04253 7.77105 7.77105 
21.53 8.15706 29.3569 16.8561 8.32896 7.88552 7.88552 
22.0693 7.99158 30.6205 15.5295 8.07752 7.8558 7.8558 
23.4141 7.85431 30.7443 14.5172 7.89728 7.78642 7.78642 
24.5317 7.82326 30.4696 13.7521 7.84475 7.78932 7.78932 
24.4717 7.88222 30.3818 13.6407 7.89296 7.86525 7.86525 
24.7746 7.81108 30.2064 13.7863 7.81645 7.80259 7.80259 
25.3873 7.90554 29.9365 13.0598 7.90822 7.9013 7.9013 
27.047 7.89599 29.1639 12.2081 7.89733 7.89387 7.89387 
27.0548 7.90839 28.4433 12.8697 7.90906 7.90733 7.90733 
26.8607 7.98928 27.7304 13.9787 7.81418 7.81331 7.81331 
27.29 8.38061 28.4266 12.6034 7.76674 7.76631 7.76631 
28.1028 8.10597 29.7254 10.6692 7.79903 7.79882 7.79882 
28.435 7.99134 29.7599 10.3003 7.83787 7.83776 7.83776 
29.2884 7.89638 29.2417 10.1147 7.81965 7.81959 7.81959 
28.2135 8.07798 30.1076 9.92461 7.89212 7.8921 7.8921 
29.1569 8.21959 29.4351 9.8118 7.79222 7.7922 7.7922 
28.354 8.02136 28.8332 11.3685 7.80767 7.80767 7.80767 
26.7999 8.76478 30.3182 10.2744 8.16613 7.83826 7.83826 
28.3681 8.36328 29.1719 10.2327 8.06396 7.90002 7.90002 
27.6889 8.04016 28.4123 12.3511 7.8905 7.80853 7.80853 
27.6778 8.02008 29.2061 11.0089 8.27858 7.90427 7.90427 
26.4913 8.43077 30.4567 10.6874 8.10271 7.91555 7.91555 
25.7012 8.12998 30.5309 11.9273 7.96594 7.87236 7.87236 
27.2857 8.45829 28.2361 11.6122 8.16707 8.12028 8.12028 
26.4499 8.79055 28.8549 11.5956 8.11862 8.09523 8.09523 
28.1578 8.25434 28.3536 11.5025 7.91837 7.90667 7.90667 
26.8029 8.06982 29.7682 11.6652 7.90184 7.89599 7.89599 
27.1158 8.03491 29.8841 11.1183 7.95092 7.94799 7.94799 
26.6278 7.96882 29.0758 12.55 7.92683 7.92537 7.92537 
27.4482 8.22469 28.3188 12.2821 8.02702 7.84961 7.84961 
27.1426 8.10596 28.5364 12.3711 8.00712 7.91841 7.91841 
27.4776 7.95923 29.112 11.8105 7.90981 7.86546 7.86546 
28.1456 7.87792 30.4882 9.97307 7.85321 7.83103 7.83103 
28.6276 7.87732 29.7989 10.1235 7.86496 7.85387 7.85387 
28.3763 8.34207 29.6722 9.89131 7.90975 7.90421 7.90421 
25.6607 8.10939 30.5895 11.9662 7.89323 7.89046 7.89046 
27.0921 8.24933 28.8854 12.3589 7.80568 7.80429 7.80429 
27.6133 8.2531 28.3571 12.1428 7.87837 7.87768 7.87768 
27.5163 7.99752 29.0172 12.0391 7.81015 7.80981 7.80981 
27.1602 7.95065 29.4571 11.8615 7.85697 7.85679 7.85679 
27.8931 7.98296 29.614 11.2743 7.74528 7.74519 7.74519 
26.759 9.14773 29.6508 11.1059 7.77889 7.77885 7.77885 
26.7901 8.54737 29.3949 11.6788 7.86295 7.86293 7.86293 
25.1598 8.25293 29.5764 13.2788 7.91072 7.91071 7.91071 
25.6613 8.63228 29.1777 12.8894 7.87978 7.87977 7.87977 
25.9374 8.19963 29.6374 12.7554 7.82338 7.82338 7.82338 
25.0781 8.20138 31.0296 11.8464 8.20857 7.81794 7.81794 
25.7649 8.29424 29.7084 12.6974 7.97525 7.77994 7.77994 
27.1681 8.22875 30.1603 10.9405 7.89919 7.80153 7.80153 
26.769 8.05273 28.6076 13.0045 7.88795 7.83912 7.83912 
26.9024 7.93516 28.3103 13.3427 7.85277 7.82836 7.82836 
26.6588 7.8984 28.1489 13.7468 7.8572 7.845 7.845 
26.5437 8.05634 27.8244 14.0163 7.85717 7.85107 7.85107 
25.8136 7.87432 28.2935 14.7004 7.77474 7.77169 7.77169 
23.4084 7.85566 30.2909 15.0305 7.80587 7.80434 7.80434 
23.0921 8.02036 29.2024 16.2341 7.81752 7.81676 7.81676 
22.6022 7.97057 29.7827 16.0378 7.86916 7.86878 7.86878 
25.0059 7.90095 28.4456 15.0972 7.85024 7.85005 7.85005 
24.0541 7.91087 29.0743 15.3044 7.88552 7.88542 7.88542 
25.1476 8.21075 28.8988 14.2125 7.84347 7.84342 7.84342 
23.7559 8.09899 27.868 16.5312 7.91534 7.91532 7.91532 
24.173 7.98392 28.1963 15.9705 7.8921 7.89209 7.89209 
24.5439 8.08752 28.7739 14.9818 7.87096 7.87096 7.87096 
26.3745 7.88992 27.8485 14.5422 7.78164 7.78163 7.78163 
24.786 8.33367 30.0684 13.384 7.80931 7.80931 7.80931 
25.5259 8.12253 29.2747 13.4958 7.86035 7.86035 7.86035 
25.9737 7.90742 28.3497 14.4402 7.77633 7.77633 7.77633 
26.278 7.90941 28.7318 13.5492 7.84386 7.84386 7.84386 
25.3463 7.80086 29.4161 14.1325 7.76808 7.76808 7.76808 
25.7937 7.80114 29.4244 13.6265 7.78475 7.78475 7.78475 
25.8676 8.29387 29.3565 12.2526 8.07648 8.07648 8.07648 
26.2455 8.20538 29.2887 12.4575 7.93434 7.93434 7.93434 
25.5227 8.50269 30.0443 11.8287 8.16717 7.96717 7.96717 
24.5669 8.2444 29.7791 13.3796 8.07664 7.97664 7.97664 
23.8729 8.5924 30.2869 13.3123 8.01183 7.96183 7.96183 
23.1107 8.46287 29.7268 14.8001 7.98319 7.95819 7.95819 
24.5911 8.16 29.1491 14.1858 8.09874 7.90767 7.90767 
25.5952 8.12041 28.5476 13.6585 8.42647 7.82589 7.82589 
24.4643 8.0602 29.1071 14.3293 8.21324 7.91294 7.91294 
25.4617 7.92115 28.9505 13.7794 8.19222 7.84752 7.84752 
24.9446 7.77737 31.0783 12.8057 7.9129 7.74056 7.74056 
23.9706 8.24409 30.5217 14.0684 7.7892 7.70303 7.70303 
25.4398 8.12204 29.2609 13.5796 7.8946 7.85152 7.85152 
26.0899 8.09033 28.5498 13.9327 7.79346 7.77191 7.77191 
26.5006 8.0207 28.0364 13.8471 7.87226 7.86149 7.86149 
27.7331 7.97587 27.2941 13.3028 7.90165 7.89626 7.89626 
27.6658 7.93059 27.4463 13.2822 7.89348 7.89078 7.89078 
27.7591 7.99214 28.8238 12.0103 7.8058 7.80445 7.80445 
27.5474 7.97531 28.5988 12.2335 7.88214 7.88146 7.88146 
27.3752 7.81907 29.0503 12.4386 7.77249 7.77215 7.77215 
27.3063 7.80059 29.1166 12.2504 7.97185 7.77713 7.77713 
29.0146 7.81596 29.0161 10.6433 7.90159 7.80423 7.80423 
27.0912 7.76704 30.7832 11.0263 7.80985 7.76117 7.76117 
27.7431 8.41027 27.9431 11.4802 8.43168 7.99581 7.99581 
27.6004 8.78141 26.8529 12.8588 8.11414 7.89621 7.89621 
27.1082 8.57321 28.6356 11.7526 8.04947 7.9405 7.9405 
27.2072 8.53015 29.4469 10.8578 8.26828 7.84479 7.84479 
27.0519 8.57542 29.5511 10.4289 8.6169 7.88791 7.88791 
27.0259 8.28771 31.1089 9.38113 8.30845 7.94396 7.94396 
27.7753 8.07828 30.4725 9.77253 8.08865 7.9064 7.9064 
27.8249 7.87189 30.0446 10.8096 7.87708 7.78595 7.78595 
28.1982 7.92266 28.1452 12.0493 7.92525 7.87969 7.87969 
29.1754 7.96896 28.1947 11.3682 7.77942 7.75664 7.75664 
27.725 7.90605 29.9797 10.7821 8.00736 7.79989 7.79989 
26.0811 7.97232 31.067 11.5004 7.8622 7.75846 7.75846 
26.8036 7.81891 31.3872 10.8025 7.76385 7.71198 7.71198 
27.5044 7.93876 30.7119 10.7126 7.72808 7.70215 7.70215 
27.4939 8.27402 30.5877 10.1576 7.83755 7.82458 7.82458 
28.1305 8.07536 29.335 10.9007 7.85713 7.85065 7.85065 
28.4403 8.41268 29.0425 9.82536 8.09523 8.09199 8.09199 
28.4288 8.16318 29.6292 9.7688 8.00445 8.00283 8.00283 
29.599 8.08159 28.9684 9.34594 8.00223 8.00141 8.00141 
28.9409 7.91285 29.8041 9.72347 7.87317 7.87276 7.87276 
27.7292 7.95003 28.7998 11.7307 7.93019 7.92999 7.92999 
28.3906 8.56217 28.3143 10.9112 7.94063 7.94053 7.94053 
28.8711 8.206 28.1503 11.087 7.89523 7.89518 7.89518 
24.7566 9.60759 28.9834 10.8187 8.76413 8.53475 8.53475 
24.7997 10.1497 28.4854 11.8559 8.31288 8.19819 8.19819 
26.193 8.99335 28.1926 12.511 8.07494 8.01759 8.01759 
27.4321 8.34283 28.4319 12.1996 7.88362 7.85495 7.85495 
27.8923 8.00283 29.1585 11.6553 7.77323 7.75889 7.75889 
28.2754 8.42215 28.1463 11.6204 7.85003 7.84286 7.84286 
25.0621 9.04301 30.4597 10.8522 8.33678 8.12311 8.12311 
26.9541 8.36766 29.9734 10.8748 8.01454 7.90771 7.90771 
27.2311 8.06732 29.2262 11.9099 7.89077 7.83735 7.83735 
27.0118 8.37328 28.5754 12.37 7.90765 7.88094 7.88094 
26.2142 8.76998 28.871 11.6017 8.32882 8.10714 8.10714 
26.888 8.62527 28.2164 12.1613 8.22802 7.94049 7.94049 
27.0033 8.21094 29.193 11.8433 8.01231 7.86855 7.86855 
27.3813 7.95162 29.4794 11.7745 7.85231 7.78043 7.78043 
26.1032 8.34644 29.2502 13.0551 7.77231 7.73637 7.73637 
27.4021 8.10071 30.033 11.0593 7.81365 7.79568 7.79568 
27.2284 7.98871 30.085 11.1803 7.84518 7.83619 7.83619 
28.2128 7.82647 30.371 10.3347 7.75471 7.75021 7.75021 
28.1633 8.36164 31.0218 9.08193 7.79194 7.7897 7.7897 
27.2892 8.14308 30.9826 9.82399 8.04692 7.85711 7.85711 
25.9794 8.47683 28.9274 11.5199 8.42874 8.33384 8.33384 
26.5032 8.12355 30.511 10.4897 8.26843 8.05206 8.05206 
27.6352 8.17136 29.9815 10.2106 8.07257 7.96438 7.96438 
27.5431 8.59549 29.5006 10.5955 7.95785 7.90376 7.90376 
27.0652 8.66282 30.6233 9.86124 7.94718 7.92013 7.92013 
14 14 14 14 14 14 14 
14.9949 16.6447 14.1066 16.0102 14.9949 11.3147 10.934 
15.3063 17.4132 15.678 15.5808 16.4718 9.62006 9.42971 
15.5596 17.1699 17.6386 15.5855 16.4764 8.70758 8.6124 
14.1931 18.0861 18.558 17.6502 14.8891 8.27303 8.22544 
12.8361 17.9835 19.3231 17.9863 15.6123 8.11003 8.08623 
12.3422 18.115 22.1023 17.1685 14.3227 7.96497 7.95307 
11.7267 18.3908 20.6067 17.5842 15.7169 7.98248 7.97653 
11.1921 18.6058 19.6004 18.9962 15.6816 7.9595 7.95652 
11.5511 16.6063 21.2609 19.3857 15.3689 7.91233 7.91084 
11.7941 18.8356 19.774 18.4892 15.3233 7.89135 7.89061 
10.9409 18.9572 20.194 19.113 15.0082 7.89304 7.89267 
11.2352 18.5374 19.9794 19.9094 14.4453 7.94652 7.94634 
10.6287 18.7342 20.1233 19.7543 15.0177 7.87081 7.87072 
10.3377 19.5307 18.8233 19.5734 15.9201 7.90737 7.90732 
10.9693 20.3222 18.8084 18.3714 15.7327 7.898 7.89798 
11.3537 21.4478 18.6593 18.3279 14.4126 7.89934 7.89933 
10.6231 20.7239 18.8995 18.9489 14.9482 7.92816 7.92816 
10.5507 19.4736 19.8142 19.2694 14.9912 7.95041 7.95041 
9.47117 19.527 18.8815 20.707 15.5376 7.93791 7.93791 
9.89254 17.8352 18.7457 20.7795 16.9616 7.89272 7.89272 
10.368 18.1947 19.2524 20.3897 15.9507 7.92226 7.92226 
9.38852 18.3019 20.6489 20.4221 15.3617 7.93841 7.9384 
10.4414 18.3464 21.4739 19.1766 14.8073 7.87725 7.87725 
10.6479 19.1039 21.0141 18.1333 15.3713 7.86472 7.86472 
11.2129 16.9964 20.1737 19.5111 16.2412 7.93236 7.93236 
11.6491 17.1475 20.6319 17.9309 16.8884 7.87613 7.87613 
11.0164 15.3458 20.8126 19.6878 17.3607 7.88841 7.88841 
10.6688 17.0765 20.498 19.0182 17.0519 7.84329 7.84329 
10.9152 16.9665 21.5246 18.279 16.4986 7.90798 7.90798 
9.84151 18.4359 21.0704 18.7367 16.1877 7.86394 7.86394 
9.58583 18.0696 21.7792 19.5358 15.2709 7.87934 7.87934 
9.97309 17.706 20.1238 20.2409 16.194 7.88111 7.88111 
9.84437 18.6871 18.7112 20.6655 16.3908 7.85051 7.85051 
9.83086 17.791 18.6022 21.4058 16.5288 7.92069 7.92069 
9.66602 16.8528 20.1087 22.1043 15.509 7.87958 7.87958 
9.52409 17.3509 19.6653 21.0064 16.7934 7.82995 7.82995 
9.03456 19.299 19.417 21.2422 15.3251 7.84107 7.84107 
9.19354 19.8413 19.5406 20.4532 15.2165 7.87737 7.87737 
9.0885 18.0767 20.054 22.2834 14.8187 7.83939 7.83939 
9.28962 18.0661 20.9066 21.6741 14.3538 7.85488 7.85488 
9.83805 17.1249 19.7528 20.6197 16.8387 7.91295 7.91295 
9.86155 17.9877 20.796 19.6202 16.0056 7.86452 7.86452 
10.0213 17.5911 22.6152 19.7648 14.2245 7.89154 7.89154 
9.109 19.3342 21.8462 19.9527 13.9038 7.92703 7.92703 
10.0701 17.4609 22.4339 20.8876 13.3068 7.92035 7.92035 
10.6159 17.9559 22.4926 19.6693 13.3732 7.94651 7.94651 
10.8362 17.2089 24.0227 19.7855 12.3377 7.90446 7.90446 
11.8191 18.3871 22.8809 19.313 11.7244 7.93774 7.93774 
11.1859 18.7413 23.8776 20.0837 10.3848 7.86334 7.86334 
10.0942 18.4947 23.131 22.6939 9.93694 7.82461 7.82461 
9.39491 17.8222 22.0728 23.6658 11.2487 7.89781 7.89781 
9.09843 19.3023 23.0168 21.7351 11.1256 7.86089 7.86089 
10.3275 19.321 22.9471 21.7166 10.0439 7.82195 7.82195 
9.93149 17.4844 24.6765 22.2275 10.0342 7.82296 7.82296 
9.75043 15.68 25.4961 22.2381 11.1176 7.85885 7.85885 
10.615 14.9829 24.2277 23.364 11.0435 7.88351 7.88351 
10.8765 13.6658 24.2204 24.2728 11.0907 7.93691 7.93691 
10.8973 14.7733 24.8893 23.4267 10.1359 7.93868 7.93868 
10.425 13.6663 24.7669 23.3247 12.0585 7.87929 7.87929 
11.7396 14.0992 23.4672 22.9924 11.9406 7.88053 7.88053 
13.5913 13.885 23.3792 22.1291 11.2867 7.86432 7.86432 
12.6004 13.6707 24.3545 22.2783 11.3162 7.88994 7.88994 
12.0973 15.0479 23.7715 22.371 10.8513 7.93048 7.93048 
12.0913 15.8178 23.8526 22.323 10.165 7.87519 7.87519 
11.1772 16.5931 22.5842 23.5299 10.3457 7.88496 7.88496 
12.0154 16.5228 22.7317 22.1763 10.6998 7.92706 7.92706 
12.5461 14.9281 23.2889 22.3702 10.9909 7.93789 7.93789 
11.1603 15.2335 24.5517 22.338 11.0093 7.85366 7.85366 
11.8142 15.2503 24.3624 21.7288 11.1026 7.87085 7.87085 
10.4414 14.6105 26.3969 21.6487 11.1886 7.85699 7.85699 
11.4707 14.0654 26.7188 21.2835 10.6963 7.88258 7.88258 
12.1658 12.2821 28.0576 21.7966 9.94133 7.8783 7.8783 
12.9074 11.5728 28.3742 21.9011 9.56677 7.83887 7.83887 
14.2866 11.4 28.2863 21.2639 9.09148 7.83588 7.83588 
14.9781 10.2584 28.8155 21.3157 8.81924 7.90655 7.90655 
15.4436 9.81669 28.3282 22.0215 8.52894 7.93055 7.93055 
14.1187 9.34699 28.7855 23.8045 8.18092 7.88172 7.88172 
13.3936 9.39048 29.2176 23.7621 8.5379 7.84922 7.84922 
13.2301 9.22857 29.5421 23.7477 8.40228 7.92461 7.92461 
12.5055 9.68278 29.1546 23.6547 9.13265 7.93491 7.93491 
13.7113 9.53752 27.4226 23.0152 10.6437 7.83486 7.83486 
13.214 9.68206 27.5841 24.6579 9.22357 7.81916 7.81916 
14.107 9.28547 29.0698 23.4401 8.50067 7.79847 7.79847 
14.446 9.07822 30.7984 21.5319 8.55141 7.79708 7.79708 
15.8581 8.43883 30.1624 20.9331 9.01108 7.79826 7.79826 
16.4965 8.57335 29.5475 21.1407 8.57857 7.83172 7.83172 
15.1084 9.03601 28.626 22.8395 8.64285 7.87364 7.87364 
16.4463 8.45387 28.4529 22.3527 8.54883 7.87268 7.87268 
17.2119 9.14266 28.8332 20.7269 8.34745 7.86892 7.86892 
17.1018 10.1424 28.2049 20.8091 8.07345 7.83418 7.83418 
16.3193 9.87344 27.9443 21.2803 8.83898 7.87189 7.87189 
17.0677 9.10339 28.1963 21.5597 8.44248 7.81526 7.81526 
17.3927 8.90605 28.963 20.5396 8.57559 7.81153 7.81153 
18.1484 8.42563 27.9062 21.5027 8.2604 7.87837 7.87837 
17.3351 8.27078 28.7357 21.9108 8.04324 7.85223 7.85223 
17.3039 9.13539 28.6103 21.2584 7.96102 7.86551 7.86551 
17.9977 8.61754 27.2335 22.3114 8.18612 7.82683 7.82683 
18.1417 8.30877 26.1882 23.4414 8.09306 7.91342 7.91342 
17.1041 8.0325 28.3295 22.6625 8.20165 7.83483 7.83483 
15.7792 8.88351 28.914 22.5407 8.08313 7.89971 7.89971 
16.43 8.32374 29.3638 22.2952 7.92355 7.83184 7.83184 
17.1682 8.70733 28.8693 21.4782 7.95627 7.91041 7.91041 
16.4154 8.57053 28.4407 22.9379 7.8938 7.87087 7.87087 
17.4434 8.42539 28.7108 21.5008 8.08703 7.91633 7.91633 
17.6883 8.16406 29.249 20.9328 8.14686 7.90953 7.90953 
18.1209 8.01285 28.7754 21.3154 8.00425 7.88558 7.88558 
18.0818 7.98196 26.9259 23.1959 7.97766 7.91833 7.91833 
18.69 8.52314 26.7671 22.2705 7.9362 7.90653 7.90653 
18.0987 8.41587 28.8138 20.9275 8.1224 7.81083 7.81083 
18.7839 8.19024 28.2712 20.0508 8.92846 7.88772 7.88772 
16.8615 8.51585 28.7697 21.4583 8.58008 7.90727 7.90727 
15.2283 8.33648 28.5843 23.8712 8.21753 7.88113 7.88113 
16.1402 9.08153 28.3095 22.7737 8.0105 7.8423 7.8423 
15.147 8.69461 28.1547 24.1561 8.00525 7.92115 7.92115 
14.9389 8.31331 28.3833 24.5426 7.96863 7.92658 7.92658 
15.2598 8.83088 28.356 23.7444 7.95032 7.9293 7.9293 
16.6082 8.28541 27.8003 23.7917 7.84513 7.83462 7.83462 
17.5186 8.22125 27.0421 23.6783 7.85006 7.8448 7.8448 
16.4516 8.57217 28.2903 22.6084 8.23272 7.9224 7.9224 
17.0318 9.0622 28.0257 21.9012 8.29546 7.8418 7.8418 
18.6772 9.5311 27.8838 19.9829 8.34128 7.79187 7.79187 
18.8265 9.13302 29.454 18.877 8.0863 7.8116 7.8116 
19.3816 8.52221 28.9675 19.4068 7.99885 7.86149 7.86149 
20.5059 8.1796 29.374 18.3241 7.91792 7.84924 7.84924 
19.6559 7.9704 29.4631 19.4606 7.83956 7.80522 7.80522 
20.3091 7.93709 27.79 20.2114 8.04349 7.8545 7.8545 
20.6238 9.2032 28.3354 17.8674 8.17337 7.89837 7.89837 
21.3696 9.72981 29.8728 15.5042 7.93284 7.79534 7.79534 
21.4873 9.49453 27.7451 17.9373 7.82444 7.75569 7.75569 
22.7629 9.3947 27.1738 17.4622 7.75838 7.724 7.724 
22.7849 9.25875 28.1483 15.5732 8.79147 7.72165 7.72165 
22.312 9.51443 29.0167 15.4016 8.27504 7.74014 7.74014 
24.1697 8.86681 29.5768 13.6939 8.07588 7.80842 7.80842 
25.4835 8.35497 29.0041 13.3829 8.12291 7.82578 7.82578 
24.3312 8.151 28.7405 14.804 8.20053 7.8864 7.8864 
24.3366 8.02287 29.0084 14.8033 8.04763 7.89057 7.89057 
23.7962 7.99814 29.6205 14.7106 8.01053 7.932 7.932 
23.9978 7.91366 30.1127 14.1169 8.09779 7.88059 7.88059 
24.7935 7.82889 29.8712 13.9608 7.92095 7.81235 7.81235 
25.6649 7.82506 30.0194 12.986 7.87109 7.81679 7.81679 
27.1182 7.97097 29.9448 11.5255 7.83165 7.8045 7.8045 
27.5047 7.89705 30.1084 11.0348 7.82739 7.81381 7.81381 
29.039 7.92942 29.2262 10.1353 7.89459 7.8878 7.8878 
29.371 7.9251 29.2996 9.68809 7.90769 7.9043 7.9043 
26.8369 8.34502 29.9884 10.8201 8.13711 7.93621 7.93621 
25.0511 8.45823 29.484 12.5529 8.15019 8.25382 8.04974 
25.2556 8.21684 29.3126 13.0249 8.06282 8.11464 8.0126 
24.1093 7.99731 30.5822 13.5495 7.9203 7.94621 7.89519 
26.267 7.93701 30.1884 11.9117 7.89851 7.91146 7.88595 
24.7189 7.93192 29.4234 14.1876 7.91267 7.91914 7.90639 
24.6928 7.96596 29.2117 14.2605 7.95633 7.95957 7.95319 
24.4533 7.9138 28.7568 15.1491 7.90898 7.9106 7.90742 
24.1548 8.85886 30.2281 13.1301 7.87606 7.87687 7.87528 
25.6087 8.38983 29.4705 12.8357 7.89843 7.89883 7.89803 
24.2693 8.1758 28.9072 14.8573 7.9301 7.93031 7.92991 
26.3731 8.06141 28.692 13.0578 7.93856 7.93866 7.93846 
26.0155 7.97807 30.1355 11.9565 8.08112 7.9167 7.9166 
26.3289 7.82115 30.9437 11.4527 7.87268 7.79047 7.79042 
27.3952 7.75673 28.7411 12.8417 7.78249 7.74139 7.74136 
27.2941 8.11813 28.9904 12.1226 7.83861 7.81806 7.81805 
27.774 8.02732 29.2571 11.2994 7.88756 7.87729 7.87728 
28.5644 7.88463 29.7898 10.3271 7.81475 7.80961 7.80961 
27.3419 7.86022 30.1934 10.9471 8.01185 7.82272 7.82271 
26.1265 8.37851 31.4668 10.4558 7.92052 7.82595 7.82595 
24.968 8.95116 28.2875 13.0201 8.28926 8.24198 8.24198 
26.484 8.87558 27.3438 12.31 8.74463 8.12099 8.12099 
24.6266 8.43779 30.1334 12.3089 8.37232 8.06049 8.06049 
25.6721 8.60821 29.3797 12.643 8.00295 7.84704 7.84704 
26.1827 8.88578 28.6341 12.4968 7.98554 7.90758 7.90758 
22.5556 9.62146 30.7456 12.3198 8.8142 7.88236 8.06094 
23.6394 9.23877 30.1329 12.6175 8.65064 7.81572 7.90501 
24.1303 8.78605 29.0816 13.6951 8.49199 7.88513 7.92978 
25.1371 8.3146 28.9199 13.7103 8.16756 7.86414 7.88646 
25.4824 8.13081 29.195 13.3121 8.05729 7.90558 7.91674 
25.7412 8.0654 28.7642 13.4894 8.02865 7.95279 7.95837 
26.2268 7.97106 29.1081 12.9091 7.95268 7.91475 7.91754 
25.1446 7.89178 29.5541 13.7983 7.88259 7.86363 7.86502 
