5 80000 500 160
14 14 14 14 14 14 14 
16.0583 14.0113 16.4166 15.7001 14.6254 10.9918 11.1965 
16.672 16.1485 17.6369 15.6358 14.3127 9.49591 9.59826 
16.068 18.089 17.8759 16.5071 13.7101 8.72439 8.77557 
15.6119 18.747 17.1532 16.398 15.2828 8.3282 8.35379 
14.7324 20.196 18.3169 15.7026 14.7121 8.13235 8.14515 
14.4984 20.7221 17.0336 16.4694 15.2312 8.00377 8.01017 
12.9445 19.7545 18.9458 16.8146 15.5298 7.99597 7.99917 
13.129 19.4187 19.4581 16.7653 15.2353 7.99207 7.99367 
12.7207 19.9196 19.1885 16.4157 15.8008 7.97501 7.97581 
11.2508 19.3758 20.3972 17.1859 15.9296 7.92911 7.92951 
9.79209 19.0819 20.6531 18.6687 15.9194 7.97971 7.90415 
8.90177 19.4122 20.0548 19.9924 15.8281 7.92405 7.88627 
8.72187 20.5308 19.453 20.3055 15.1305 7.93846 7.91957 
8.44566 19.04 20.6191 21.121 14.9783 7.90266 7.89322 
8.4639 18.2254 20.5774 22.4653 14.4832 7.89478 7.89006 
8.43485 18.8228 19.9264 21.5949 15.3575 7.9329 7.93054 
8.21452 18.423 19.8469 21.6986 15.891 7.96354 7.96236 
8.88338 19.51 19.7742 20.4762 15.4828 7.937 7.9364 
8.38706 20.2254 18.7642 21.2396 15.5563 7.91387 7.91357 
8.73211 18.9629 18.9131 22.3445 15.2668 7.89037 7.89022 
8.325 19.9653 17.8143 22.8291 15.258 7.90413 7.90405 
8.14412 20.5493 17.8658 21.2921 16.2814 7.93369 7.93365 
8.00381 19.696 19.1703 20.5125 16.8202 7.89859 7.89858 
8.00191 19.4036 21.0666 19.5155 16.1138 7.9493 7.94929 
8.45715 20.2758 19.5968 19.5765 16.2895 7.90214 7.90214 
8.17394 21.8223 18.5237 19.1964 16.4907 7.89644 7.89644 
8.59008 21.0819 18.9668 19.8467 15.6988 7.90785 7.90785 
9.38111 19.6177 20.2815 19.7825 15.0481 7.94453 7.94453 
8.67218 19.8395 21.7794 19.7687 14.0325 7.95389 7.95389 
8.8537 20.0269 21.7626 20.6807 12.759 7.95857 7.95857 
8.97957 19.7579 21.2647 21.4426 12.6095 7.97289 7.97289 
9.35422 21.6812 20.3612 21.0084 11.6477 7.97369 7.97369 
8.91711 21.3206 19.3806 21.5442 12.8638 7.98684 7.98684 
8.38484 20.6763 20.0268 22.2304 12.8422 7.9197 7.9197 
8.16067 19.4651 22.0769 21.4327 13.0084 7.92811 7.92811 
8.06339 18.9699 22.2249 22.5807 12.2669 7.9471 7.9471 
8.42194 19.9727 20.5433 21.8595 13.2879 7.95729 7.95729 
9.40899 20.2999 19.9251 21.1608 13.3271 7.93904 7.93904 
10.4545 21.2333 17.9626 19.747 14.6636 7.96952 7.96952 
11.6762 19.8294 18.6965 19.4213 14.5345 7.92111 7.92111 
10.6583 20.2088 18.662 20.3315 14.3751 7.88212 7.88212 
10.8018 20.1376 18.9496 18.9552 15.3136 7.92116 7.92116 
10.3029 18.7289 20.9944 19.5266 14.6829 7.88215 7.88215 
9.84426 21.0539 20.2242 18.8077 14.3381 7.86599 7.86599 
9.5432 19.8615 19.5391 21.3262 13.9158 7.90712 7.90712 
10.5737 19.4871 19.9231 21.2433 13.0159 7.87847 7.87847 
9.35257 20.6432 20.7747 19.8777 13.5149 7.91848 7.91848 
9.25256 19.9826 20.8111 21.0405 13.0286 7.94229 7.94229 
9.21261 19.7935 22.6358 19.8728 12.6294 7.92798 7.92798 
9.9539 20.5028 20.4979 19.4729 13.8013 7.88556 7.88556 
10.9701 18.2137 23.5195 19.4111 12.1233 7.88114 7.88114 
11.0094 18.1893 22.9957 20.567 11.4923 7.87315 7.87315 
10.28 16.6789 22.5465 21.9876 12.7686 7.86916 7.86916 
10.6045 16.0808 22.3844 24.0175 11.2113 7.85079 7.85079 
9.69292 16.0153 23.1994 24.5535 10.8028 7.86805 7.86805 
9.94261 14.2577 24.4843 25.2575 10.3052 7.87633 7.87633 
9.72416 17.395 23.2688 23.9406 9.81041 7.93056 7.93056 
9.0613 17.5842 23.1578 24.0797 10.374 7.87153 7.87153 
9.12049 17.6788 23.2977 24.5398 9.67917 7.84202 7.84202 
9.37361 16.5015 25.4013 23.5666 9.45648 7.85028 7.85028 
10.4444 16.0285 25.7309 22.1873 9.87975 7.86453 7.86453 
12.206 13.9859 25.0112 24.1503 8.88725 7.87964 7.87964 
12.5609 12.9617 25.1279 25.2846 8.35752 7.85371 7.85371 
12.9602 12.8659 24.8429 25.4124 8.20626 7.85613 7.85613 
13.0801 12.0329 25.6215 25.3062 8.10313 7.92806 7.92806 
13.9052 11.5144 24.1178 25.9311 8.71962 7.90594 7.90594 
13.0912 11.4008 24.8312 26.5299 8.3202 7.91337 7.91337 
12.638 10.9525 26.3862 25.4498 8.67691 7.94828 7.94828 
11.4424 10.7893 26.9502 26.482 8.41815 7.95896 7.95896 
11.4098 10.8837 26.2496 27.3129 8.20109 7.9715 7.9715 
10.6511 10.9257 27.5334 26.8822 8.07904 7.96424 7.96424 
11.1642 10.4522 27.0363 26.7108 8.81659 7.90993 7.90993 
11.3438 9.523 27.0924 27.7108 8.60751 7.86122 7.86122 
11.0923 9.40752 25.7143 29.674 8.28606 7.91291 7.91291 
10.7522 8.60831 26.8485 30.0214 8.04758 7.86101 7.86101 
11.0709 8.40438 28.3445 28.3364 8.01012 7.91684 7.91684 
10.6491 8.17946 27.5814 29.7364 7.98234 7.93569 7.93569 
12.1377 8.9249 26.2083 28.9341 7.94721 7.92389 7.92389 
11.7457 8.39258 25.7679 30.4059 7.90374 7.89208 7.89208 
12.2738 8.42334 27.9806 27.5218 7.93738 7.93155 7.93155 
11.5215 8.27761 28.276 28.1565 7.92473 7.92182 7.92182 
11.5699 8.08071 28.5571 28.0824 7.90427 7.90282 7.90282 
12.4516 8.01885 25.4613 30.2778 7.93063 7.9299 7.9299 
14.3914 8.4837 24.2519 29.2328 7.8803 7.87994 7.87994 
13.3181 9.7974 23.804 29.3556 7.90841 7.90822 7.90822 
14.5477 8.95903 24.315 28.4829 7.89852 7.89843 7.89843 
15.5665 8.86976 25.3282 26.6805 7.8517 7.85165 7.85165 
15.5559 8.37919 25.6571 26.7973 7.87016 7.87014 7.87014 
14.3775 8.55201 25.6921 27.8282 7.85007 7.85006 7.85006 
13.986 8.19306 25.058 29.2367 7.84209 7.84208 7.84208 
14.9976 8.15685 24.478 28.7715 7.86536 7.86536 7.86536 
16.7446 8.45799 25.621 25.6996 7.82562 7.82562 7.82562 
17.9364 8.22415 24.917 25.1985 7.90797 7.90797 7.90797 
16.7512 8.59321 24.6047 26.5143 7.84549 7.84549 7.84549 
16.7288 8.23455 25.4289 26.0257 7.86069 7.86069 7.86069 
17.9316 8.10361 24.3317 25.883 7.91668 7.91668 7.91668 
15.6731 7.95424 26.3122 26.3561 7.98273 7.86078 7.86078 
15.9847 7.92774 24.8845 27.3756 8.06544 7.88101 7.88101 
14.772 7.95903 26.0016 27.3682 8.02788 7.93566 7.93566 
15.4691 7.90561 25.4719 27.4254 7.94004 7.89393 7.89393 
15.5471 7.91915 26.4379 26.3329 7.93636 7.91331 7.91331 
14.3945 7.95501 26.8034 26.9792 7.96362 7.95209 7.95209 
14.6803 7.94576 26.3269 27.2084 7.95006 7.9443 7.9443 
14.8281 7.95839 25.12 28.2177 7.96054 7.95766 7.95766 
14.4529 7.98405 24.6959 29.2788 7.86376 7.86232 7.86232 
13.3012 7.96399 25.5489 29.4758 7.90384 7.90312 7.90312 
12.3244 7.8827 25.1858 31.05 7.85263 7.85227 7.85227 
12.9128 7.83151 25.6364 29.9415 8.04531 7.8163 7.8163 
12.3805 7.82571 25.3774 30.8475 7.93261 7.8181 7.8181 
12.033 7.84544 26.0595 30.4799 7.89889 7.84163 7.84163 
13.4366 7.91815 24.7877 30.0801 7.94488 7.91625 7.91625 
12.2311 7.93344 28.9323 27.0914 7.9468 7.93248 7.93248 
13.0898 7.93667 28.3074 26.8504 7.94336 7.9362 7.9362 
15.7158 7.86281 26.5909 26.2393 7.86615 7.86257 7.86257 
16.3708 7.91847 26.1187 25.8352 7.92014 7.91835 7.91835 
16.7972 7.94381 25.2702 26.1567 7.94465 7.94375 7.94375 
17.4309 7.9504 25.8609 24.9063 7.95082 7.95037 7.95037 
18.8809 7.87591 25.2236 24.3917 7.87612 7.87589 7.87589 
18.7823 7.97193 24.926 24.7224 7.86587 7.86576 7.86576 
19.5102 8.03358 24.3678 24.504 7.86151 7.86145 7.86145 
21.5607 8.06772 24.9154 21.8585 7.86594 7.86591 7.86591 
20.3337 8.00408 26.4775 21.4752 7.90319 7.90318 7.90318 
20.558 7.91402 26.3195 21.6178 7.86358 7.86357 7.86357 
21.333 7.94159 25.1135 21.8629 7.91636 7.91636 7.91636 
20.8799 7.93421 28.5628 18.8583 7.9216 7.9216 7.9216 
21.5763 7.94438 27.1223 19.5428 7.93807 7.93807 7.93807 
21.4793 7.96787 25.8722 20.7865 7.96472 7.96472 7.96472 
22.8344 7.97396 25.9037 19.3708 7.97238 7.97238 7.97238 
22.4284 7.91956 26.5473 19.3483 7.91878 7.91878 7.91878 
23.8077 7.94981 25.8672 18.527 7.94941 7.94941 7.94941 
23.6752 7.89867 26.0502 18.6806 7.89847 7.89847 7.89847 
23.6797 7.8967 26.3026 18.4312 7.89661 7.89661 7.89661 
23.584 7.90184 24.6629 20.1458 7.90179 7.90179 7.90179 
25.9939 8.52838 23.247 18.4062 7.94151 7.94151 7.94151 
27.9395 8.71822 26.4223 13.0824 8.13742 7.85006 7.85006 
29.4349 8.3126 27.6298 10.8435 8.0222 7.87852 7.87852 
31.3448 8.04781 27.73 9.31328 7.90261 7.83077 7.83077 
33.4428 7.99741 26.227 8.63015 7.92481 7.88889 7.88889 
33.0344 7.97749 26.9066 8.29385 7.94119 7.92323 7.92323 
31.7565 8.14491 28.4407 8.05121 7.87488 7.8659 7.8659 
33.4221 8.01983 26.9397 7.97297 7.88481 7.88032 7.88032 
30.7851 8.45436 29.1488 7.9371 7.89302 7.89078 7.89078 
28.4408 8.17455 31.7893 7.91592 7.89388 7.89276 7.89276 
30.1478 8.01873 30.31 7.88941 7.87839 7.87783 7.87783 
31.8145 8.00049 28.0153 8.3793 7.93033 7.93005 7.93005 
32.3298 7.97514 26.1415 9.73358 7.94006 7.93992 7.93992 
32.5621 7.91367 26.2347 9.6012 7.89613 7.89606 7.89606 
31.9342 9.0244 26.6309 8.74204 7.8895 7.88947 7.88947 
31.906 8.44233 27.1801 8.847 7.87488 7.87487 7.87487 
31.4542 9.23282 26.7602 8.38621 8.36635 7.90014 7.90014 
32.6371 8.50935 26.8837 8.2077 8.07612 7.84301 7.84301 
32.9505 8.20478 27.0593 8.05395 7.98816 7.87161 7.87161 
34.2134 8.03096 26.1487 7.95555 7.92265 7.86438 7.86438 
33.0209 8.30442 27.0698 7.92811 7.91166 7.88253 7.88253 
32.7339 8.14157 27.3647 7.95342 7.94519 7.93063 7.93063 
32.9956 8.05712 27.122 7.96304 7.95893 7.95165 7.95165 
32.1929 8.40076 27.5744 8.1295 7.90323 7.89959 7.89959 
28.6244 8.11537 31.6843 7.97974 7.8666 7.86478 7.86478 
28.5513 7.97073 30.6248 9.31596 7.84635 7.84544 7.84544 
14 14 14 14 14 14 14 
16.6213 14.3695 17.7472 16.0583 11.1453 12.0665 10.9918 
17.625 15.5289 16.5709 18.3138 12.041 9.97893 9.44157 
17.0395 15.5658 18.2145 18.3767 12.8999 8.9611 8.69242 
16.8531 16.1875 17.583 18.875 13.5725 8.46915 8.33481 
15.4636 15.6493 18.4952 18.919 15.0085 8.23458 8.16741 
14.3985 16.5481 19.5313 17.8992 15.4475 8.08892 8.05533 
14.6039 17.145 18.9299 18.1138 15.2018 8.0034 7.98661 
14.0207 18.4944 17.5899 18.5882 15.3353 7.98608 7.97768 
13.4431 19.4811 17.1283 16.8233 17.2436 7.94041 7.93621 
11.6221 20.3229 16.6607 17.2185 18.2809 7.94748 7.94538 
11.4241 19.6149 16.9714 16.4379 19.6279 7.96192 7.96087 
10.244 19.0942 17.8468 16.9114 20.0666 7.91855 7.91803 
9.39116 18.4473 20.2837 16.0534 19.9464 7.93902 7.93875 
10.097 19.6616 18.828 16.5668 19.0243 7.91111 7.91098 
10.6615 17.7333 19.9753 17.5892 18.1532 7.94374 7.94367 
9.86966 18.9531 19.1375 17.9444 18.2265 7.93441 7.93437 
9.67621 17.6662 19.9854 18.5987 18.0931 8.06203 7.91834 
9.57183 18.0047 18.2767 19.8023 18.3661 8.0251 7.95325 
8.80716 19.7763 18.1672 20.3716 16.9979 7.95792 7.922 
9.02355 20.3948 18.6216 18.606 17.5154 7.92829 7.91033 
8.467 20.5706 18.266 19.8254 17.0413 7.91937 7.91039 
8.46708 19.7743 19.133 19.8397 16.9878 7.90129 7.8968 
8.52348 21.1298 19.034 19.0175 16.4081 7.94473 7.94248 
8.78696 19.8379 21.0897 19.4494 15.029 7.90411 7.90299 
9.20935 19.9048 21.3097 19.6397 14.1009 7.91806 7.9175 
9.13616 20.0138 20.0251 21.0334 13.8861 7.95289 7.95261 
8.53755 21.152 19.9362 21.1274 13.3553 7.94591 7.94577 
8.26576 21.2849 21.582 19.4626 13.465 7.96994 7.96987 
8.31269 21.2891 19.8604 20.9301 13.7514 7.92819 7.92815 
8.11976 21.3153 18.7717 22.1266 13.8117 7.92751 7.92749 
8.03339 20.5086 21.1408 20.0865 14.3562 7.93726 7.93726 
7.98616 19.3383 22.1735 19.8142 14.8117 7.9381 7.93809 
8.39803 21.4157 21.2877 19.4125 13.6655 7.91032 7.91031 
9.07505 21.6996 20.3132 19.2104 13.8575 7.9221 7.9221 
9.64287 19.1966 21.3398 20.2211 13.7359 7.93188 7.93188 
9.43927 20.2671 19.7463 20.222 14.4316 7.94683 7.94683 
9.76771 19.8291 19.0078 20.6879 14.9081 7.8997 7.8997 
9.60698 20.5823 20.2531 19.0573 14.6202 7.94008 7.94008 
9.33449 19.1942 21.3348 19.1471 15.1002 7.9446 7.9446 
9.07901 18.7474 22.0236 20.603 13.7593 7.89387 7.89387 
9.15236 17.5286 21.7202 22.8221 12.9752 7.90081 7.90081 
9.00241 17.043 22.3355 23.6242 12.2253 7.88483 7.88483 
8.49794 17.3306 23.4842 21.9263 12.8826 7.93915 7.93915 
8.17054 16.1817 24.4055 22.7278 12.7322 7.89114 7.89114 
8.78326 16.564 22.5215 23.6122 12.7419 7.88853 7.88853 
8.88509 17.2689 21.9634 23.5708 12.5801 7.86583 7.86583 
9.03353 16.7313 22.7513 24.3063 11.4653 7.85612 7.85612 
9.19049 16.0376 22.9277 24.3225 11.7291 7.89631 7.89631 
8.57898 15.1733 23.0086 25.9824 11.393 7.9319 7.9319 
8.32458 13.9024 24.0481 26.8508 11.0474 7.91332 7.91332 
8.20704 13.1474 26.654 25.5597 10.6011 7.91535 7.91535 
9.89014 12.2699 26.3469 25.1668 10.4543 7.93598 7.93598 
9.90159 13.2654 24.8256 26.0617 10.0097 7.96799 7.96799 
9.92367 14.4989 25.6135 23.6999 10.3394 7.96229 7.96229 
11.4304 13.5431 25.6564 22.5143 11.0264 7.91471 7.91471 
11.5123 13.2027 25.0565 23.3042 11.0385 7.94286 7.94286 
10.2006 14.3791 23.1265 25.6692 10.8184 7.90306 7.90306 
9.7354 15.1777 22.7072 26.1482 10.4388 7.8963 7.8963 
9.11549 15.1995 25.4244 24.49 9.90966 7.93045 7.93045 
8.66733 15.2318 24.4539 26.4329 9.45581 7.87912 7.87912 
8.52528 13.6039 26.7978 24.5937 10.6161 7.93158 7.93158 
8.99637 13.5081 27.6001 24.6243 9.45008 7.91056 7.91056 
10.8401 12.7283 27.5868 23.9849 9.04489 7.90749 7.90749 
11.4315 12.1848 26.2934 25.065 9.29344 7.86596 7.86596 
11.9071 13.6909 24.3099 25.009 9.33715 7.87294 7.87294 
11.3644 13.0579 24.7802 25.9314 9.17759 7.84429 7.84429 
11.2494 13.6718 25.6254 23.8901 9.73586 7.91374 7.91374 
10.5949 12.1043 28.2203 24.3705 8.84407 7.93301 7.93301 
10.8176 12.2093 27.3798 25.4549 8.34985 7.89432 7.89432 
11.0881 12.5634 25.9393 26.6473 8.07247 7.84471 7.84471 
11.1106 11.0531 25.6933 28.1348 8.21119 7.8985 7.8985 
11.551 11.4152 25.1593 27.1295 8.92358 7.91071 7.91071 
11.1253 10.7487 26.5714 26.9392 8.88566 7.86482 7.86482 
11.5971 10.3313 25.0314 28.7713 8.4299 7.91948 7.91948 
10.3711 9.6388 26.2334 29.6938 8.19109 7.93588 7.93588 
10.3425 8.74317 28.1391 28.9725 8.01931 7.89171 7.89171 
10.9316 8.40384 26.9728 30.0392 7.92671 7.8629 7.8629 
10.5679 9.81417 26.8537 28.7951 8.14703 7.91104 7.91104 
10.7717 9.66318 27.5732 28.3 7.97595 7.85796 7.85796 
10.7502 9.7911 26.6409 29.1298 7.93534 7.87635 7.87635 
10.8946 8.89988 26.6321 30.0411 7.86378 7.83428 7.83428 
10.4473 8.44994 26.1161 31.2205 7.93189 7.91714 7.91714 
10.5889 9.01949 26.7567 29.1947 8.53215 7.954 7.954 
11.3396 8.50565 26.8005 29.1466 8.26198 7.9729 7.9729 
11.2742 8.53854 26.8068 29.4084 8.08703 7.9425 7.9425 
11.4653 8.257 26.2868 30.0416 8.03125 7.95898 7.95898 
11.3391 8.24749 26.1869 30.5815 7.90578 7.86965 7.86965 
14.0029 8.07111 25.1549 29.1065 7.90026 7.88219 7.88219 
13.6681 8.32127 25.4346 28.958 7.8787 7.86967 7.86967 
14.5175 8.05972 26.9375 26.979 7.83843 7.83392 7.83392 
14.3534 8.42175 26.6444 27.003 7.86066 7.8584 7.8584 
13.9529 8.11231 26.5666 27.8752 7.83177 7.83064 7.83064 
14.3474 7.98736 26.4282 27.6968 7.84709 7.84652 7.84652 
14.8333 8.03623 26.1928 27.2527 7.9661 7.85943 7.85943 
14.929 7.959 27.1358 26.3111 7.92394 7.8706 7.8706 
15.4143 7.9544 27.7939 25.0802 7.93686 7.9102 7.9102 
15.0298 8.21061 27.0548 26.1557 7.85859 7.84526 7.84526 
15.7284 8.00674 26.2584 26.5275 7.83073 7.82407 7.82407 
17.9099 7.9988 25.8004 24.5651 7.9108 7.90747 7.90747 
18.3368 7.97291 25.7038 24.2031 7.92891 7.92724 7.92724 
18.8814 7.95997 25.3243 24.0221 7.93796 7.93713 7.93713 
17.6304 7.96705 24.4078 26.1274 7.95605 7.95563 7.95563 
18.1748 7.92441 25.6276 24.5169 7.91891 7.9187 7.9187 
19.8264 7.8883 25.7468 22.882 7.88555 7.88545 7.88545 
19.1044 7.86572 25.6185 23.8185 7.86435 7.86429 7.86429 
19.1243 7.98691 24.7462 24.5218 7.87361 7.87359 7.87359 
20.6875 8.46916 25.8002 21.3402 7.901 7.90099 7.90099 
21.8094 8.13529 26.6117 19.89 7.85121 7.8512 7.8512 
24.0115 8.19386 25.9272 18.4401 7.8091 7.8091 7.8091 
26.4376 8.75602 26.9409 14.2201 7.88182 7.88182 7.88182 
26.8992 8.37317 27.1508 13.7686 7.93607 7.93607 7.93607 
25.594 9.54763 27.5798 13.5583 7.90677 7.90676 7.90676 
27.6426 8.81182 26.9728 12.9549 7.87262 7.87262 7.87262 
29.3347 8.53538 25.6516 12.9507 7.84256 7.84256 7.84256 
30.5884 8.74137 26.6416 10.4227 7.86865 7.86865 7.86865 
31.404 8.30863 27.5213 9.1493 7.87227 7.87227 7.87227 
32.0992 8.08041 27.1556 9.07811 7.86223 7.86223 7.86223 
29.0381 8.0632 30.0146 9.36664 7.83916 7.83916 7.83916 
30.0564 8.00356 29.6101 8.65528 7.89154 7.89154 7.89154 
31.5252 7.97327 27.636 9.11379 7.91726 7.91726 7.91726 
29.6051 8.52124 29.4505 8.73351 7.89658 7.89658 7.89658 
30.3198 8.24769 28.9494 8.6771 7.93536 7.93536 7.93536 
30.7562 8.02293 28.1215 9.4991 7.86676 7.86676 7.86676 
31.5286 8.215 27.1138 9.39557 7.91568 7.91568 7.91568 
32.4309 8.01555 26.3155 9.64031 7.86589 7.86589 7.86589 
32.8444 8.19329 26.5062 8.77943 7.89222 7.89222 7.89222 
29.5547 8.07255 30.241 8.36562 7.92201 7.92201 7.92201 
31.3001 8.03196 28.6194 8.17849 7.95669 7.95669 7.95669 
32.2377 7.92593 28.1723 7.9992 7.8883 7.8883 7.8883 
32.194 7.92956 27.7605 8.38373 7.91075 7.91075 7.91075 
31.097 7.96478 28.0231 8.19187 8.81252 7.95537 7.95537 
28.8602 7.87849 31.2193 7.99204 8.30236 7.87379 7.87379 
28.6813 7.92475 31.4309 7.98153 8.13669 7.9224 7.9224 
30.3727 7.87019 29.7435 8.29938 7.97616 7.86902 7.86902 
27.7419 7.9351 32.3162 8.14969 7.98808 7.93451 7.93451 
29.4071 7.90628 29.9437 8.99826 7.93277 7.90599 7.90599 
30.0029 7.94427 27.0561 11.151 7.95752 7.94412 7.94412 
31.0546 7.95987 26.4115 10.688 7.96649 7.95979 7.95979 
31.8757 7.91788 27.1676 9.28194 7.92119 7.91784 7.91784 
32.5345 7.95054 27.0292 8.63257 7.95219 7.95052 7.95052 
32.8067 8.04652 27.1278 8.2603 7.92012 7.91928 7.91928 
33.867 7.97336 26.3498 8.08026 7.91016 7.90974 7.90974 
33.3085 7.98668 26.7999 8.04013 7.95508 7.95487 7.95487 
29.9791 7.92735 29.8974 7.95407 8.41916 7.91145 7.91145 
31.6169 7.85518 28.8638 7.86855 8.10109 7.84723 7.84723 
32.6126 7.84512 28.0401 7.8518 7.96807 7.84114 7.84114 
32.6396 7.92256 27.1312 8.48146 7.98404 7.92057 7.92057 
30.1679 7.88285 30.1097 8.1623 7.91359 7.88185 7.88185 
32.3525 7.89176 28.0345 8.03149 7.90713 7.89127 7.89127 
32.2257 7.85535 28.4206 7.92521 7.86303 7.8551 7.8551 
33.5873 7.88175 26.9654 7.91669 7.8856 7.88163 7.88163 
33.4221 7.83996 27.3588 7.85743 7.84188 7.8399 7.8399 
33.5702 7.84608 27.1898 7.85481 7.84704 7.84605 7.84605 
32.9141 8.18571 27.535 7.84446 7.84057 7.84007 7.84007 
33.0811 8.05705 27.3225 7.88642 7.88448 7.88423 7.88423 
33.1703 8.01966 27.0759 7.93434 7.93337 7.93325 7.93325 
33.6064 7.91054 27.0131 7.86788 7.86739 7.86733 7.86733 
34.1629 7.90537 26.3964 7.88404 7.8838 7.88377 7.88377 
34.4358 7.83618 26.4263 7.82552 7.8254 7.82538 7.82538 
14 14 14 14 14 14 14 
15.3249 16.3401 16.3401 14.1574 14.8173 10.9594 11.0609 
16.9372 16.1896 17.5843 15.3074 14.5216 9.45459 9.50535 
18.2683 16.1778 18.2342 15.6652 14.0562 8.66149 8.68687 
18.3616 16.9587 17.6293 16.2017 14.1812 8.26494 8.27763 
17.8891 16.6796 17.7406 17.0994 14.2749 8.12376 8.1301 
14.8626 16.6858 19.0372 18.0338 15.3317 8.00725 8.01042 
13.5794 17.0836 19.0742 18.5724 15.6658 8.00363 8.00521 
12.289 18.7444 19.0161 18.2587 15.72 7.98155 7.98235 
12.5938 17.6331 18.4211 18.6946 16.7006 7.97628 7.97668 
11.7142 18.1138 17.6293 19.0837 17.5743 7.94129 7.94149 
10.679 18.7008 18.0135 19.1116 17.6892 7.9024 7.90249 
9.32182 18.3474 18.1513 20.4703 17.8417 7.9335 7.93355 
9.00874 18.6408 17.3505 20.9644 18.1074 7.96394 7.96397 
8.97407 18.7901 19.2056 19.1186 18.0688 7.92137 7.92138 
8.42463 19.1276 20.5983 18.0288 18.024 7.89828 7.89828 
8.52138 19.8164 19.8088 17.3354 18.7445 7.88673 7.88673 
8.52986 20.4726 19.2387 15.6141 20.2985 7.9231 7.92311 
8.22747 19.4582 20.8585 16.4526 19.155 7.92409 7.92409 
9.39647 18.5833 20.3995 16.0388 19.771 7.9055 7.9055 
9.83842 19.4941 20.0128 16.6643 18.1409 7.92471 7.92471 
8.91921 18.7841 20.3768 17.4432 18.5519 7.96236 7.96236 
8.42667 20.0956 20.1435 18.8264 16.6113 7.94824 7.94824 
8.9289 20.0029 19.428 19.2934 16.4643 7.94119 7.94119 
9.09408 19.7237 18.6646 19.4461 17.2599 7.90578 7.90578 
8.49049 18.1952 20.1954 19.9909 17.3353 7.89634 7.89634 
8.18685 18.8056 20.7546 19.9225 16.5509 7.88978 7.88978 
9.23715 18.4043 20.4378 19.5679 16.5962 7.87832 7.87832 
8.86597 18.2931 20.1295 20.8868 16.0477 7.88849 7.88849 
8.43298 19.0696 20.1417 21.3665 15.1008 7.94425 7.94425 
8.21649 18.72 21.9227 20.1647 15.0319 7.97212 7.97212 
8.56731 18.2781 20.5374 21.3397 15.4107 7.93343 7.93343 
8.46935 17.8149 20.9232 20.6394 16.305 7.9241 7.9241 
8.42675 17.6727 21.4372 21.2953 15.3171 7.92546 7.92546 
8.5612 18.2067 21.0634 21.7421 14.5551 7.93575 7.93575 
9.06455 18.5169 20.0225 22.4451 14.1448 7.90306 7.90306 
10.5515 19.0498 20.8459 19.6495 14.135 7.88411 7.88411 
10.034 17.8712 21.1874 21.2912 13.7758 7.92022 7.92022 
9.84013 17.6977 23.2143 20.6938 12.7561 7.89901 7.89901 
9.21636 17.9599 23.459 21.6803 11.7854 7.94951 7.94951 
9.56942 19.9877 22.1171 20.8401 11.6292 7.92824 7.92824 
10.3494 19.4865 21.0422 21.9585 11.3792 7.89211 7.89211 
9.66814 19.874 21.5505 21.5185 11.572 7.94932 7.86762 
9.63722 19.5433 20.3028 22.4128 12.3214 7.91167 7.87082 
9.08282 19.8051 20.0176 22.6612 12.6824 7.8856 7.86518 
9.4094 17.4933 20.5699 23.7894 12.9419 7.9032 7.89298 
9.25015 16.102 22.6816 23.7129 12.4214 7.91854 7.91343 
9.06056 15.4704 23.5182 23.8726 12.2591 7.91088 7.90833 
9.5893 15.1551 21.9615 23.0661 14.3926 7.91834 7.91707 
9.5914 15.1385 22.119 22.2648 15.0012 7.94291 7.94227 
10.4794 15.9712 21.6855 22.994 13.0195 7.92533 7.92501 
10.6335 15.4342 23.514 23.1408 11.4755 7.90102 7.90086 
9.72043 16.2492 21.4818 24.231 12.5268 7.89546 7.89538 
9.82655 15.8687 22.7779 23.9842 11.7348 7.90396 7.90392 
9.78931 14.8765 23.0419 25.7937 10.6608 7.91892 7.9189 
10.2044 15.3144 22.2289 25.9942 10.3746 7.94176 7.94175 
9.0565 16.1809 24.5591 23.8055 10.5476 7.92519 7.92518 
8.48508 15.9142 25.0493 24.8524 9.86013 7.91943 7.91943 
9.97731 15.3944 24.6214 24.8814 9.32075 7.90237 7.90237 
8.98105 15.2067 24.1928 27.0795 8.65277 7.94358 7.94358 
10.4727 15.1033 23.9714 26.3076 8.34424 7.90036 7.90036 
10.4522 14.4761 24.126 26.5531 8.5786 7.90701 7.90701 
11.3405 14.5359 23.5028 26.5901 8.23407 7.89828 7.89828 
12.3752 12.2488 25.1614 25.9388 8.52317 7.87634 7.87634 
11.9835 12.9583 26.0755 23.869 9.27888 7.91741 7.91741 
12.878 11.9682 27.409 22.4136 9.42986 7.95072 7.95072 
14.2404 11.4805 25.2293 24.0614 9.0589 7.96472 7.96472 
15.2668 10.2209 24.4273 23.436 10.7413 7.95385 7.95385 
15.6374 11.2369 24.4666 22.884 9.91609 7.92949 7.92949 
16.5958 10.8453 24.6593 22.9805 9.10006 7.90952 7.90952 
14.6673 12.1105 24.2193 24.5476 8.69015 7.88257 7.88257 
13.1717 12.0816 23.6916 26.963 8.29988 7.89609 7.89609 
13.6221 13.3969 22.72 26.3813 8.0945 7.89261 7.89261 
14.1523 14.635 22.4711 24.897 8.01551 7.91456 7.91456 
13.0591 13.0867 23.5219 25.8032 8.70861 7.91027 7.91027 
12.2547 13.1273 23.0205 25.9741 9.88865 7.86735 7.86735 
12.3774 13.1315 24.1162 25.8049 8.86382 7.85317 7.85317 
11.0043 13.7379 24.4556 26.5295 8.42781 7.92248 7.92248 
11.7943 11.588 26.7222 25.7366 8.37121 7.89383 7.89383 
12.0994 11.0421 27.0061 26.0363 8.09782 7.85913 7.85913 
13.1926 9.93282 26.1081 26.2534 8.67076 7.92116 7.92116 
13.9492 10.1135 24.7137 26.7822 8.53706 7.95218 7.95218 
12.2504 10.6922 25.906 26.9402 8.34527 7.93292 7.93292 
13.224 10.0786 25.916 26.9475 8.0821 7.87593 7.87593 
15.442 9.01282 25.9823 25.7254 8.01456 7.91147 7.91147 
18.6474 8.66318 25.5802 23.4328 7.92652 7.87498 7.87498 
20.9387 9.42009 24.9582 20.8978 7.94556 7.91979 7.91979 
20.7288 9.54495 25.5687 20.5904 7.86429 7.8514 7.8514 
22.3378 8.98533 27.4185 17.2797 8.14501 7.91683 7.91683 
24.2174 8.53424 27.2197 16.2611 7.9986 7.88451 7.88451 
25.4657 8.75884 27.676 14.5135 7.90001 7.84297 7.84297 
25.4331 8.72725 28.3689 14.0073 7.84016 7.81164 7.81164 
28.7804 8.29979 25.993 13.3866 7.85625 7.84199 7.84199 
30.0852 8.97053 26.7857 10.6171 7.85189 7.84476 7.84476 
31.8684 8.42321 26.8773 9.24649 7.86389 7.86033 7.86033 
32.383 8.13317 27.382 8.54481 7.85352 7.85173 7.85173 
29.7471 8.1777 30.0243 8.27241 7.92676 7.92587 7.92587 
30.7995 8.28638 29.0862 8.08682 7.914 7.91355 7.91355 
30.9095 8.04775 28.426 9.03256 7.86155 7.86133 7.86133 
29.6483 8.43247 29.1592 9.03241 7.90927 7.90916 7.90916 
29.8779 8.30226 28.7732 9.24739 7.93313 7.93307 7.93307 
31.2613 8.07675 26.7833 10.2022 7.89218 7.89216 7.89216 
29.6822 8.01964 29.4338 9.08237 7.92736 7.92734 7.92734 
28.6755 7.93139 29.6406 10.0967 7.88525 7.88524 7.88524 
29.5645 7.96137 27.8873 10.7719 7.9383 7.9383 7.9383 
28.9744 7.91082 27.3716 12.0453 7.89928 7.89928 7.89928 
29.3148 7.86346 26.9042 12.3445 7.85769 7.85769 7.85769 
29.89 7.88522 26.5916 11.9862 7.88233 7.88233 7.88233 
30.9871 8.04097 27.2302 9.97437 7.92243 7.92243 7.92243 
30.3521 7.91199 28.1198 10.0579 7.85272 7.85272 7.85272 
28.8427 7.956 30.0599 9.3623 7.92636 7.92636 7.92636 
28.8605 7.91595 29.4691 10.0511 7.90113 7.90113 7.90113 
28.3913 7.85408 29.8861 10.3286 7.84667 7.84667 7.84667 
28.908 8.13058 27.9961 11.2484 7.90564 7.90563 7.90563 
29.5384 7.96824 26.7618 12.1643 7.85577 7.85577 7.85577 
29.7692 7.92029 26.3596 12.3587 7.86406 7.86406 7.86406 
29.8389 7.95558 25.5086 12.9145 7.92746 7.92746 7.92746 
30.3557 7.89278 25.0585 13.0568 7.87872 7.87872 7.87872 
29.0171 8.52228 26.4802 12.4436 7.84561 7.84561 7.84561 
30.1413 8.23136 27.5081 10.4402 7.89303 7.89303 7.89303 
30.0395 8.58554 27.6833 10.0018 7.89662 7.89662 7.89662 
30.913 8.35309 26.3707 10.6853 7.89262 7.89262 7.89262 
28.1814 8.16112 30.5375 9.32725 7.93089 7.93089 7.93089 
30.9781 8.16445 28.4034 8.63713 7.93895 7.93895 7.93895 
32.9309 8.03571 26.9924 8.27206 7.92297 7.92297 7.92297 
34.3302 7.92906 26.0755 8.04723 7.87269 7.87269 7.87269 
30.6033 7.95969 29.6237 8.01877 7.9315 7.9315 7.9315 
31.8133 7.93333 28.4165 8.07915 7.91924 7.91924 7.91924 
32.8114 7.89524 27.6606 7.96815 7.88819 7.88819 7.88819 
29.7465 8.0956 30.6465 7.90784 7.86786 7.86786 7.86786 
29.9059 7.96937 29.1577 9.40054 7.8555 7.8555 7.8555 
27.3984 7.91482 31.9369 9.17625 7.85788 7.85788 7.85788 
29.4639 7.95741 29.9685 8.82342 7.92894 7.92894 7.92894 
31.5741 7.9787 27.3 9.25382 7.96447 7.96447 7.96447 
32.0283 8.51371 26.527 9.15127 7.92655 7.92655 7.92655 
31.9122 8.14035 27.8266 8.45913 7.96813 7.84677 7.84677 
29.2284 7.96034 30.046 9.26389 7.87423 7.81355 7.81355 
31.6378 7.94162 27.1215 9.66406 7.89857 7.86823 7.86823 
28.868 7.97598 31.0026 8.708 7.82525 7.81008 7.81008 
30.2349 8.10054 30.0035 8.2501 7.80873 7.80115 7.80115 
31.899 7.95832 27.7604 8.95264 7.81241 7.80862 7.80862 
28.9292 8.2681 30.8102 8.42666 7.85654 7.85465 7.85465 
28.4646 8.35627 30.4051 8.99111 7.92827 7.92732 7.92732 
29.9024 8.09566 28.5015 9.85638 7.88166 7.88119 7.88119 
30.4329 7.94691 27.8975 10.2034 7.83991 7.83968 7.83968 
27.8301 7.95073 30.767 9.7608 7.89723 7.89711 7.89711 
28.6519 7.97536 29.4887 10.0383 7.94861 7.94856 7.94856 
29.5837 7.90521 28.3526 10.4831 7.89183 7.8918 7.8918 
31.0256 7.84871 26.2975 11.3021 7.84202 7.84201 7.84201 
32.2891 7.87172 25.2102 11.0239 7.86838 7.86837 7.86837 
32.7255 8.04897 25.8442 9.62505 7.91877 7.91876 7.91876 
33.1444 7.93253 26.6002 8.72057 7.86743 7.86743 7.86743 
33.4858 7.91688 26.6335 8.3109 7.88433 7.88433 7.88433 
32.7541 8.31237 27.2212 8.08804 7.87475 7.87475 7.87475 
31.7526 8.61628 27.8125 8.03463 7.92799 7.92799 7.92799 
32.0689 8.24687 28.02 7.95604 7.90272 7.90272 7.90272 
32.4279 8.1047 27.7102 7.95929 7.93263 7.93263 7.93263 
31.985 8.02431 28.2243 7.95161 7.93828 7.93828 7.93828 
32.5179 7.93165 27.5655 8.31902 7.88863 7.88863 7.88863 
29.7871 7.86193 30.6659 8.05562 7.94864 7.84042 7.84042 
14 14 14 14 14 14 14 
15.6082 14.4742 17.4639 15.2474 13.701 10.9691 11.5361 
16.559 15.6677 16.968 16.3786 14.7623 9.44044 9.72394 
17.6764 17.0905 15.707 15.9733 15.7262 8.71741 8.85917 
17.7008 16.3739 16.6423 16.4061 15.9872 8.34689 8.41777 
16.3467 17.8571 15.9673 17.4235 16.0146 8.14646 8.1819 
14.4052 19.2184 16.8967 17.4074 15.9058 8.05874 8.07646 
14.4306 18.9982 18.0609 15.8572 16.6712 7.9787 7.98756 
12.15 21.0376 18.1016 16.6369 16.1005 7.98064 7.98507 
12.5498 21.5979 18.0436 16.7357 15.1726 7.94715 7.94937 
11.8953 19.6311 19.6787 17.054 15.9074 7.91518 7.91629 
10.8311 20.0196 19.8248 17.7107 15.8254 7.89345 7.89401 
10.8251 19.5152 20.3452 17.5879 15.9498 7.88799 7.88827 
10.0861 20.0692 19.5198 18.3637 16.2093 7.87575 7.87589 
9.59531 18.9152 19.3121 19.6296 16.7614 7.8931 7.89317 
9.30836 19.0906 18.9068 20.1359 16.714 7.92208 7.92212 
10.1218 18.5381 19.1656 20.1399 16.1987 7.91788 7.91789 
9.51493 18.5363 18.3472 20.9895 16.7919 7.91009 7.9101 
8.69686 19.7985 19.2494 18.6008 17.8656 7.89444 7.89444 
8.37478 19.4161 19.4343 20.135 16.8391 7.90037 7.90037 
8.17512 19.2172 18.2294 19.7301 18.7723 7.93791 7.93791 
9.54211 20.1389 17.7511 18.7287 18.0225 7.90835 7.90835 
9.68042 20.6435 18.3922 18.9565 16.5641 7.88167 7.88167 
10.0275 20.4802 18.418 19.1324 16.1351 7.90337 7.90337 
9.06384 20.1812 19.9601 19.6546 15.284 7.92812 7.92812 
9.32952 19.9857 18.6757 20.2471 15.8879 7.93707 7.93707 
10.0802 18.5982 20.688 20.0642 14.7689 7.90029 7.90029 
10.6572 19.0301 20.6288 19.2884 14.5838 7.90584 7.90584 
9.99025 19.2143 20.6903 19.0427 15.1866 7.93788 7.93788 
9.73586 19.6071 19.0118 19.9658 15.7415 7.96894 7.96894 
8.98186 19.6928 18.4458 20.5842 16.415 7.94017 7.94017 
8.53447 19.0999 18.943 21.2563 16.2946 7.93587 7.93587 
8.2186 19.8083 20.0338 21.2665 14.8342 7.9193 7.9193 
8.04631 20.9278 21.2767 20.1608 13.7951 7.89666 7.89666 
7.96853 21.3137 20.5018 21.006 13.4226 7.8937 7.8937 
7.90583 21.7679 20.1365 21.8592 12.5936 7.86842 7.86842 
8.83096 22.1848 19.0927 20.5231 13.5326 7.91795 7.91795 
9.38443 22.2725 18.8631 20.8982 12.7446 7.9186 7.9186 
9.35784 20.312 21.2511 20.869 12.3598 7.92509 7.92509 
9.43685 19.7553 21.0596 20.952 13.0247 7.88575 7.88575 
8.81069 20.2943 22.2114 19.479 13.432 7.88633 7.88633 
8.59295 20.7837 20.4022 20.4598 14.0024 7.87951 7.87951 
8.23943 19.7039 21.7783 19.6259 14.8871 7.88271 7.88271 
9.08604 19.027 21.9161 19.2405 14.9351 7.89758 7.89758 
8.52226 19.3751 20.6466 21.731 13.869 7.92803 7.92803 
8.21736 19.7044 19.2459 22.0608 14.9311 7.92024 7.92024 
8.44925 18.6168 21.8099 21.214 14.1434 7.88333 7.88333 
8.55325 17.3473 23.6258 21.2077 13.4321 7.91693 7.91693 
9.01084 16.3979 22.1119 22.8962 13.6928 7.94518 7.94518 
8.5476 16.1954 21.6886 24.3655 13.349 7.92689 7.92689 
8.41932 16.4733 20.6582 24.0271 14.5425 7.93976 7.93976 
8.22362 16.4391 20.8003 24.0554 14.6884 7.89658 7.89658 
9.52193 16.073 20.9586 24.5059 13.1906 7.87499 7.87499 
9.53161 16.6603 20.5711 24.5465 12.9256 7.88245 7.88245 
9.51537 17.2248 20.6482 24.104 12.6804 7.91359 7.91359 
8.8264 16.4786 22.7111 24.439 11.6747 7.9351 7.9351 
8.36509 16.3149 22.9535 24.5906 11.937 7.91944 7.91944 
8.65623 17.2803 21.9153 24.4006 11.9334 7.90709 7.90709 
9.30049 18.2166 21.1787 25.0916 10.3866 7.91303 7.91303 
10.1746 18.0034 20.889 24.9054 10.2495 7.8891 7.8891 
9.74247 17.5362 23.2031 22.6251 11.073 7.91007 7.91007 
8.82876 17.7449 22.9915 24.44 10.1697 7.91256 7.91256 
8.34795 19.1871 21.1111 24.6326 10.9415 7.88985 7.88985 
8.71026 19.0694 20.9386 24.6147 10.9143 7.87638 7.87638 
8.88307 20.0357 20.3922 24.9278 9.98509 7.88809 7.88809 
8.5351 19.6669 20.625 25.9142 9.37851 7.94015 7.94015 
8.24903 19.7409 23.1829 23.42 9.50407 7.95155 7.95155 
8.07188 18.9798 23.1299 23.3497 10.6225 7.92315 7.92315 
8.61684 17.4821 23.8456 24.1505 9.9896 7.95767 7.95767 
9.0655 17.7491 22.7528 24.8283 9.75189 7.92621 7.92621 
9.29466 16.6127 23.9756 25.311 8.9434 7.93136 7.93136 
9.66782 14.7612 24.2829 26.1801 9.18482 7.96158 7.96158 
9.48738 15.4994 23.3296 26.5554 9.24587 7.94119 7.94119 
10.0515 15.6053 22.1743 26.1227 10.2493 7.89841 7.89841 
10.9013 13.563 23.76 26.4254 9.61772 7.86625 7.86625 
11.601 13.1597 23.3834 25.8551 10.1619 7.91946 7.91946 
11.7145 13.5691 22.3369 26.691 9.81215 7.93822 7.93822 
10.2902 13.4856 23.8488 26.4383 10.1638 7.88664 7.88664 
11.058 11.8258 24.6838 26.4971 10.1649 7.88523 7.88523 
10.9372 10.8108 27.546 25.2894 9.57224 7.92221 7.92221 
11.0963 10.3838 28.9245 24.9824 8.89867 7.85721 7.85721 
12.691 9.4776 27.2095 26.4472 8.40538 7.88465 7.88465 
14.3875 9.28426 26.4253 25.9276 8.16539 7.90503 7.90503 
14.3523 8.60689 26.7589 26.3999 8.04746 7.91727 7.91727 
14.9697 8.25081 25.424 27.5724 7.9711 7.906 7.906 
15.3677 8.06685 25.6624 27.1871 7.92699 7.89444 7.89444 
14.81 8.00539 25.0976 28.3132 7.93546 7.91918 7.91918 
14.6613 7.97095 24.6803 28.8958 7.93598 7.92785 7.92785 
13.9124 8.76254 25.5036 27.9299 8.10812 7.89174 7.89174 
12.8675 8.56846 27.1607 27.6349 7.99495 7.88675 7.88675 
13.2134 8.20372 27.4575 27.4827 7.91696 7.86287 7.86287 
14.8508 8.06332 26.4696 26.9105 7.91994 7.89289 7.89289 
15.5975 8.44026 25.923 26.251 7.93846 7.92494 7.92494 
16.2257 9.38867 24.7592 25.9345 7.90182 7.89505 7.89505 
16.8888 8.62043 25.0817 25.7848 7.87701 7.87362 7.87362 
17.7127 9.31022 26.3213 23.1363 7.84094 7.83925 7.83925 
20.8564 8.65511 26.494 20.2348 7.92047 7.91963 7.91963 
23.1709 9.18192 26.8392 17.2776 7.84373 7.84331 7.84331 
22.8267 8.57223 27.7053 17.1868 7.90313 7.90292 7.90292 
23.2738 8.35588 28.6201 16.0353 7.90505 7.90495 7.90495 
25.1106 8.17794 26.2048 16.6492 7.95253 7.95247 7.95247 
25.2119 8.099 26.8869 16.2193 7.86098 7.86095 7.86095 
25.0791 8.02799 27.4219 15.4215 8.23156 7.90897 7.90897 
25.913 7.9899 28.2893 13.8553 8.09169 7.93039 7.93039 
26.3608 7.93112 27.6553 14.2681 7.98201 7.90136 7.90136 
27.0499 8.39446 25.7157 15.0595 7.95371 7.91339 7.91339 
27.1518 8.18046 25.0172 15.8106 7.96008 7.93992 7.93992 
27.1068 8.08508 29.0034 11.9002 7.97489 7.96481 7.96481 
27.7736 7.94162 29.1806 11.4547 7.88653 7.88149 7.88149 
28.7183 7.90339 28.1858 11.57 7.87585 7.87333 7.87333 
26.7247 7.93019 31.0822 10.5162 7.91642 7.91516 7.91516 
26.3128 7.90654 31.8699 10.2131 7.89965 7.89902 7.89902 
25.9821 8.66269 28.8608 12.9222 7.85764 7.85733 7.85733 
26.3743 8.2928 28.6702 12.9921 7.89028 7.89012 7.89012 
27.1165 8.0965 26.7052 14.3963 7.89524 7.89516 7.89516 
26.2032 7.99257 29.0138 13.1146 7.89194 7.8919 7.8919 
26.3584 7.96288 29.747 12.194 7.91257 7.91255 7.91255 
28.8902 7.88052 28.2909 11.3723 7.85537 7.85536 7.85536 
31.9035 7.8595 27.0908 9.60537 7.84692 7.84692 7.84692 
32.4059 7.88383 27.3209 8.75676 7.87754 7.87754 7.87754 
32.9837 8.96475 25.8751 8.37382 7.93421 7.9342 7.9342 
29.3797 8.42032 30.36 8.12486 7.90505 7.90505 7.90505 
28.9432 8.84817 30.4515 8.0217 7.9118 7.9118 7.9118 
30.73 8.32163 28.3661 9.02199 7.85345 7.85345 7.85345 
31.8509 8.06537 27.4151 9.17477 7.83128 7.83128 7.83128 
31.8406 8.01147 27.8985 8.56616 7.89442 7.89442 7.89442 
32.9342 9.09833 26.1021 8.21827 7.8824 7.8824 7.8824 
32.1586 8.53852 27.4127 8.0985 7.93056 7.93056 7.93056 
32.0837 8.24277 27.3929 8.46426 7.93879 7.93879 7.93879 
33.7101 8.08773 26.1964 8.19848 7.93574 7.93574 7.93574 
33.8786 8.43359 25.8391 8.06069 7.92933 7.92933 7.92933 
30.2627 8.25871 29.9854 7.92256 7.85688 7.85688 7.85688 
29.8248 8.04056 30.4261 8.18961 7.83964 7.83964 7.83964 
30.0772 8.08621 28.9493 9.25964 7.87587 7.87587 7.87587 
32.0454 8.01136 26.9463 9.27835 7.90619 7.90619 7.90619 
31.4245 7.91193 28.5401 8.54542 7.85934 7.85934 7.85934 
29.7418 7.9644 30.6203 8.17567 7.83263 7.83263 7.83263 
30.2743 7.89418 30.3468 7.99981 7.82829 7.82829 7.82829 
32.5598 7.86462 28.1631 7.91743 7.83167 7.83167 7.83167 
33.1046 7.84226 27.7071 7.86867 7.82579 7.82579 7.82579 
32.575 7.8984 27.9445 7.91161 7.89017 7.89017 7.89017 
33.4367 7.84675 27.3353 7.85335 7.84263 7.84263 7.84263 
33.2382 7.99827 27.2139 7.89143 7.88607 7.88607 7.88607 
32.9361 8.31149 27.1268 7.90842 7.90574 7.90574 7.90574 
33.0331 8.83054 26.4699 7.91763 7.91629 7.91629 7.91629 
33.7455 8.39117 26.1265 7.93472 7.93405 7.93405 7.93405 
33.0299 9.6541 25.727 7.89749 7.89715 7.89715 7.89715 
34.2455 8.72776 25.6295 7.84945 7.84929 7.84929 7.84929 
34.2312 8.33978 25.8268 7.90063 7.90055 7.90055 7.90055 
33.2881 8.07825 27.1991 7.85867 7.85863 7.85863 7.85863 
32.5876 8.7029 26.9401 7.83389 8.26771 7.83387 7.83387 
30.5998 9.4506 28.0593 7.88295 8.2415 7.88294 7.88294 
31.0949 10.06 27.0004 7.91637 8.09565 7.91637 7.91637 
33.2779 8.93072 26.2661 7.85889 7.94853 7.85889 7.85889 
33.7092 8.46052 26.0871 7.9246 7.96942 7.9246 7.9246 
33.2296 8.23026 26.6685 7.9623 7.98471 7.9623 7.9623 
32.3099 8.26311 27.7961 7.90492 7.91612 7.90492 7.90492 
33.1361 8.14099 27.3415 7.84397 7.84957 7.84397 7.84397 
31.4825 7.98248 29.0742 7.83396 7.95902 7.83396 7.83396 
33.6784 7.915 26.981 7.84075 7.90327 7.84075 7.84075 
14 14 14 14 14 14 14 
14.6572 15.7221 16.2292 13.5923 16.1278 10.9554 11.716 
16.9833 15.0861 18.2169 14.4048 15.5447 9.44188 9.82221 
15.8156 16.5571 16.7845 16.9912 16.0822 8.6646 8.85477 
13.6965 17.9023 17.1477 17.1786 17.2307 8.31204 8.40712 
13.143 17.2487 18.159 16.8154 18.3435 8.09021 8.13775 
12.2178 17.614 18.812 18.3631 16.9727 7.9827 8.00647 
11.9071 19.0479 18.2163 18.6695 16.1671 7.98231 7.9942 
11.7745 19.3001 20.3022 17.6183 15.0985 7.94638 7.95232 
9.84617 21.0137 18.7288 18.5599 15.9803 7.93213 7.93511 
8.87992 20.7946 20.3716 18.0569 16.0477 7.9229 7.92439 
8.4164 21.7375 20.0532 18.5277 15.3876 7.93789 7.93863 
8.41795 20.9869 19.4062 18.0526 17.2211 7.95713 7.9575 
8.16581 19.0546 20.4945 18.9544 17.4595 7.9354 7.93558 
8.49691 18.5075 21.6628 19.3706 15.9596 8.07729 7.92517 
8.20959 19.5677 19.8747 20.8961 15.5284 7.99978 7.92372 
8.65025 19.1728 19.4754 21.1783 15.6628 7.94922 7.91119 
8.3041 20.5474 19.2722 20.2738 15.7143 7.95359 7.93457 
8.57484 18.7444 19.2313 21.906 15.6533 7.94981 7.9403 
8.29617 19.5034 18.2162 21.9588 16.2086 7.91076 7.90601 
9.03358 19.141 19.0318 20.7504 16.1959 7.92485 7.92247 
8.97585 18.9272 19.0188 20.4629 16.7968 7.90979 7.9086 
8.63539 19.5251 17.9579 20.9842 17.0005 7.94875 7.94816 
8.27664 20.5397 18.0699 21.1226 16.1249 7.93332 7.93302 
9.19275 19.1345 18.2884 20.2813 17.2382 7.93245 7.9323 
8.74452 17.6413 19.1442 20.1407 18.3969 7.96622 7.96615 
8.37226 18.8207 18.4952 20.2242 18.1215 7.98311 7.98307 
8.87821 19.2344 17.8253 19.2763 18.8115 8.02381 7.95048 
8.39047 18.2038 19.475 19.8965 18.1443 7.96327 7.92661 
8.14261 18.9316 19.0254 20.0876 17.9731 7.92901 7.91067 
8.80103 19.0754 17.846 20.3291 18.0706 7.94348 7.93432 
9.36176 19.1501 18.3029 20.1645 17.1749 7.92523 7.92065 
9.28028 17.8837 19.6856 20.2455 17.1186 7.89437 7.89207 
8.85408 18.3422 19.4052 21.9542 15.6095 7.91801 7.91686 
8.39651 19.7818 18.0232 22.1221 15.82 7.92847 7.9279 
8.14147 21.6417 19.3428 19.6573 15.4021 7.90745 7.90717 
8.0676 20.8522 19.9379 19.5465 15.6948 7.95059 7.95045 
7.99959 20.0684 18.6004 21.8261 15.6234 7.94108 7.94101 
8.23432 18.7476 20.4565 21.988 14.6521 7.96077 7.96073 
9.89947 18.3023 20.4323 21.7933 13.6186 7.97698 7.97697 
8.987 19.5549 20.1541 22.1544 13.2534 7.94812 7.94811 
8.61212 21.4743 20.7031 20.7148 12.228 8.33979 7.92793 
8.97595 21.9288 20.3354 21.549 11.1865 8.11515 7.90921 
9.40025 21.8416 21.1326 21.0377 10.681 8.00494 7.90197 
9.73259 21.1481 19.9819 22.7753 10.4541 7.97974 7.92826 
9.38891 21.1268 20.2087 23.113 10.3359 7.92622 7.90048 
8.65736 20.9344 22.4146 21.0843 11.0702 7.92601 7.91314 
8.82214 19.9443 23.2171 21.8167 10.437 7.88457 7.87814 
8.33443 20.1911 24.0173 20.6711 11.0579 7.86564 7.86243 
8.16027 20.8595 23.3802 20.6654 11.0845 7.92588 7.92427 
9.04529 21.8409 22.8399 20.6986 9.81055 7.8828 7.882 
8.98234 21.212 20.9397 22.6134 10.4799 7.88651 7.88611 
8.59701 22.0111 19.5027 23.3505 10.8056 7.86661 7.86641 
8.71791 20.451 20.4966 23.6337 10.8621 7.91944 7.91934 
8.30633 21.1027 22.6167 21.2905 10.8696 7.90709 7.90704 
8.65923 21.2966 21.447 21.7371 10.9807 7.93968 7.93965 
9.26678 21.2407 21.2262 21.7303 10.6968 7.91957 7.91956 
9.54248 20.6204 22.0676 21.4106 10.4393 7.95979 7.95978 
9.79054 20.9279 20.7829 22.3848 10.239 7.93742 7.93742 
9.91386 21.3376 19.5922 21.5084 11.718 7.96499 7.96499 
8.95321 21.6353 18.4392 22.4642 12.5504 7.97878 7.97878 
8.56583 21.7842 18.978 21.9199 12.7808 7.98567 7.98567 
8.77729 21.4726 19.5077 22.7577 11.6338 7.92542 7.92542 
10.213 19.7865 20.4169 22.6692 11.1037 7.90536 7.90536 
9.63283 19.5775 20.84 24.0714 9.97288 7.95268 7.95268 
9.48308 17.5983 24.2295 22.8929 9.84358 7.97634 7.97634 
10.864 15.2277 24.8699 23.5893 9.51363 7.96776 7.96776 
10.8584 15.6565 25.9039 22.9381 8.72968 7.95675 7.95675 
11.6258 16.3753 23.5289 24.2895 8.31783 7.93137 7.93137 
12.0749 15.3167 24.0959 24.4762 8.20516 7.91559 7.91559 
12.2875 14.4943 25.4268 24.0545 8.00883 7.86404 7.86404 
12.4818 13.887 24.7859 25.2063 7.92796 7.85556 7.85556 
12.6819 13.1662 24.0741 25.9219 8.43996 7.85791 7.85791 
