5 80000 300 266
14 14 14 14 14 14 14 
13.8376 12.1282 13.2678 16.5442 14.6923 13.339 15.1909 
16.1781 11.916 15.3006 18.9387 14.9017 10.6695 11.5954 
15.4256 14.4109 16.9007 19.9159 13.9899 9.322 9.78496 
16.1673 14.3873 18.4503 18.3216 14.995 8.661 8.89248 
14.0427 15.8529 18.5362 19.5891 15.3187 8.24111 8.35685 
14.1642 16.7019 18.6558 18.6721 15.3124 8.30423 8.15802 
13.2171 16.5309 18.0191 18.2318 16.5519 9.36684 8.06674 
12.198 15.4809 21.2047 18.3638 16.1012 8.64683 7.99678 
10.6633 15.728 22.7393 17.9994 16.0381 8.88773 7.9403 
11.1201 14.85 22.2479 20.1773 15.2047 8.43588 7.96217 
11.4672 14.7035 21.567 19.4768 15.8302 9.07026 7.88404 
11.0442 15.1674 21.7053 20.5601 15.2297 8.44295 7.84983 
10.4911 15.5547 19.9624 20.632 16.3105 9.19042 7.85866 
10.5691 15.9193 20.9415 19.3974 16.7148 8.56181 7.89593 
11.4176 16.4836 19.6184 18.9503 16.3615 9.27051 7.89807 
11.184 17.2294 20.3464 17.7396 16.1353 9.49063 7.87465 
10.8965 18.6343 21.2734 18.1036 14.2563 8.96928 7.8666 
11.1184 17.977 20.6367 18.2271 15.6848 8.50526 7.85083 
12.5822 18.2128 19.7523 16.8703 15.3896 9.28408 7.90864 
11.5489 17.6631 20.3916 18.9506 14.0865 9.4874 7.87185 
10.1043 19.7594 20.6082 17.8258 14.466 9.38287 7.85345 
9.3956 20.2837 21.3142 18.2058 14.3037 8.63083 7.86612 
10.0057 19.3775 21.379 18.7632 13.6274 8.98633 7.86087 
10.3858 18.5915 20.3168 19.7336 13.2319 9.87619 7.86418 
11.304 17.4068 20.3806 18.6446 14.1715 10.1603 7.93209 
10.5012 17.7551 19.5653 18.0507 15.4909 10.6836 7.95311 
9.93808 19.2942 18.8452 17.6712 15.9746 10.3418 7.93489 
9.86266 19.7535 19.3162 18.0909 14.6894 10.3837 7.90362 
9.84586 19.3853 19.2735 19.5155 14.2892 9.78585 7.9048 
9.96585 20.2077 19.7226 19.629 13.2605 9.29207 7.92236 
10.1137 20.0636 20.9277 19.9755 11.8616 9.1732 7.88472 
11.2107 19.5922 21.5627 18.7789 11.755 9.20198 7.8984 
10.532 20.6976 20.2153 18.0897 12.4813 10.0517 7.93243 
10.2336 19.5281 20.6908 18.3321 13.8 9.45351 7.9619 
10.2608 17.8916 21.045 19.557 14.3074 9.04774 7.89041 
11.7543 18.3475 20.4584 18.2187 13.1366 10.1863 7.8982 
12.1941 18.1673 20.1864 17.1393 14.4912 9.91112 7.91056 
11.9859 18.5281 19.6487 17.0141 14.4678 10.4 7.95528 
10.5674 18.2002 19.9308 18.7198 14.5743 10.0936 7.91381 
9.37855 19.0139 19.4481 18.9504 15.3691 9.89595 7.94397 
9.68927 18.4431 18.873 19.3688 16.8335 8.88414 7.90816 
10.7142 17.5911 19.3278 18.9235 16.6776 8.89859 7.86712 
10.5844 17.3183 19.323 17.9845 17.5433 9.33566 7.91083 
10.2278 17.1355 19.3181 18.1124 17.2481 10.0326 7.92537 
9.58818 18.523 20.2855 17.4455 16.5659 9.71431 7.87768 
9.06105 18.6707 21.8495 18.1319 15.3945 9.0147 7.87757 
9.33402 19.9249 22.4968 17.1446 14.2475 8.98333 7.86892 
9.98154 19.3984 22.4198 17.1406 14.6075 8.61314 7.83901 
10.0972 19.4865 22.061 16.9746 14.5378 8.98742 7.85568 
9.02585 19.175 22.8487 16.4418 14.8825 9.72098 7.90511 
8.83782 19.7141 22.8167 17.5036 14.5088 8.76345 7.85551 
10.2379 19.9864 20.4601 16.1872 16.8449 8.36879 7.91482 
10.0758 19.2604 19.3895 17.0375 17.7975 8.49474 7.94448 
9.82053 19.5215 19.26 18.6275 15.7466 9.13867 7.88528 
10.0079 20.8237 19.2829 18.7497 14.0555 9.23311 7.8472 
9.97083 18.69 20.8997 19.1983 13.9814 9.36269 7.89711 
9.43976 18.5878 23.1447 18.7305 13.6722 8.5789 7.8461 
8.87743 19.0313 22.0757 20.1968 13.5101 8.447 7.86178 
9.19535 18.8077 21.7679 21.4922 12.3966 8.42704 7.91319 
9.59768 19.2902 20.7703 20.9734 12.221 9.21352 7.93387 
9.0105 18.0684 22.2642 21.7178 12.158 8.81842 7.96261 
9.49391 17.0841 22.2432 22.4235 12.3148 8.49084 7.94956 
9.45155 14.9972 22.1719 23.028 13.3784 9.05943 7.91351 
10.1927 14.5601 22.9311 22.4479 12.6118 9.31331 7.94309 
10.4863 15.9956 22.2454 21.201 12.9573 9.24381 7.87063 
10.3078 17.4806 22.2218 19.8678 13.2674 8.93225 7.92238 
9.47762 18.3855 21.8648 20.2443 12.6204 9.45504 7.95232 
9.39513 16.9533 20.9102 20.4326 14.1816 10.1599 7.96729 
9.26278 15.868 21.8682 20.8685 14.0473 10.1886 7.89669 
8.77937 15.6694 21.6964 20.2997 15.3196 10.3634 7.87211 
8.72302 15.6125 21.8482 21.8165 13.6598 10.4039 7.93606 
8.26059 17.3246 21.1305 22.3761 12.4492 10.5919 7.86711 
9.39962 17.9129 21.1039 21.3754 12.0794 10.214 7.91482 
8.58997 18.453 23.1378 18.2392 13.4768 10.2557 7.84757 
8.87088 20.0524 22.5064 18.6062 12.542 9.59215 7.83004 
8.60211 20.2739 22.4018 19.4382 12.6899 8.73752 7.85646 
8.2181 19.8144 21.6848 19.0509 14.4095 8.97705 7.84528 
8.23749 18.9668 20.7048 20.3053 14.7735 9.19036 7.82172 
8.46173 20.0625 20.1519 20.509 14.4024 8.60409 7.80841 
8.17518 20.008 19.0087 19.9993 16.1339 8.82641 7.84852 
9.27523 18.834 19.99 20.3749 14.9102 8.71784 7.89777 
9.64927 19.79 19.5521 19.2784 15.264 8.55472 7.91159 
9.81355 19.0968 20.1973 20.1713 14.5056 8.26849 7.94693 
10.3846 19.222 21.7537 18.4773 13.8962 8.33005 7.93617 
10.7998 19.5409 22.2086 18.3508 13.0228 8.13699 7.94005 
10.2275 19.8854 22.1388 18.3708 13.0631 8.43631 7.87807 
10.9685 21.1839 22.0764 17.9676 11.6838 8.19942 7.9203 
10.2965 22.0943 20.6626 17.4345 13.471 8.09032 7.95076 
9.99085 21.5798 20.6219 17.6761 13.6362 8.52458 7.97054 
9.2581 21.1586 20.5644 17.2482 15.6891 8.17934 7.90232 
10.2116 20.4094 20.7191 17.1192 15.4902 8.21588 7.83465 
10.4502 20.5372 21.9985 16.5169 14.6334 8.02718 7.83657 
9.9126 19.5234 21.456 17.5132 15.7302 7.97994 7.88463 
9.28885 17.1388 21.0324 18.3585 18.0524 8.20543 7.92358 
11.386 15.0862 22.8758 17.6062 16.8914 8.26002 7.89437 
13.3386 14.0965 21.8748 18.6332 16.2127 8.0135 7.83068 
12.5297 12.7839 24.0297 18.7929 15.7123 8.24615 7.90537 
12.1401 13.9459 24.3649 18.9888 14.331 8.31972 7.90952 
13.4775 14.7507 24.2812 16.6549 14.5729 8.35739 7.90538 
12.2651 14.0859 26.2196 17.9327 13.0759 8.5208 7.90006 
12.3825 14.3543 25.1381 18.6362 13.2597 8.38776 7.84154 
13.8555 13.2599 24.8561 20.0237 11.861 8.33013 7.81371 
13.7404 13.6859 24.3502 20.4741 11.8916 8.05801 7.7998 
12.7015 12.9223 25.2024 20.907 12.2733 8.1233 7.87012 
12.0236 14.5087 23.8149 20.7438 12.9968 8.01943 7.89285 
12.1031 14.9955 23.2019 20.6511 13.2243 7.94373 7.88043 
14.2095 15.2609 22.522 19.7992 12.27 8.05081 7.88758 
13.2875 14.6197 24.0298 19.577 12.721 7.92325 7.84164 
13.8269 14.2113 23.2825 20.7744 12.1352 7.90529 7.86448 
13.1472 14.6381 24.1088 19.7379 12.691 7.84875 7.82835 
14.6742 13.8833 23.5069 20.3438 11.9321 7.83499 7.82479 
14.2248 14.3396 26.2943 18.3352 11.0681 7.87158 7.86648 
15.7845 12.3189 27.6458 18.2462 10.2766 7.86533 7.86278 
15.0883 12.7351 27.2224 18.9246 9.977 8.15103 7.90161 
15.4318 12.3836 27.916 19.088 9.40027 7.95252 7.82781 
16.7833 13.0571 27.3 17.7046 9.49288 7.86227 7.79992 
17.4247 12.7626 25.7365 19.2849 9.07214 7.87516 7.84398 
17.6313 13.1381 25.3007 19.7776 8.45499 7.8565 7.84091 
16.8978 12.5964 26.486 20.0258 8.2001 7.90085 7.89306 
17.4301 13.6709 25.1733 20.0665 7.98745 7.83782 7.83393 
15.6789 13.9385 24.7036 19.7826 10.2611 7.81863 7.81669 
15.2417 13.8128 25.201 19.9471 10.1585 7.81993 7.81896 
14.8834 14.7276 25.4497 19.6104 9.68819 7.82058 7.82009 
15.0348 13.6675 28.0543 18.2579 9.42862 7.77848 7.77824 
14.5779 13.462 27.1396 19.9359 9.32526 7.77973 7.77961 
15.9784 13.4262 26.5327 18.9423 9.36349 7.87847 7.87841 
17.5701 13.2999 25.6915 18.4532 9.32246 7.83145 7.83142 
19.0378 11.7061 26.3289 18.3558 8.87471 7.84831 7.84829 
18.007 11.8212 26.4271 19.5227 8.41614 7.90293 7.90293 
16.3564 11.4989 25.8606 21.232 9.20807 7.92206 7.92205 
15.1187 10.7069 25.8198 22.6556 9.84483 7.92703 7.92703 
16.731 10.531 26.5194 21.2391 9.06443 7.9576 7.9576 
16.7726 11.1652 25.5016 21.0915 9.54696 7.9611 7.9611 
17.4514 11.5316 24.5072 21.0273 9.58935 7.94656 7.94656 
17.0591 11.6566 26.1904 19.8528 9.53605 7.85259 7.85259 
17.3446 11.0306 26.39 20.909 8.66976 7.82803 7.82803 
18.2711 12.9652 25.2294 19.4803 8.48961 7.78221 7.78221 
17.8376 12.5298 25.7415 19.4747 8.66958 7.87341 7.87341 
18.5505 12.6388 24.9104 19.794 8.3008 7.90271 7.90271 
16.9797 11.1936 25.9772 22.0039 8.08122 7.88217 7.88217 
17.0341 10.9766 26.5962 21.445 8.15453 7.89678 7.89678 
19.2746 11.7004 25.5708 18.7528 8.92575 7.88778 7.88778 
18.2204 12.1172 23.2759 21.3655 9.23127 7.89485 7.89485 
17.7928 11.2981 24.0631 21.1618 10.0049 7.83964 7.83964 
18.5427 11.1153 25.8579 19.5841 9.34326 7.77834 7.77834 
18.3754 9.45939 28.3914 19.6186 8.57337 7.7909 7.7909 
19.5623 9.77292 27.7404 18.743 8.60945 7.78594 7.78594 
20.2041 10.0224 27.9185 17.8307 8.38327 7.82046 7.82046 
19.6475 9.55666 28.2017 18.7639 8.13103 7.84963 7.84963 
18.6721 9.97496 27.4435 19.4943 8.70035 7.8574 7.8574 
18.7756 9.41226 27.8811 19.6291 8.47997 7.911 7.911 
19.6772 8.56465 27.9277 20.104 8.0985 7.81402 7.81402 
19.1944 9.03693 26.5405 21.2483 8.19036 7.89474 7.89474 
19.8691 9.20124 27.6207 19.5365 8.02267 7.87486 7.87486 
20.1357 8.91097 28.1782 19.251 7.89065 7.81674 7.81674 
19.3432 10.1077 27.2775 19.3357 8.29315 7.82141 7.82141 
20.7997 9.01724 27.968 18.3569 8.10999 7.87412 7.87412 
19.7121 9.23642 27.8809 19.4936 8.06646 7.80526 7.80526 
19.0936 9.75017 26.9903 20.4506 7.99217 7.86157 7.86157 
20.2719 8.80258 26.6371 20.6483 7.92358 7.85828 7.85828 
19.991 9.61868 26.0722 20.7589 7.87483 7.84218 7.84218 
19.2143 9.18434 26.0048 22.0982 7.84367 7.82734 7.82734 
18.5815 8.91909 26.464 22.5876 7.92824 7.75982 7.75982 
18.1322 8.88028 27.1039 22.2694 7.92754 7.84333 7.84333 
20.4566 8.43422 25.5342 21.7856 7.95785 7.91575 7.91575 
18.3076 9.70492 26.1817 21.716 8.24722 7.92129 7.92129 
17.6747 10.1579 27.2388 21.3081 7.98213 7.81916 7.81916 
18.932 9.49537 26.5531 21.3796 7.93428 7.8528 7.8528 
17.6359 9.32285 27.3289 22.1277 7.88871 7.84797 7.84797 
18.818 9.74079 25.2517 22.3337 8.07134 7.89224 7.89224 
17.9057 10.2626 25.5344 22.6048 7.95724 7.86769 7.86769 
17.6554 10.0363 27.3241 21.2707 7.93432 7.88954 7.88954 
18.7592 9.12776 27.8744 20.5669 7.90551 7.88313 7.88313 
19.0671 9.56388 28.9372 18.8772 7.85901 7.84781 7.84781 
19.2437 8.69498 29.3961 19.1487 7.84255 7.83695 7.83695 
18.3175 9.00588 28.3627 20.9098 7.80326 7.80046 7.80046 
18.5837 8.81604 27.9194 20.998 7.89524 7.89384 7.89384 
17.9321 8.51567 26.4243 23.3885 7.91363 7.91293 7.91293 
15.4444 9.90567 25.5045 25.1494 8.10964 7.94317 7.94317 
14.3139 9.45444 26.7394 25.4364 8.39565 7.83011 7.83011 
14.3917 10.1935 26.0707 25.58 8.21712 7.77357 7.77357 
14.6585 9.42509 27.9607 24.4318 7.98916 7.76738 7.76738 
15.3165 9.34513 27.7184 23.8772 7.98819 7.8773 7.8773 
16.3753 8.78441 28.3329 22.7939 7.94146 7.88602 7.88602 
16.0746 8.85649 27.4105 24.1946 7.83978 7.81206 7.81206 
15.6825 9.0154 27.3138 24.0239 8.20124 7.88156 7.88156 
16.8282 8.59267 27.3824 23.4499 8.02219 7.86235 7.86235 
15.491 8.29633 29.0758 23.2634 8.01109 7.93118 7.93118 
15.9734 8.895 27.0379 24.2899 7.96124 7.92128 7.92128 
13.8597 8.41576 28.9158 25.0021 7.94888 7.9289 7.9289 
13.9474 8.74004 29.0778 24.4894 7.92181 7.91182 7.91182 
16.0511 8.23907 28.2294 24.0006 7.82995 7.82496 7.82496 
17.4683 8.4539 27.1178 23.3006 8.09454 7.78245 7.78245 
17.3056 8.1952 26.5748 23.8725 8.33299 7.85948 7.85948 
15.6887 8.58862 27.958 24.062 8.05871 7.82195 7.82195 
15.4153 9.34163 27.0705 24.4916 7.97257 7.85419 7.85419 
15.3754 8.66442 27.1135 25.0253 7.9799 7.92071 7.92071 
14.4064 9.01971 26.9943 25.3252 8.5212 7.8666 7.8666 
14.1941 8.46122 27.023 26.3404 8.21197 7.88467 7.88467 
14.8015 9.10483 27.348 24.9627 8.0368 7.87315 7.87315 
13.8904 9.12468 26.6533 26.4931 8.0007 7.91888 7.91888 
15.6916 8.4982 26.1547 25.6372 8.22776 7.8953 7.8953 
16.0398 8.59693 26.4553 24.5243 8.79615 7.7938 7.7938 
16.834 8.14462 28.6122 22.6788 8.24423 7.74306 7.74306 
13.9402 9.01417 29.7131 23.1127 8.62793 7.79595 7.79595 
15.7937 8.62473 29.2683 21.9975 8.57867 7.86856 7.86856 
15.7041 8.29908 27.591 24.2878 8.27605 7.92099 7.92099 
15.1691 8.26539 28.1248 24.0341 8.55875 7.92391 7.92391 
17.1498 8.62545 27.8305 22.4519 8.19242 7.875 7.875 
16.2551 8.23122 28.0218 23.7651 8.01471 7.85599 7.85599 
18.5927 8.33073 27.5284 21.9116 7.93177 7.85242 7.85242 
19.2361 8.08103 26.716 22.4016 7.88155 7.84187 7.84187 
19.0855 8.47838 25.6361 22.8872 8.08279 7.91502 7.91502 
18.3756 8.18241 27.8023 21.8537 7.98461 7.90073 7.90073 
18.0799 8.02706 28.7699 21.4225 7.92817 7.88622 7.88622 
16.2515 9.14174 27.2055 23.5317 8.29101 7.78927 7.78927 
16.205 8.53428 27.3223 24.1134 8.10892 7.85805 7.85805 
16.5771 9.21064 25.9493 24.4861 8.00926 7.88383 7.88383 
13.3374 9.16558 27.144 26.7382 7.91343 7.85071 7.85071 
13.3875 9.27029 27.1658 26.4941 8.01921 7.8316 7.8316 
13.814 9.06553 27.9816 25.1141 8.28176 7.8715 7.8715 
12.7628 8.43667 29.7566 25.3198 8.04478 7.83965 7.83965 
13.8118 8.8623 28.8102 25.0438 7.89236 7.7898 7.7898 
15.291 8.62369 27.6038 25.0995 7.82817 7.77689 7.77689 
14.9626 8.88502 27.0641 25.5071 7.8775 7.85186 7.85186 
14.6241 9.41145 28.4389 24.0889 7.82074 7.80792 7.80792 
14.934 8.82158 27.0243 25.6115 7.87378 7.86737 7.86737 
13.9625 8.6404 27.4094 26.2499 8.01544 7.86118 7.86118 
13.9988 10.022 27.3012 24.967 7.95509 7.87796 7.87796 
15.0436 8.95419 26.7421 25.575 7.92076 7.8822 7.8822 
14.7083 9.21716 26.2151 25.7844 8.24173 7.91663 7.91663 
13.9247 8.45473 28.0114 26.0332 7.96702 7.80447 7.80447 
15.1323 8.96593 27.8946 24.4545 7.90508 7.8238 7.8238 
14.6214 9.54431 25.9105 26.1843 7.94027 7.89963 7.89963 
12.9338 8.72352 27.5449 27.0739 7.9215 7.90118 7.90118 
13.0823 9.13099 27.1571 26.7677 7.96075 7.95059 7.95059 
13.5673 9.63086 26.1602 26.946 7.90194 7.89686 7.89686 
13.0537 9.15626 27.228 27.1386 7.80949 7.80695 7.80695 
13.2361 9.68995 27.5118 25.8696 7.89836 7.89709 7.89709 
14.1619 8.70463 27.791 25.9173 7.80883 7.80819 7.80819 
14.7991 9.38587 28.1572 23.5291 8.6024 7.76316 7.76316 
13.3588 9.0534 28.6135 25.1366 8.22562 7.806 7.806 
15.8156 8.84564 27.5958 23.864 8.09952 7.88971 7.88971 
16.3743 8.41643 29.6126 21.3569 8.36286 7.93846 7.93846 
15.3505 8.64948 29.4195 22.8561 8.04962 7.83743 7.83743 
17.1768 8.21882 27.3266 23.7334 7.91889 7.81279 7.81279 
16.1413 9.0943 26.9563 24.2534 7.88694 7.83389 7.83389 
17.7581 8.60965 25.8219 23.5329 8.63097 7.82319 7.82319 
18.7537 8.38006 25.9204 23.0517 8.23398 7.83009 7.83009 
17.9529 9.0444 28.0087 21.3964 8.00049 7.79854 7.79854 
17.4429 8.67555 28.2216 21.8803 7.99385 7.89288 7.89288 
17.4386 8.28515 27.4332 23.1112 7.94429 7.89381 7.89381 
17.2907 9.22194 26.2563 23.3016 8.09913 7.91516 7.91516 
15.2332 9.67854 27.1484 23.813 8.44146 7.84271 7.84271 
14.1101 9.54706 28.1846 24.4065 8.11683 7.81746 7.81746 
14.8825 9.88535 28.629 22.7464 8.05203 7.90234 7.90234 
15.4217 8.85147 26.5295 25.5426 7.93481 7.85997 7.85997 
16.4196 8.78009 24.6762 25.6842 8.77221 7.83389 7.83389 
17.5408 9.31962 25.1902 23.0534 9.31568 7.79018 7.79018 
17.2479 8.63905 26.955 22.5993 8.81009 7.87433 7.87433 
16.2587 9.40935 29.196 21.1799 8.29726 7.82938 7.82938 
17.3669 8.66362 28.6743 21.4404 8.10757 7.87363 7.87363 
18.4757 9.07958 28.7288 20.2157 7.91135 7.79438 7.79438 
20.5528 8.51533 27.6672 19.588 7.93121 7.87273 7.87273 
21.8706 9.1852 26.0075 19.3592 7.87865 7.84941 7.84941 
19.243 10.2849 26.8499 19.8335 7.93932 7.9247 7.9247 
14 14 14 14 14 14 14 
15.0452 14.4468 14.4468 13.3165 12.5851 15.2447 13.9149 
18.0359 14.0115 16.4121 15.847 12.6667 11.5959 10.931 
16.9902 14.5447 17.8248 16.329 14.8256 9.78406 9.45161 
16.1301 16.0247 17.5716 17.7548 14.9547 8.80264 8.63642 
13.8635 17.2329 19.7174 17.8128 14.6066 8.39372 8.31061 
15.6316 15.7866 21.331 16.937 14.0911 8.11655 8.075 
15.661 16.0523 22.1718 16.5229 13.5309 8.03317 8.01239 
15.3815 15.5772 23.4328 16.1186 12.6838 8.8125 7.98579 
14.9357 16.5641 21.9205 16.4266 12.9746 9.20217 7.97249 
13.5576 16.0812 20.7893 18.5766 13.218 9.83613 7.93923 
13.8934 16.1434 21.8571 17.7863 13.3284 9.06826 7.92219 
11.8941 16.598 21.6654 17.3142 15.6116 8.95518 7.96109 
10.747 17.299 20.0327 19.1571 15.4058 9.37759 7.98055 
12.1444 17.087 19.808 18.2244 15.3071 9.48046 7.94861 
11.7834 18.134 19.0635 18.9182 14.5501 9.58937 7.96137 
11.3057 18.0904 19.7228 19.3317 14.3876 9.25328 7.9085 
10.8216 18.4334 21.4648 18.5266 14.2613 8.63508 7.8572 
9.7318 19.7105 20.5061 19.037 14.8467 8.32989 7.83807 
10.5621 19.9818 18.6918 19.4341 14.4909 9.01726 7.82199 
11.2259 18.4835 19.3247 18.8466 15.8442 8.43644 7.83881 
11.58 18.1924 21.0821 17.7566 15.4324 8.12769 7.82887 
11.1025 17.8462 20.2285 17.5241 16.362 9.06384 7.87277 
11.329 17.3675 21.5587 16.9843 16.0699 8.75414 7.93638 
10.3716 18.5164 22.181 17.2788 14.9387 8.77038 7.94309 
11.3208 19.0742 22.9515 15.7968 13.9111 8.98642 7.95927 
12.0814 20.3792 21.4757 15.5826 14.0082 8.49321 7.97964 
12.6365 19.4449 20.5251 16.7275 14.4509 8.28916 7.92599 
12.4753 18.6397 19.7105 18.661 14.2318 8.39086 7.89081 
13.0411 18.7151 21.1944 16.3499 13.5954 9.16303 7.94108 
13.216 17.2409 21.3963 16.1663 13.8171 10.1971 7.96622 
12.7809 18.497 20.0603 16.4165 14.2131 10.1397 7.89258 
12.6818 19.5134 19.1913 15.3826 14.6121 10.699 7.9198 
11.6263 18.5305 19.7436 15.9366 16.3969 9.89495 7.8711 
11.2387 17.5631 19.3399 16.4789 17.8793 9.62832 7.87172 
10.672 18.0447 19.8805 17.6079 16.9397 8.91943 7.93586 
10.6665 17.7644 21.4541 17.6526 15.7193 8.83071 7.91249 
9.33324 18.6717 22.4113 18.4052 14.807 8.41536 7.95625 
9.43935 17.5176 22.4556 19.5435 14.5626 8.52586 7.9554 
9.70928 18.842 21.5189 18.1917 14.7657 9.04464 7.9278 
9.86553 19.8785 20.1276 18.2462 15.3349 8.66175 7.88547 
9.15651 21.4689 20.7944 18.598 13.7177 8.32631 7.93817 
11.0408 19.578 20.3745 18.596 14.2285 8.24479 7.93734 
10.8581 19.484 20.7537 18.0126 14.0859 8.91542 7.89024 
9.76745 21.3472 21.0059 17.1408 14.2013 8.68765 7.84967 
11.7019 19.981 19.3774 17.012 15.2175 8.88928 7.82094 
10.8728 20.3617 20.6057 16.4754 14.7048 9.13896 7.8406 
10.5866 20.374 21.6763 16.9287 14.0048 8.53944 7.89026 
10.0605 20.2757 21.8137 17.4444 14.2086 8.26085 7.93626 
8.95806 19.055 22.1595 18.9133 14.5353 8.48287 7.89594 
8.61846 18.8957 21.4283 19.3695 15.1108 8.70766 7.86954 
9.38483 18.4111 21.0813 20.2679 14.4668 8.4575 7.93045 
9.4596 18.4073 21.0728 20.5552 13.5527 8.99594 7.95636 
8.86023 18.008 21.8408 20.3863 14.2764 8.7371 7.89122 
8.99533 17.9171 22.8769 20.6279 12.4643 9.25985 7.85865 
10.4004 17.8706 22.6653 20.2677 12.3664 8.56511 7.86451 
12.177 17.4237 22.728 19.6687 11.4158 8.70116 7.88574 
11.4939 16.9325 22.2874 20.1947 12.9151 8.29202 7.88431 
12.0639 16.2821 20.7797 20.4828 14.0593 8.42867 7.90361 
11.1092 16.64 21.4274 19.844 14.204 8.85009 7.92532 
10.2421 16.9137 22.6556 19.1854 13.91 9.22415 7.86891 
10.7403 16.4844 23.8278 17.7349 13.7211 9.65795 7.83354 
10.8463 17.4089 23.3425 17.4389 13.8843 9.23374 7.84534 
10.8131 17.5347 22.9098 19.2699 12.7908 8.85999 7.82175 
10.5347 17.9748 22.7602 19.3086 12.6891 8.8589 7.87358 
10.5962 18.8514 22.3779 18.838 13.0339 8.3977 7.90504 
9.23953 19.6734 22.9006 19.6667 12.4854 8.14029 7.89396 
9.97691 16.6644 24.8957 19.1821 13.2805 8.06174 7.93858 
10.5065 16.5529 24.8352 19.2757 12.834 8.08493 7.91073 
12.2827 16.213 23.9822 19.2751 12.3127 8.01072 7.92362 
12.3318 15.6065 25.4435 18.5661 12.2278 7.93393 7.89038 
13.0105 15.2278 25.0187 17.9837 12.9584 7.91128 7.88951 
12.5622 15.3336 23.6733 19.9182 12.5362 8.11241 7.86399 
12.0594 16.0395 23.1574 20.3365 12.2823 8.30149 7.82351 
13.2401 16.6486 21.8624 20.9247 11.3421 8.16966 7.81246 
12.2435 16.515 24.1341 19.0198 12.2725 7.99681 7.81821 
13.4988 15.7516 24.4792 18.2921 12.1081 7.97967 7.89037 
13.0578 15.8197 23.6882 19.6601 11.8952 7.9618 7.91715 
12.8799 15.1847 25.1236 19.2989 11.7213 7.907 7.88467 
13.9871 16.3188 22.8212 19.673 11.521 7.84501 7.83384 
13.5412 17.4451 21.2916 19.9556 12.07 7.85108 7.84549 
12.5446 16.4621 22.3165 20.42 12.0547 8.34814 7.85395 
12.7735 17.0963 21.0873 21.3211 11.8193 8.07478 7.82768 
12.1924 18.2638 20.1408 22.035 11.5969 7.94734 7.82379 
12.1756 17.1964 22.1052 20.6949 12.0019 7.94389 7.88212 
11.795 16.9109 23.8317 18.536 12.5766 8.43845 7.91128 
11.3987 16.4016 24.1408 18.8035 13.2565 8.1312 7.86762 
12.5175 14.514 22.4239 19.8815 14.8353 7.97974 7.84795 
13.7401 14.3642 21.3117 20.7886 13.9015 7.9799 7.914 
13.4253 15.0227 20.8101 20.0344 14.6628 8.10306 7.94158 
12.0877 15.6364 21.0301 21.7672 13.4564 8.05153 7.97079 
11.855 16.656 20.2003 20.3267 14.9606 8.02092 7.98055 
10.8999 17.8584 20.3211 20.1081 15.077 7.87786 7.85768 
11.0055 16.9539 21.889 20.6713 13.7113 7.88955 7.87946 
10.9735 16.4922 23.6671 19.1143 13.9804 7.8888 7.88375 
11.2367 16.2461 24.2086 19.6821 12.6152 8.0694 7.94187 
10.4902 17.0974 23.1299 21.1231 12.205 8.00906 7.9453 
11.2935 16.6132 23.3929 21.3143 11.6133 7.90238 7.8705 
12.3928 16.7722 23.4689 20.4455 11.0976 7.91944 7.9035 
13.32 15.913 23.428 20.0346 11.5972 7.85757 7.8496 
13.0213 16.9896 23.5461 19.5593 11.1421 7.87281 7.86882 
13.5131 18.1999 21.3553 19.6076 11.5907 7.86761 7.86561 
13.0963 16.1574 22.0413 20.0909 12.8528 7.88117 7.88018 
13.6718 14.9335 22.8486 19.3196 13.55 7.83844 7.83794 
13.2495 14.6657 23.0735 19.8692 13.0577 8.23859 7.84567 
12.5476 14.4954 22.556 21.3671 13.0027 8.11379 7.91733 
12.0728 13.0467 24.5512 22.1526 12.1715 8.05174 7.95351 
12.2008 12.6877 24.6044 22.1722 12.3871 7.99847 7.94936 
12.3838 10.7556 26.4733 23.5193 11.1401 7.87624 7.85168 
12.3732 11.4218 27.1103 23.0234 10.2404 7.92164 7.90936 
11.3295 11.4252 26.5551 23.9403 10.6916 8.10368 7.95468 
12.3492 12.2634 26.3792 23.6011 9.62388 7.92884 7.85434 
12.7569 12.714 25.9744 23.193 9.62207 7.88847 7.85122 
13.5213 11.6791 25.7323 24.2015 9.15277 7.8658 7.84718 
13.0793 12.0209 24.2672 24.7381 10.0709 7.91642 7.90711 
13.5134 12.1946 24.7652 23.4217 10.2986 7.90558 7.90092 
12.3589 11.1393 26.9484 23.0554 10.6115 8.01441 7.87203 
11.2642 11.3606 25.9036 24.8045 10.8142 7.96201 7.89082 
10.7145 11.999 25.7265 24.9023 10.7643 7.96452 7.92892 
11.8661 12.0646 26.1769 24.5813 9.37621 7.97634 7.95855 
12.0783 11.7586 27.6136 23.3242 9.43671 7.89879 7.88989 
12.8071 10.8517 26.0996 23.9549 10.6576 7.8168 7.81235 
12.5849 10.783 26.6487 23.7906 10.4112 7.89191 7.88969 
11.4745 10.4335 26.6297 25.3407 10.3877 7.86753 7.86641 
12.1979 9.85158 27.3598 25.4512 9.40732 7.86635 7.86579 
15.0696 9.48461 26.0328 24.1962 9.40954 7.90376 7.90348 
14.8447 9.56687 25.4433 24.525 9.82173 7.89925 7.89911 
13.4783 9.90766 26.3863 25.1507 9.41397 7.83161 7.83154 
13.2097 9.95383 26.1343 25.8106 9.11875 7.88639 7.88636 
12.4544 9.43374 27.9697 25.9972 8.4591 7.84292 7.8429 
12.7114 9.18373 28.3941 25.3906 8.69641 7.81195 7.81194 
12.2728 8.8818 29.2858 24.9734 8.78607 7.90006 7.90005 
12.7298 8.42442 28.3792 26.223 8.37655 7.93355 7.93354 
13.3214 9.4296 27.0881 26.2999 8.10132 7.87982 7.87981 
14.2631 9.68556 26.2634 25.723 8.29043 7.88728 7.88728 
13.308 10.1369 25.7787 26.3909 8.55698 7.91423 7.91423 
12.468 9.71961 26.9882 26.8583 8.20291 7.88153 7.88153 
12.2946 10.3144 27.4335 25.5503 8.64691 7.88016 7.88016 
11.7347 10.1715 28.1867 25.5259 8.76471 7.80827 7.80827 
12.3045 10.1756 28.9137 24.739 8.27457 7.79635 7.79635 
13.2951 8.96977 28.5873 25.5683 8.01927 7.78016 7.78016 
12.677 9.33783 28.7054 25.5782 7.98023 7.86067 7.86067 
13.0245 10.1922 26.562 25.8705 8.64128 7.85475 7.85475 
14.0507 9.55762 27.8964 24.3199 8.32064 7.92738 7.92738 
13.1229 8.74223 28.125 25.727 8.42861 7.9271 7.9271 
14.5972 8.24016 27.3066 25.0659 9.12502 7.8326 7.8326 
14.2217 8.42777 27.4994 25.456 8.56251 7.9163 7.9163 
13.1531 8.89667 28.5533 25.4168 8.20875 7.88564 7.88564 
14.1001 10.2477 26.3456 25.2476 8.33635 7.86132 7.86132 
14.4413 10.4862 26.3612 24.7977 8.22615 7.8437 7.8437 
15.6924 9.39591 27.3002 23.6945 8.09978 7.90856 7.90856 
16.1045 9.95321 27.6141 22.6581 7.9538 7.85818 7.85818 
16.3856 8.916 27.2919 23.7533 7.91629 7.86849 7.86849 
14.6801 10.1542 26.7789 24.2184 8.38853 7.88994 7.88994 
14.417 9.69249 27.6971 23.8015 8.50196 7.94497 7.94497 
15.5926 9.57185 27.7205 22.5715 8.67171 7.9359 7.9359 
14.4419 8.89985 28.259 23.7857 8.76623 7.92365 7.92365 
14.9249 8.52848 28.4799 23.9775 8.31061 7.88932 7.88932 
15.5417 9.29473 27.0449 24.1839 8.11872 7.90807 7.90807 
16.3464 8.57178 27.4759 23.8652 7.98378 7.87845 7.87845 
15.0204 9.06296 29.1838 22.6014 8.29125 7.92012 7.92012 
15.692 8.47087 28.6828 23.2704 8.08502 7.89945 7.89945 
15.8215 8.68329 28.2985 22.6781 8.64374 7.93746 7.93746 
16.0897 9.27992 28.6554 21.9872 8.33421 7.82675 7.82675 
19.1208 8.59565 27.3024 21.1202 8.1228 7.86907 7.86907 
19.1641 8.71856 25.389 22.1455 8.78701 7.89795 7.89795 
17.0124 9.00324 27.4004 22.6826 8.26347 7.81894 7.81894 
17.2836 8.42012 27.4933 23.0968 8.05023 7.82797 7.82797 
18.2748 9.25593 26.4378 21.7931 8.45937 7.88952 7.88952 
18.9836 8.62796 26.4497 21.6658 8.38353 7.94476 7.94476 
17.4283 8.5997 26.8756 23.0551 8.16002 7.94063 7.94063 
17.4098 8.64767 26.7918 23.4841 7.962 7.8523 7.8523 
16.423 8.1829 26.3154 25.6682 7.84006 7.78521 7.78521 
16.4907 7.98755 27.2811 24.0354 8.62782 7.78871 7.78871 
16.3622 8.05222 27.2769 24.3554 8.37235 7.79046 7.79046 
16.3444 7.96197 28.3615 23.5479 8.12204 7.83109 7.83109 
16.3812 8.16009 28.5091 23.4158 7.94162 7.79614 7.79614 
17.5178 8.05558 28.016 22.7171 7.94634 7.87361 7.87361 
17.8371 7.9384 26.7175 23.9284 7.88379 7.84742 7.84742 
17.5044 7.84126 26.8268 24.4221 7.81395 7.79576 7.79576 
16.5953 8.16899 26.8121 24.9561 7.82854 7.81945 7.81945 
15.6607 8.02285 28.1321 24.6356 7.85263 7.84808 7.84808 
14.4759 7.96712 28.623 25.2925 7.88201 7.87974 7.87974 
14.1345 8.81115 27.5874 25.2325 8.42376 7.90539 7.90539 
13.5132 8.23833 28.602 26.0309 8.04463 7.78545 7.78545 
13.8783 8.42183 29.1378 24.5881 8.47336 7.75029 7.75029 
13.4678 9.14722 28.1039 25.3514 8.21757 7.85604 7.85604 
13.5728 8.52498 28.6416 25.4417 8.06015 7.87939 7.87939 
14.9403 8.26249 29.09 23.7977 8.03008 7.93969 7.93969 
14.3509 9.63583 27.8478 23.8255 8.44929 7.94538 7.94538 
14.8925 8.67644 27.7503 24.7745 8.24394 7.83121 7.83121 
15.9569 8.28959 27.249 24.3933 8.37729 7.86697 7.86697 
15.8005 8.59265 28.6552 22.7795 8.32975 7.92122 7.92122 
16.3642 8.21482 28.9044 22.675 8.08337 7.8791 7.8791 
17.1487 8.36273 27.978 22.2798 8.44898 7.89092 7.89092 
16.2778 8.25113 28.3785 22.9131 8.43961 7.86988 7.86988 
17.2443 8.11918 26.9688 23.5971 8.21341 7.92855 7.92855 
19.1643 7.97525 26.7374 22.3407 8.02237 7.87994 7.87994 
18.3214 7.85582 28.4117 21.9154 7.87938 7.80816 7.80816 
18.3964 8.70498 26.7855 22.4226 7.92058 7.88497 7.88497 
19.9474 9.56422 26.2592 20.6576 7.86909 7.85128 7.85128 
19.6404 8.94877 27.6296 19.9955 7.93454 7.92564 7.92564 
18.3411 8.33291 28.445 21.4125 7.82579 7.82134 7.82134 
19.7859 8.3203 27.761 20.3986 7.9129 7.91067 7.91067 
20.4608 8.10337 27.1297 20.6094 7.89967 7.89855 7.89855 
20.359 8.39252 26.7481 21.0764 7.80835 7.8078 7.8078 
20.7658 8.10505 26.4034 21.2874 7.81297 7.81269 7.81269 
18.2445 8.29781 27.0382 22.9078 7.8373 7.83716 7.83716 
20.0941 8.0674 25.588 22.7392 7.83715 7.83708 7.83708 
22.4584 7.93441 25.9146 20.2348 7.81928 7.81925 7.81925 
23.4404 7.9276 28.3038 16.7181 7.87004 7.87002 7.87002 
23.2587 7.97021 29.3763 16.0513 7.78117 7.78116 7.78116 
21.7786 8.61197 29.1657 17.1302 7.77118 7.77118 7.77118 
22.2162 8.18948 29.7932 16.4939 7.76909 7.76908 7.76908 
24.1516 8.00778 27.7952 16.6527 7.79759 7.79759 7.79759 
25.421 8.63023 26.8869 14.91 8.52513 7.81338 7.81338 
25.6587 8.89679 28.9813 12.0367 8.64503 7.89076 7.89076 
24.4753 8.48566 30.3292 12.8506 8.2045 7.82737 7.82737 
25.177 8.23644 29.8611 12.8151 8.09586 7.90729 7.90729 
24.1898 8.03979 29.1462 14.9043 7.9695 7.87522 7.87522 
24.1261 8.23864 28.4794 15.5771 7.891 7.84386 7.84386 
24.3211 7.99029 27.4655 16.8208 7.81647 7.7929 7.7929 
22.7488 7.96573 28.4386 17.2339 7.87882 7.86704 7.86704 
23.6415 7.86485 27.7286 17.3126 7.8214 7.81551 7.81551 
25.004 8.59481 27.3691 15.7303 7.76922 7.76627 7.76627 
24.8873 8.27294 27.7518 15.5104 7.86015 7.85867 7.85867 
24.6012 8.07483 27.7458 15.9744 7.86843 7.86769 7.86769 
23.8512 8.15134 27.7969 16.5315 7.88991 7.88954 7.88954 
20.7584 8.80753 25.8859 20.7263 8.0459 7.88799 7.88799 
19.2334 9.43849 28.5679 18.8701 8.01601 7.93705 7.93705 
18.591 9.68719 28.5468 19.6915 7.85416 7.81468 7.81468 
16.9254 9.55139 27.9098 21.8587 8.14786 7.80344 7.80344 
17.9264 8.71891 28.4659 21.1817 8.01715 7.84494 7.84494 
17.5393 8.56658 28.7961 21.5941 7.89207 7.80596 7.80596 
17.5471 8.672 27.2507 22.7093 8.17801 7.82148 7.82148 
17.1327 8.67037 28.7956 21.881 7.95897 7.78071 7.78071 
16.1651 8.89445 28.2276 23.0985 7.93085 7.84172 7.84172 
16.9714 9.36786 28.0821 21.8667 7.93368 7.88911 7.88911 
17.2753 8.57442 27.4416 23.1812 7.85733 7.83505 7.83505 
18.0316 8.83266 27.2057 22.3482 7.86806 7.85692 7.85692 
19.8924 8.31244 27.2392 21.0767 7.83013 7.82456 7.82456 
20.1049 8.12447 26.4767 21.4907 8.04205 7.88054 7.88054 
19.6371 8.85457 26.0179 20.969 8.65361 7.93388 7.93388 
21.8991 8.62192 26.7673 18.5382 8.52144 7.826 7.826 
21.3055 9.16533 28.4322 16.8743 8.62965 7.79649 7.79649 
19.2284 8.65243 30.2045 17.8848 8.38459 7.82267 7.82267 
19.4329 8.25371 29.7548 18.7611 8.11979 7.83883 7.83883 
19.1917 8.35426 29.4547 19.2931 7.99575 7.85527 7.85527 
19.8269 8.13753 28.7537 19.5475 7.95827 7.88803 7.88803 
20.0038 8.43623 27.6299 20.3159 7.8948 7.85968 7.85968 
20.4313 8.51259 28.3855 18.9003 7.93513 7.91757 7.91757 
20.0048 8.17196 28.0482 20.1429 7.88323 7.87445 7.87445 
20.3584 8.45491 27.1309 20.4274 7.98692 7.82072 7.82072 
20.5708 8.14312 27.2703 20.4547 7.90912 7.82602 7.82602 
19.4282 8.07156 27.2066 21.5131 7.95456 7.91301 7.91301 
20.0316 8.00403 28.3652 19.6454 8.10426 7.92476 7.92476 
21.1443 8.23399 28.2892 18.6001 7.97063 7.88088 7.88088 
22.0371 8.09789 26.7242 19.3319 7.96621 7.92133 7.92133 
23.3562 8.91907 26.5115 17.6205 7.87921 7.85677 7.85677 
24.1295 10.1016 27.6526 13.4795 8.99797 7.81943 7.81943 
24.7486 9.64637 30.3704 10.9677 8.72693 7.77001 7.77001 
27.3903 9.13628 29.2427 10.1164 8.35707 7.87862 7.87862 
28.4098 8.77235 28.8856 10.1633 8.08244 7.84321 7.84321 
29.0783 8.34187 28.0504 10.7779 7.99692 7.8773 7.8773 
30.3777 8.36348 28.1556 9.58148 7.88045 7.82064 7.82064 
30.5114 8.05271 29.0778 8.98429 7.81119 7.78129 7.78129 
30.6969 7.99694 27.9213 9.78626 7.87618 7.86123 7.86123 
14 14 14 14 14 14 14 
15.0754 13.7295 14.6043 12.1817 13.6622 14.4697 15.2773 
17.3777 14.8647 13.6222 15.1308 15.6311 11.2349 11.6386 
16.8649 15.8443 16.0878 15.5843 16.0703 9.54825 9.75013 
16.0967 15.5864 18.4454 17.6462 14.6045 8.69748 8.79842 
17.3869 15.478 19.3394 16.4106 14.598 8.33707 8.38754 
16.9299 16.363 19.8441 16.248 14.2757 8.1414 8.16664 
15.5189 15.4429 20.503 16.7339 15.5404 8.22008 8.02523 
15.8783 16.3353 20.7465 17.8719 12.9187 8.26846 7.97301 
17.0696 16.2111 19.2863 17.849 13.6333 8.04727 7.89955 
15.6 17.1273 21.491 16.3158 13.6645 7.93668 7.86282 
16.0636 18.3963 20.5781 16.1077 13.0038 7.94323 7.9063 
15.0696 19.2822 19.9529 15.6169 12.9095 9.22372 7.94475 
14.0202 19.1599 20.8551 15.549 12.5217 9.94659 7.94727 
13.509 19.538 19.3374 15.741 13.7032 10.2144 7.95686 
13.4973 19.8313 18.9011 16.8954 13.5943 9.3603 7.92034 
14.3179 19.2973 19.8983 16.55 12.9805 9.05115 7.90473 
14.034 19.857 19.7408 16.7125 12.6361 9.10891 7.9107 
13.2919 19.6894 18.5357 17.7188 14.087 8.73772 7.93941 
12.6083 19.2589 20.8788 16.6 14.1565 8.55296 7.9446 
13.0638 17.8913 19.5595 17.9566 14.0525 9.53399 7.94226 
13.7207 17.6366 20.2948 17.4547 14.2151 8.73695 7.94109 
12.8645 17.514 18.5325 18.5617 16.3208 8.30222 7.90429 
11.5434 17.0903 19.1551 18.6142 16.0493 9.59556 7.95215 
11.4301 17.7015 19.3512 17.126 16.9753 9.53029 7.88554 
11.6157 17.9605 20.6487 16.0164 16.5622 9.32001 7.87652 
11.2903 17.8618 19.5349 17.6573 16.1758 9.59422 7.88563 
12.3632 17.7415 19.7895 18.4102 14.806 8.98213 7.90757 
11.0597 19.3382 19.9557 17.64 15.6347 8.45448 7.9172 
11.2693 19.1614 19.3598 17.0982 15.8747 9.3045 7.93211 
11.1185 19.9033 19.6799 16.7211 15.5718 9.06085 7.94455 
12.3077 20.1766 20.9851 15.8248 13.7164 9.0294 7.96 
12.069 19.9097 20.2024 16.1713 14.6707 9.09059 7.88625 
11.066 18.6551 23.0991 16.4714 13.9391 8.84299 7.92635 
11.6489 18.6623 21.0989 16.9267 15.3387 8.39145 7.93313 
10.5719 18.4221 21.6606 18.2613 14.841 8.33714 7.90596 
11.1301 18.8431 20.787 17.5722 15.5374 8.28112 7.84908 
11.2613 19.0207 19.1488 18.0688 15.8911 8.78191 7.8275 
10.5648 19.2691 18.7849 18.9028 15.292 9.32517 7.86112 
10.358 19.3538 19.0037 18.6307 15.8534 8.87425 7.92624 
9.94091 18.6596 19.9997 18.7309 16.0436 8.76613 7.85922 
9.55294 18.5966 20.3868 19.4469 15.2519 8.86372 7.9011 
10.4389 17.9521 19.8088 19.0183 16.173 8.70536 7.90354 
9.88321 18.0867 21.835 17.969 15.1364 9.23338 7.85633 
9.15971 17.4796 22.6459 18.6553 14.7698 9.45208 7.83763 
8.56692 18.7613 23.9307 18.9182 13.0961 8.82087 7.90588 
9.83902 17.714 22.9696 19.7155 13.172 8.68394 7.90593 
9.48473 19.6179 22.0283 19.5317 13.1077 8.36371 7.86601 
9.50955 20.452 20.992 19.5219 12.984 8.61644 7.92414 
9.67983 19.1125 20.9885 20.2535 13.5584 8.48381 7.92352 
9.38537 19.9775 20.9155 19.6611 12.5442 9.56341 7.95289 
10.8586 20.3027 20.7717 19.9202 11.429 8.81758 7.90021 
10.4293 21.4279 21.2369 19.7474 10.9273 8.34496 7.88628 
10.3601 22.0115 21.2448 19.2696 10.9446 8.31118 7.85813 
10.2573 22.264 20.7769 18.5752 11.4326 8.79135 7.90257 
10.5166 21.1536 22.2419 17.3695 12.3973 8.38275 7.93836 
9.67005 20.3053 22.0938 17.7345 12.7597 9.50811 7.92845 
10.8888 18.7849 24.2756 16.6027 12.8821 8.67782 7.88799 
11.9279 17.9639 23.1268 17.9717 12.3751 8.73452 7.90004 
11.8463 18.0156 24.4836 16.864 12.4901 8.35885 7.94162 
12.1595 19.7299 21.651 17.4035 12.8096 8.33698 7.90954 
12.3158 19.1077 20.0683 19.0581 13.5317 8.06604 7.85232 
13.1214 18.9146 20.1939 19.2323 12.5878 8.02845 7.92159 
12.9081 17.141 21.901 19.7498 12.53 7.91178 7.85835 
10.9586 17.3543 21.9865 20.7983 13.0217 8.00994 7.87061 
10.388 19.0653 20.0115 21.1297 13.246 8.22872 7.93074 
10.1499 20.5459 20.6886 19.2653 13.0107 8.40951 7.93013 
10.5806 17.801 20.0072 20.5315 14.3705 8.8115 7.89765 
10.4482 18.1637 20.3194 20.7921 13.9221 8.40575 7.94882 
10.6388 17.3768 22.1413 19.4974 14.3343 8.11993 7.89146 
9.85403 17.0416 23.2425 20.0112 12.8951 9.0719 7.88368 
9.59672 18.9992 22.5552 19.2311 12.7118 8.97786 7.92817 
9.13091 20.6237 21.9333 18.3978 13.4987 8.4702 7.94535 
9.90987 19.1004 21.7743 18.9376 13.7565 8.6294 7.89192 
10.1232 18.5646 21.3439 18.7236 15.0513 8.28104 7.9123 
12.1055 18.9821 20.9491 18.4842 13.5303 8.06662 7.88225 
13.7272 17.5143 20.0094 18.777 14.0907 7.9868 7.89461 
13.2165 18.5219 21.1812 17.8591 13.163 8.11105 7.94731 
11.6434 18.6286 20.895 19.3511 13.1389 8.38808 7.95492 
11.4778 18.3641 21.5335 19.7434 12.7912 8.15331 7.93673 
11.7995 17.5736 22.888 19.895 11.8734 8.03936 7.93107 
11.9342 17.6538 22.0351 21.647 10.8628 7.96057 7.90642 
10.7015 18.1803 22.9113 20.6388 11.7825 7.90638 7.87931 
10.578 19.7719 22.0238 19.8648 11.914 7.93046 7.91693 
9.75552 19.6875 22.9226 19.1136 12.1605 8.43173 7.92869 
10.6376 19.6477 24.2064 17.1548 12.0851 8.38253 7.88591 
10.5075 19.3757 24.1315 17.8934 12.1746 8.08278 7.83447 
11.2003 19.1539 23.5949 19.0195 11.3058 7.92488 7.80073 
11.5904 17.7676 24.1446 19.901 10.9096 7.87442 7.81234 
11.9103 17.1572 22.7438 21.5812 10.8505 7.89405 7.86301 
11.9402 16.6833 22.9679 21.2644 11.2856 7.93705 7.92153 
11.8238 14.6831 22.3376 22.9493 12.4721 7.87096 7.8632 
13.3478 17.0852 19.5021 20.449 13.8001 7.90984 7.90596 
12.4621 17.2864 20.3422 21.8009 12.1956 8.01896 7.89387 
12.2954 17.6779 21.186 20.4301 12.5335 7.96988 7.90733 
12.9659 18.0495 20.4016 20.3825 12.3672 7.93231 7.90103 
12.9992 17.546 21.479 19.3391 12.8252 7.97618 7.83523 
12.9066 16.3107 22.5485 17.2073 15.0809 8.13382 7.81209 
12.6867 16.5108 22.2822 17.7548 14.8349 8.04569 7.88482 
14.1483 16.9139 21.8728 16.9262 14.3687 7.92528 7.84485 
12.9645 18.32 22.7172 16.6823 13.4857 7.93524 7.89503 
13.3556 18.9983 22.6794 16.9665 12.2685 7.87598 7.85587 
12.8803 20.5118 22.3523 16.2048 12.3368 7.86204 7.85199 
13.9941 20.9274 21.4879 16.3758 11.4442 7.88785 7.88283 
14.0792 20.3787 21.7921 16.8281 11.1045 7.90993 7.90742 
12.9607 17.8209 23.7908 18.0193 11.6049 7.90233 7.90108 
12.1122 16.1907 25.9064 19.3119 10.6101 7.93468 7.93406 
13.3265 15.2382 24.8154 19.4774 11.3 7.92142 7.92111 
11.3594 16.7351 24.7005 19.9597 11.5892 7.82812 7.82796 
13.9464 14.3676 24.8836 20.5132 10.3279 8.04739 7.91398 
15.3523 14.7387 25.0792 19.1852 9.69694 8.00721 7.94051 
14.2899 13.0572 25.6348 20.4391 10.6686 7.97186 7.93851 
13.8835 12.9976 25.7554 20.4622 11.1294 7.89429 7.87761 
13.0559 11.1184 26.3288 22.3235 11.4071 7.88736 7.87902 
14.8613 11.6703 26.6366 21.3006 9.87022 7.83257 7.8284 
15.0824 11.508 25.8513 22.7875 9.02482 7.87407 7.87198 
13.2477 12.004 24.7463 23.7579 10.4907 7.87725 7.87621 
12.9276 11.0163 26.1267 24.6297 9.6866 7.80682 7.8063 
13.8454 10.3828 27.548 23.4569 9.16085 7.80313 7.80287 
14.4699 10.9866 27.1163 22.6449 9.16263 7.80992 7.80979 
14.7486 10.4113 27.356 23.2077 8.54307 7.86671 7.86664 
14.4968 10.4763 26.641 24.2819 8.26014 7.92196 7.92193 
14.079 9.74635 26.2986 25.2557 8.77488 7.92273 7.92271 
15.2568 10.862 27.3554 22.2379 8.56571 7.86109 7.86108 
14.7129 12.1068 26.7567 20.5195 9.86869 8.15398 7.88149 
15.412 12.1645 26.4339 20.5375 9.65657 7.96588 7.82964 
17.3214 11.8515 25.8543 18.6479 10.4602 7.96645 7.89833 
18.0918 10.1174 25.502 21.0006 9.57139 7.87544 7.84138 
18.816 10.9495 25.8257 18.6899 10.1018 7.81703 7.8 
18.059 11.7797 25.3762 18.5825 10.4761 7.86746 7.85895 
16.426 12.5467 27.6289 17.8711 9.67593 7.92781 7.92356 
17.3298 11.1166 29.0566 17.7675 8.82657 7.95251 7.95038 
19.7436 9.49418 29.1056 17.4843 8.34914 7.91212 7.91105 
19.5713 9.25529 27.5309 18.8515 8.95599 7.91781 7.91727 
20.2268 9.33353 27.1478 18.9845 8.44858 7.92949 7.92923 
20.511 9.40682 25.9592 20.0427 8.19983 7.94028 7.94015 
18.7694 11.0502 26.2923 20.2381 7.96988 7.84011 7.84004 
18.3028 10.3496 26.5964 21.084 7.93231 7.86742 7.86739 
19.0317 9.06704 28.1186 20.2725 7.85837 7.82593 7.82591 
19.1932 8.78572 28.5754 19.2272 8.47464 7.87191 7.8719 
19.9118 8.40432 30.1903 17.7798 8.10551 7.80415 7.80414 
21.1438 8.76017 28.0786 18.5584 7.92016 7.76948 7.76948 
22.6146 9.1057 26.6917 17.9682 7.92349 7.84815 7.84815 
23.2326 10.3 25.4148 17.1738 8.27209 7.80339 7.80339 
21.8841 9.61427 25.6538 18.7059 8.60033 7.77074 7.77074 
21.6128 9.53275 26.5464 17.7371 8.87334 7.84879 7.84879 
21.0305 10.0885 26.7186 17.9722 8.49829 7.84596 7.84596 
22.3416 10.1341 26.2335 17.3693 8.29106 7.8152 7.8152 
20.9464 10.035 27.8604 17.3385 8.3122 7.75375 7.75375 
19.3689 10.9991 28.3474 17.2582 8.2972 7.86461 7.86461 
18.8653 11.1493 27.8742 18.2336 8.1034 7.88711 7.88711 
20.6289 9.71573 27.5874 18.1659 8.03943 7.93128 7.93128 
21.0405 9.47833 27.1601 17.9938 8.47516 7.92604 7.92604 
20.8701 9.98698 26.6996 17.1602 9.48539 7.89888 7.89888 
21.4599 9.03076 27.6355 17.5863 8.62468 7.83143 7.83143 
20.6983 8.6293 28.6912 17.8121 8.42627 7.87141 7.87141 
20.4682 9.96941 28.6313 17.0906 8.23099 7.80475 7.80475 
21.2565 8.97832 28.0537 17.8105 8.10911 7.89599 7.89599 
20.4353 8.50845 27.3709 20.1593 7.91307 7.80651 7.80651 
20.1536 8.42089 28.1085 20.0155 7.80269 7.74941 7.74941 
20.8792 8.37711 27.7888 18.9584 8.53097 7.73273 7.73273 
21.9898 8.59585 27.2683 18.2938 8.21686 7.81773 7.81773 
23.1529 8.24929 27.4639 17.0496 8.36375 7.86023 7.86023 
21.2486 9.04268 28.3221 17.0494 8.6081 7.86454 7.86454 
19.8178 9.19876 30.774 15.6215 8.98147 7.80324 7.80324 
21.2443 8.63665 29.3621 16.6617 8.528 7.78361 7.78361 
23.638 8.28658 27.6969 16.1086 8.54972 7.86006 7.86006 
23.888 8.37526 26.7011 17.1452 8.19335 7.84852 7.84852 
23.8867 8.16852 26.4079 17.649 8.07757 7.90515 7.90515 
23.1421 8.81612 27.715 15.1337 9.40156 7.89579 7.89579 
22.9207 8.54917 28.1213 15.0822 9.45538 7.93563 7.93563 
23.5409 8.13364 26.9801 17.1048 8.58675 7.82687 7.82687 
23.2974 9.60574 27.4122 15.8878 8.18559 7.80565 7.80565 
23.3474 8.96954 27.1676 17.0785 7.93895 7.74898 7.74898 
22.1833 8.94337 27.7558 17.4564 7.95037 7.85538 7.85538 
23.4062 9.51619 26.4892 16.8885 8.12949 7.78526 7.78526 
25.7442 8.69645 26.2583 15.636 8.0031 7.83098 7.83098 
28.0424 9.30179 26.7514 12.462 7.87152 7.78546 7.78546 
