5 80000 300 266
20 20 20 20 20 
14.8975 22.1868 23.8952 20.3645 18.656 
12.3651 23.7503 26.3828 20.4333 17.0686 
11.504 22.9616 28.269 20.6379 16.6274 
11.4598 21.6406 30.8012 20.7071 15.3913 
11.964 20.744 30.795 20.15 16.3471 
10.982 21.122 29.0225 22.325 16.5485 
10.7601 21.5475 29.6458 22.149 15.8976 
10.4403 22.2196 29.5217 23.2432 14.5753 
10.2201 20.5416 32.0336 23.0989 14.1058 
10.1101 20.2708 30.8948 24.4763 14.248 
11.5227 19.8369 31.7409 23.4322 13.4673 
12.5113 21.1684 30.3705 20.9661 14.9837 
12.1307 21.3342 31.1852 20.983 14.3668 
12.8153 20.6671 31.7176 22.2415 12.5584 
12.1958 20.9247 31.7455 21.3424 13.7915 
11.7646 19.9068 33.3172 22.0046 13.0069 
10.7895 20.033 32.5737 23.9996 12.6042 
10.3243 21.0024 30.7939 24.8167 13.0627 
10.602 22.191 29.9803 24.5611 12.6656 
10.301 22.5955 32.4901 23.2806 11.3328 
11.1288 22.7108 32.0059 21.8305 12.324 
11.7472 20.4952 31.8632 22.4744 13.4201 
10.8858 21.25 31.5795 23.7066 12.578 
11.026 21.0469 31.6707 23.1436 13.1128 
11.8237 21.203 32.8256 22.6155 11.5321 
11.4674 21.8361 32.5856 21.4312 12.6797 
11.1792 23.5418 32.0106 21.1116 12.1567 
10.8947 25.0335 30.7268 20.5028 12.8423 
11.2213 26.0303 29.2455 21.7993 11.7037 
10.5309 23.9194 31.2451 23.3996 10.905 
10.2777 22.4731 33.3487 23.069 10.8315 
10.6944 20.9588 34.4774 23.2769 10.5925 
11.0829 21.2026 33.1988 23.3592 11.1566 
12.9672 20.5023 32.3172 23.0657 11.1476 
11.3831 19.5476 31.8621 25.4776 11.7296 
10.8351 19.9413 32.4382 25.8967 10.8887 
10.368 19.3766 32.432 26.8097 11.0137 
11.0453 19.0184 34.2782 24.1704 11.4877 
12.1553 17.8 34.9962 24.2026 10.8459 
12.3604 15.9681 36.0845 23.6196 11.9674 
13.9796 15.6442 33.7804 22.3948 14.201 
14.2625 18.2117 31.6954 22.626 13.2044 
14.783 17.2853 32.6023 21.2074 14.122 
14.239 17.4282 32.7094 22.2316 13.3917 
13.5366 17.805 33.3333 22.2121 13.113 
13.4173 17.8121 32.8901 22.5422 13.3384 
14.6102 18.1029 33.2844 21.2452 12.7573 
13.4907 18.9741 33.5236 22.4783 11.5333 
13.2159 20.193 32.8795 23.0038 10.7078 
11.553 19.2998 33.6101 24.9635 10.5737 
10.827 18.8671 33.3454 25.9918 10.9687 
12.6839 18.8723 32.9992 24.4755 10.969 
12.1559 19.0292 32.924 24.5924 11.2985 
11.498 19.9482 32.9932 23.6783 11.8823 
12.4157 19.9741 31.8812 23.2494 12.4796 
12.8988 20.6926 31.7557 22.8169 11.8359 
11.8015 22.459 31.5116 22.5352 11.6926 
12.2693 21.7986 31.8805 22.9207 11.1309 
13.2027 20.5852 32.9559 22.7169 10.5392 
12.5242 20.4854 32.5937 22.6532 11.7435 
12.7228 21.4787 31.7463 22.5626 11.4897 
13.4093 20.8457 31.6976 21.9196 12.1278 
12.4322 23.7356 28.8519 21.6409 13.3395 
13.8678 20.8388 30.9167 22.5619 11.8148 
11.9208 19.6057 32.3875 25.1917 10.8943 
12.4248 19.8292 32.8164 23.6776 11.2519 
13.123 20.6192 31.7199 22.6789 11.859 
13.5696 19.474 32.1672 23.6036 11.1856 
13.8309 18.2736 33.2923 23.1839 11.4193 
14.3425 18.288 33.7549 22.3347 11.28 
13.8288 19.606 33.1818 21.901 11.4824 
13.8849 19.3204 32.9448 23.0149 10.835 
13.2259 18.2164 35.4563 22.7374 10.364 
12.1523 19.458 33.3258 24.0509 11.0129 
12.3619 20.5862 31.3772 25.1683 10.5065 
12.4651 21.0854 31.8088 24.0596 10.5811 
11.3568 20.17 32.364 25.5391 10.5701 
13.7087 20.085 30.879 24.5877 10.7396 
13.5473 18.8352 33.0248 24.1049 10.4879 
13.7645 21.2717 31.1021 23.7546 10.1072 
13.6878 19.1081 32.3566 24.0995 10.748 
13.5106 19.4207 32.3116 24.4498 10.3073 
13.8981 19.1389 32.7272 24.082 10.1537 
15.2124 17.8328 32.4701 24.506 9.9788 
14.749 18.1601 32.2014 24.718 10.1715 
15.2177 17.4834 33.8878 23.2834 10.1278 
16.7925 16.3219 33.8535 22.5746 10.4575 
16.4699 17.0845 34.0656 22.1938 10.1862 
17.3642 16.1265 34.589 21.2093 10.7111 
20.0056 14.975 33.9121 20.7517 10.3555 
19.429 14.5913 33.6227 21.0316 11.3253 
20.3588 14.0184 34.3184 20.3197 10.9848 
20.2902 14.2114 34.6107 20.4092 10.4785 
20.5276 14.3461 33.4256 21.2702 10.4305 
19.5858 13.8115 35.4981 20.8046 10.3 
19.6459 13.8175 35.8373 20.5493 10.15 
18.9945 15.3407 34.7825 20.9256 9.95666 
19.6362 16.1426 33.3635 20.8794 9.97833 
21.175 16.3309 33.4959 19.1418 9.85642 
22.1711 14.4704 33.6101 19.8348 9.91355 
21.9001 14.8195 32.9567 19.6084 10.7152 
21.7489 13.4748 33.0464 21.4906 10.2393 
21.7307 14.3827 33.4957 20.3783 10.0126 
22.5885 15.5247 33.8382 18.0988 9.9498 
22.0701 15.3773 33.7295 18.9632 9.85996 
22.3665 14.9124 32.8704 19.9632 9.88749 
20.5492 15.5254 32.4294 20.3562 11.1397 
20.9488 16.0492 32.0855 20.0096 10.9069 
20.0198 15.6004 32.1034 21.823 10.4535 
19.5475 14.0141 33.6817 22.6167 10.14 
20.3151 13.1324 32.7953 22.8468 10.9105 
18.7833 12.2679 33.7953 24.7275 10.426 
17.5076 12.2209 36.0281 24.1029 10.1405 
18.5828 12.8056 33.9685 24.1597 10.4834 
18.7589 14.391 34.2919 22.287 10.2713 
18.3538 15.1727 33.9551 22.397 10.1214 
18.632 16.5607 32.0416 22.5767 10.1889 
17.9511 17.0547 32.3161 21.734 10.944 
18.5131 17.9204 32.054 21.1271 10.3853 
19.828 16.8174 32.4556 20.7064 10.1927 
19.7977 16.9843 32.2162 20.9637 10.0382 
20.9935 17.6637 30.4572 20.8369 10.0487 
21.3729 15.9316 31.0896 21.1435 10.4624 
21.0415 15.2143 31.5211 21.3706 10.8525 
20.2177 13.3647 32.7303 23.261 10.4263 
19.2133 13.8465 32.3353 24.4663 10.1385 
19.697 13.098 31.2279 25.938 10.0391 
18.9653 12.3894 31.7108 26.9291 10.0053 
18.7887 13.1348 34.4674 23.5592 10.05 
17.9787 13.0433 35.4566 23.5266 9.99487 
18.6158 13.4182 35.9754 22.1081 9.88249 
20.7904 12.5231 34.2668 22.5366 9.88311 
20.4946 12.884 32.8619 23.8511 9.90844 
19.9488 14.651 33.2966 22.2241 9.87959 
18.1069 14.4038 33.6664 23.9132 9.90968 
19.6688 13.3557 33.1409 23.9566 9.87792 
19.351 12.267 33.791 24.6671 9.92385 
19.0411 11.5716 35.3245 24.116 9.94682 
19.4025 11.243 35.6563 23.8574 9.84067 
19.8865 11.1771 34.1862 24.8917 9.8586 
21.1215 12.084 32.501 24.3794 9.9142 
22.334 11.856 33.8377 22.0734 9.89896 
22.8881 11.566 33.091 22.6094 9.84562 
21.2681 11.7947 33.7009 23.3282 9.90815 
20.2726 10.8672 35.0733 23.8629 9.92395 
19.1641 11.8225 34.7589 24.2925 9.96198 
22.082 10.7814 31.8275 25.458 9.85112 
20.0772 12.469 30.8234 26.735 9.89544 
19.0708 11.7184 32.3472 26.9159 9.94772 
18.4478 11.7504 34.3005 25.5425 9.95875 
20.4226 10.7648 34.1849 24.7587 9.86897 
20.7535 11.7077 34.2611 23.3733 9.90436 
21.8225 12.1792 33.0944 22.9818 9.92206 
21.2561 11.9804 32.4955 24.422 9.84609 
21.2864 11.7896 33.8026 23.3395 9.78198 
23.1042 12.1253 31.8546 23.0405 9.87541 
23.7472 11.7029 33.3053 21.4288 9.81576 
22.0275 11.2361 34.1911 22.7144 9.83095 
22.3089 11.3409 33.8124 22.6524 9.88536 
22.1231 12.6505 33.5729 21.725 9.92843 
21.0299 11.8632 35.1409 22.0967 9.86928 
22.9427 11.5675 33.4664 22.1755 9.84793 
24.7819 12.439 28.6786 24.2277 9.87277 
22.5695 11.2195 31.3036 24.971 9.93639 
22.3959 11.6415 32.9534 23.1204 9.88883 
22.9529 11.1188 33.6952 22.3218 9.9113 
22.0735 11.828 33.8625 21.7579 10.478 
22.5274 12.1252 32.6145 22.5249 10.208 
22.7668 12.1976 33.4852 21.5385 10.012 
22.366 12.7462 34.6617 20.3068 9.91927 
23.6464 11.6517 33.6065 21.1505 9.94497 
21.169 11.4333 33.3141 24.1266 9.95691 
21.896 11.7822 33.2145 23.2109 9.89649 
21.8571 11.3457 33.7284 23.1206 9.94824 
21.0217 12.1946 33.4791 23.3615 9.94307 
23.7216 10.9468 31.7897 23.7209 9.82103 
23.8664 10.4169 33.5502 22.3124 9.85402 
23.8735 10.1338 34.2378 21.9025 9.85238 
26.5947 9.9529 31.614 22.0262 9.81218 
28.1708 10.198 30.9969 20.8232 9.81116 
25.3508 10.5002 33.3997 20.9054 9.84385 
25.2146 10.736 34.5682 19.7004 9.78086 
27.0113 10.3349 31.8536 20.9429 9.85732 
25.5851 10.9778 34.4283 19.187 9.82162 
24.2509 11.5901 34.1785 20.159 9.82153 
23.1684 11.1632 34.2671 21.5826 9.81874 
23.0171 11.8316 34.2067 21.1571 9.78742 
23.2138 11.4071 34.0109 21.5612 9.807 
23.7731 10.8964 33.0292 22.5017 9.79964 
23.2158 11.7926 31.9224 23.1844 9.88472 
22.5647 11.1432 32.3192 24.0922 9.88063 
20.9709 10.7619 33.6337 24.8489 9.78461 
21.0359 10.2739 32.5661 26.3388 9.78527 
19.1635 10.4684 35.015 25.5613 9.79177 
17.9633 10.7255 34.5595 26.9425 9.80918 
19.9689 10.2991 32.5664 27.3248 9.8409 
17.2793 10.6207 33.0005 29.3159 9.78367 
17.4811 11.103 34.1832 27.4628 9.76988 
18.8416 10.4337 33.7583 27.1994 9.7671 
17.7289 12.3165 32.8912 27.0438 10.0195 
18.6312 12.718 32.4806 26.2041 9.96602 
19.2182 12.6902 31.987 26.2514 9.85314 
20.9299 11.2193 32.9747 25.0754 9.80078 
20.6099 12.2763 33.0091 24.2768 9.82793 
21.9998 11.0534 33.6232 23.4943 9.82922 
22.8122 11.6756 31.2129 24.5303 9.76898 
22.6821 11.179 33.1139 23.2444 9.78063 
21.7888 10.5149 32.8256 25.055 9.81569 
22.499 10.2718 32.4586 24.9917 9.7789 
22.9706 11.219 31.6596 24.3653 9.78559 
21.7614 10.9776 33.6212 23.8391 9.80077 
21.4485 11.167 34.003 23.5915 9.78998 
22.4712 12.21 32.2124 23.2415 9.86487 
23.0897 11.8801 32.8235 22.411 9.79566 
23.69 12.2492 31.7114 22.562 9.78742 
27.0265 11.0751 32.6874 19.3668 9.8442 
25.1799 12.8103 32.8589 19.2289 9.9221 
24.0392 12.3472 34.1106 19.6144 9.88859 
24.5196 11.9772 33.722 19.9263 9.85501 
23.3063 11.6572 34.3028 20.8643 9.86936 
24.4098 10.8139 32.2541 22.6022 9.92002 
24.8672 10.6018 32.6855 22.0154 9.83014 
26.4217 10.2116 33.0094 20.5315 9.82578 
25.3809 10.0911 34.2466 20.3831 9.89823 
24.1019 10.0005 34.841 21.1525 9.90407 
24.0936 10.1832 32.6644 23.2287 9.83008 
21.5776 10.6634 32.6079 25.2507 9.90038 
19.9824 11.1382 33.2394 25.6899 9.95019 
20.485 11.8962 33.9037 23.8017 9.91337 
20.0665 11.52 31.6146 26.8569 9.94202 
20.2077 12.8821 31.2143 25.7831 9.91287 
21.7026 11.7702 31.9081 24.8038 9.81537 
22.5973 11.5994 31.9858 23.9892 9.82832 
22.0889 10.9669 33.4701 23.6967 9.77738 
21.0445 11.3296 32.8889 24.9253 9.81177 
21.559 11.5176 31.3274 25.8406 9.75538 
19.0181 11.7247 34.8398 23.9998 10.4175 
20.1902 11.4351 33.8286 24.3838 10.1623 
19.5463 11.2054 35.0545 24.2346 9.95919 
19.5176 12.6314 34.3004 23.6189 9.93167 
19.7892 12.6987 32.3478 25.3353 9.82906 
20.5155 11.5781 32.5138 25.5761 9.81649 
21.1589 11.3123 32.3906 25.2881 9.85011 
20.8555 11.6377 32.6063 25.0673 9.83303 
20.0148 11.4236 34.1498 24.6281 9.78377 
21.934 10.6048 32.3654 25.311 9.78485 
20.0855 11.2294 33.204 25.7254 9.75565 
19.8733 10.53 35.4156 24.3881 9.79308 
20.7036 10.4272 35.2594 23.846 9.7638 
20.7017 10.4614 34.3935 24.6052 9.83817 
20.6814 11.1536 33.7257 24.5616 9.87776 
20.6437 10.5768 33.2265 25.6141 9.93888 
21.8125 11.3443 31.2095 25.6953 9.93838 
22.0713 11.012 31.3006 25.7926 9.82356 
21.2593 11.5763 31.9442 25.3564 9.86386 
19.836 11.185 35.1785 23.948 9.85256 
20.0899 12.8991 34.0649 23.1488 9.79734 
19.5542 12.8913 34.2103 23.5376 9.80665 
20.853 12.1418 33.2444 23.9523 9.80839 
19.3551 12.8891 32.6936 25.2879 9.77432 
19.3954 13.9681 29.8264 27.064 9.7461 
18.9761 13.3414 31.2362 26.5904 9.85587 
20.1332 12.4772 30.4568 27.0049 9.92793 
17.7119 13.578 32.8125 26.0407 9.85693 
17.7244 13.211 33.2258 26.0173 9.82143 
19.5104 12.0068 32.508 26.1259 9.84899 
20 20 20 20 20 
16.506 21.4458 24.5783 18.1928 19.2771 
15.0431 20.4966 27.6184 19.1787 17.6632 
13.0515 21.6538 29.9382 18.8059 16.5505 
12.4294 19.863 32.3185 18.5596 16.8295 
13.5857 20.2509 31.2698 18.4936 16.4 
13.7235 20.1502 31.6003 19.024 15.502 
12.6951 20.9084 31.9906 19.8691 14.5367 
12.8527 20.5308 31.0463 20.7764 14.7939 
12.9374 19.2334 34.6878 20.8305 12.3109 
12.5446 20.5028 33.4198 20.4152 13.1175 
12.9226 20.2268 31.7346 22.1534 12.9627 
11.8271 20.6012 31.8429 23.3938 12.335 
11.1575 21.1543 33.3605 22.1847 12.1431 
10.5787 22.4064 33.1436 22.1899 11.6813 
10.762 22.1485 33.9848 21.6671 11.4377 
11.4377 22.9299 32.5852 22.0449 11.0023 
10.8257 21.3224 32.3258 24.7992 10.7268 
10.3289 22.5317 31.6305 24.8696 10.6392 
10.6921 20.688 33.0263 24.7464 10.8472 
11.5656 19.6123 32.6107 24.5683 11.6431 
11.2852 20.3325 33.291 24.2459 10.8455 
11.6322 20.3225 33.9632 23.1906 10.8915 
12.0337 18.9695 34.3391 23.642 11.0157 
12.8008 20.7913 33.25 21.8712 11.2867 
13.7688 21.7114 32.6776 20.2777 11.5644 
15.0298 22.2592 31.5017 20.4145 10.7947 
15.0759 22.1052 32.4582 19.9634 10.3974 
14.7001 21.3229 33.121 19.7114 11.1446 
15.1981 21.4209 33.0162 19.3494 11.0154 
16.2839 20.8842 31.7686 19.228 11.8352 
15.0973 22.3843 31.5011 19.1941 11.8231 
14.8625 22.6283 32.2399 19.1715 11.0977 
15.4004 22.8823 31.9297 18.8403 10.9473 
13.8844 23.9411 31.228 20.4728 10.4737 
14.653 23.8983 31.0357 20.2364 10.1766 
13.449 23.3012 31.3342 21.8529 10.0628 
13.0364 21.4278 33.4889 22.0651 9.98189 
12.2925 22.5249 31.9675 22.4499 10.7652 
12.668 22.0042 31.329 22.2224 11.7765 
12.3096 21.7338 31.5182 22.3307 12.1077 
13.7579 19.372 32.3828 22.3767 12.1106 
14.2356 20.5339 31.4034 21.7868 12.0403 
12.4886 21.9038 31.4306 22.1466 12.0304 
11.2443 22.9519 32.3403 21.3233 12.1402 
11.1485 22.1338 32.2228 22.6353 11.8596 
10.8577 23.6958 30.5444 22.7867 12.1154 
12.0042 21.7109 30.2037 22.6262 13.4549 
14.1138 23.3555 29.0646 21.8184 11.6477 
14.6796 21.626 30.9406 21.5035 11.2502 
14.0756 19.4918 33.4755 21.1145 11.8427 
13.4894 18.5548 32.8668 23.3364 11.7526 
13.8691 18.9924 32.2365 22.4195 12.4825 
13.2817 19.5998 33.6053 21.4429 12.0703 
13.2793 19.2632 32.7631 23.1508 11.5436 
13.342 19.8193 33.1376 22.5674 11.1337 
14.5729 19.4464 33.4625 21.093 11.4252 
16.8295 18.7286 32.3227 20.6271 11.4922 
17.3783 20.9889 29.3266 20.6777 11.6284 
17.6635 22.2893 28.5095 20.7235 10.8142 
15.7423 22.3913 31.3279 19.7113 10.8272 
14.4096 22.9905 31.5614 20.1121 10.9264 
14.8417 20.5731 30.6222 23.6007 10.3623 
14.9012 20.5228 31.8465 22.5615 10.168 
13.7488 22.4722 30.4477 23.363 9.96834 
13.1082 22.5348 30.4186 24.0192 9.91924 
12.5437 18.9497 33.6989 23.7283 11.0794 
12.7318 16.9684 36.1001 23.6213 10.5785 
13.6461 19.4732 33.572 23.0744 10.2343 
14.2473 17.9184 33.3012 23.6584 10.8747 
15.3204 16.7461 33.5905 23.0314 11.3117 
15.826 17.4183 32.3731 22.8222 11.5604 
15.3103 17.7502 32.214 23.3289 11.3966 
14.4671 18.5481 34.2269 21.3375 11.4204 
14.748 17.0775 35.6105 21.5069 11.057 
13.5021 17.3131 35.2147 22.8704 11.0995 
14.0326 17.0708 32.8177 25.0275 11.0514 
15.2084 18.2812 30.2507 25.0843 11.1754 
15.6256 17.2957 32.2376 24.3069 10.5342 
16.1697 17.9963 31.6996 23.9098 10.2246 
14.5365 18.0035 33.0541 23.9173 10.4887 
14.1873 16.9652 32.9761 25.2746 10.5968 
14.2574 15.6463 33.0085 26.8186 10.2692 
14.5057 15.3368 33.1709 26.6607 10.3258 
13.9003 16.628 32.6259 26.4806 10.3652 
14.3365 17.689 31.6539 25.8824 10.4383 
15.8699 18.0986 32.2634 23.5765 10.1915 
16.6244 17.8812 32.9408 22.472 10.0815 
17.9943 16.5996 31.6438 23.8083 9.95405 
17.2389 18.0525 30.7944 23.992 9.92208 
17.2067 17.752 33.1258 21.9683 9.94719 
18.1272 16.5791 33.7898 21.6284 9.87556 
18.3691 17.8729 32.1727 21.6475 9.93778 
17.728 18.8804 32.1928 21.328 9.87085 
16.6988 18.8419 31.0537 23.4845 9.92118 
17.0141 17.6596 31.4359 23.9582 9.93218 
16.9295 18.1881 32.1618 22.808 9.91261 
16.588 18.3377 32.0473 23.1687 9.85827 
15.8521 17.4538 32.8841 23.939 9.87099 
16.5716 15.4992 35.174 22.9205 9.83463 
17.0001 15.0353 34.587 23.4603 9.91732 
15.9469 15.5724 34.3148 24.0402 10.1258 
16.4611 14.5763 33.9784 24.983 10.0012 
17.216 15.8389 33.0761 23.9408 9.92813 
16.6255 16.9573 32.8646 23.6322 9.92033 
16.027 15.3358 35.0037 23.6732 9.96017 
17.118 16.4739 31.2332 25.2695 9.90546 
17.1847 15.4007 30.5289 26.9622 9.92349 
18.7063 14.5379 32.3585 24.4498 9.9475 
19.3532 13.8315 33.2105 23.6311 9.97375 
19.3492 13.761 34.4624 22.5299 9.89759 
19.4167 13.0409 33.1338 24.5887 9.81985 
17.2468 13.4435 35.7977 23.679 9.833 
17.9719 14.2289 34.7544 23.1709 9.87401 
17.0319 14.011 35.1933 23.9418 9.82206 
17.8017 13.4341 34.4538 24.3995 9.91103 
17.36 14.7231 32.7858 25.1907 9.94041 
16.7157 14.6532 32.0179 26.7322 9.88092 
17.0928 14.1037 32.1234 26.7697 9.91034 
17.9804 12.555 33.2001 26.4352 9.82938 
15.7891 13.218 34.4471 26.6737 9.8722 
16.4311 14.0785 33.5345 26.1417 9.81415 
16.525 14.0593 33.6727 25.9648 9.77813 
18.3781 15.1221 32.2988 24.3986 9.80236 
17.5468 15.6256 31.8385 25.1025 9.88652 
17.5012 14.9134 32.6352 25.1252 9.82492 
16.7567 12.7437 33.2361 27.3662 9.89735 
17.9528 11.2351 33.0314 27.9688 9.8119 
20.1885 10.9206 33.4854 25.4996 9.90595 
19.9999 10.8062 32.466 26.9007 9.82719 
19.9125 10.3594 34.7461 25.1122 9.86986 
20.2962 10.987 34.7951 24.0292 9.89244 
20.5767 10.7792 34.5404 24.1574 9.94622 
19.4574 11.8366 35.7516 23.1102 9.84417 
19.8477 10.9778 35.2865 24.0551 9.8328 
21.019 12.5494 32.3407 24.2754 9.81554 
21.0282 11.3179 34.6141 23.2328 9.8069 
21.1748 11.5148 34.5743 22.8777 9.85841 
23.3923 10.6355 32.9884 23.1766 9.80725 
22.6106 11.6599 32.2759 23.6827 9.77088 
23.1672 10.7849 33.4052 22.8023 9.8404 
25.1094 10.2557 34.0278 20.8237 9.78342 
26.9317 10.0799 33.1481 19.9965 9.84379 
26.0771 10.5296 34.0815 19.4938 9.81804 
25.271 10.9223 34.1661 19.8386 9.80198 
26.1151 10.4768 32.757 20.8911 9.75993 
26.6378 10.9483 31.8106 20.7851 9.81823 
24.6458 10.6521 32.7338 22.2048 9.76349 
23.2906 11.7777 32.3346 22.7153 9.88174 
22.0072 14.6059 30.1476 23.3642 9.87508 
23.6995 12.7889 31.5315 22.1837 9.79648 
23.3513 12.4647 31.1012 23.2324 9.85031 
24.3741 12.7403 32.0585 20.9813 9.84579 
22.7753 14.6054 32.4999 20.1965 9.9229 
22.8427 13.9591 31.4202 21.863 9.91501 
22.3589 13.0733 31.3351 23.2752 9.9575 
21.0324 12.7131 32.1381 24.1376 9.97875 
20.2177 12.0282 33.5318 24.3076 9.91475 
22.7977 10.999 32.6269 23.6342 9.94227 
22.8367 13.0158 29.8755 24.3988 9.8731 
20.9795 11.3669 31.5522 26.306 9.79548 
20.0136 11.0803 34.9824 24.1054 9.81838 
20.4297 12.9419 32.597 23.9862 10.0451 
20.509 12.7945 33.0632 23.3166 10.3167 
22.0888 12.4623 34.431 20.9778 10.04 
24.4885 11.9714 32.9255 20.6098 10.0049 
23.3202 12.6312 33.8678 20.2732 9.90751 
22.3847 13.4171 33.3107 21.0062 9.88129 
23.1259 12.9019 34.4801 19.5665 9.92554 
22.7548 11.5382 34.3912 21.4112 9.90463 
23.193 12.2532 34.4867 20.2157 9.85145 
24.7701 11.0667 33.411 20.8863 9.86585 
25.6204 10.5334 32.882 21.0314 9.93292 
25.4215 10.1628 33.8 20.7531 9.8626 
23.48 10.6199 34.9 21.1458 9.85438 
24.685 11.297 32.984 21.2525 9.78156 
22.7282 13.0669 31.7739 22.4957 9.93529 
22.2616 11.5014 31.9126 24.3889 9.93559 
25.1572 11.0312 30.9728 22.9205 9.91829 
27.3875 10.6112 30.6138 21.4921 9.89545 
25.3037 10.2591 33.5731 20.9628 9.90129 
24.6015 10.0038 34.5539 21.016 9.82486 
25.2754 9.90695 32.9415 22.0586 9.81749 
23.5573 10.8443 34.7179 20.9431 9.93748 
24.4675 10.407 34.4284 20.7435 9.95364 
24.9666 10.483 32.5869 22.0177 9.94576 
25.3576 10.1816 33.3593 21.1885 9.913 
23.6851 10.1223 33.6608 22.7012 9.83071 
23.5348 9.98421 32.6765 23.966 9.83843 
22.3924 10.4609 32.1195 25.108 9.91922 
23.2808 10.2153 33.1292 23.4301 9.9445 
22.8225 11.0182 33.6573 22.5777 9.92433 
23.3394 11.3915 31.3711 24.0339 9.86412 
23.6817 11.2513 32.5024 22.6776 9.88702 
23.5711 10.7576 33.1134 22.6291 9.92885 
24.7789 10.313 31.6883 23.3211 9.89863 
25.6002 10.3405 29.7237 24.5368 9.79882 
22.4406 10.7258 31.5285 25.5037 9.80137 
20.6715 10.2409 32.0752 27.2336 9.77873 
21.7282 10.9749 31.2275 26.275 9.79443 
23.4447 10.6487 31.5815 24.4278 9.89721 
23.8703 10.7821 33.3964 22.0731 9.87818 
22.0269 12.4247 32.9061 22.8102 9.83206 
21.9169 12.5986 34.2101 21.2182 10.0562 
21.5324 13.248 32.815 22.3916 10.013 
23.3802 11.9431 32.365 22.442 9.86972 
23.5083 11.1231 33.0007 22.4331 9.93486 
22.7971 10.4695 35.5187 21.3393 9.87541 
23.1545 10.2943 34.1284 22.5744 9.84842 
22.568 10.4103 33.7825 23.3615 9.87777 
21.4721 11.0045 32.8787 24.8469 9.79782 
21.6122 10.7893 33.5088 24.2059 9.8838 
22.2481 10.2536 32.8986 24.7989 9.80084 
22.9702 10.2037 33.8339 23.1687 9.82349 
22.1005 10.7942 34.1477 23.1228 9.83482 
24.5183 10.6159 32.7304 22.3358 9.79957 
23.8604 12.1707 32.7051 21.462 9.80174 
24.5079 12.4518 32.0358 21.1347 9.86982 
25.7539 11.2259 30.8512 22.234 9.93491 
23.891 12.606 30.6354 22.4807 10.387 
23.8431 11.4235 32.0346 22.5355 10.1634 
23.9697 11.7358 31.8305 22.4123 10.0516 
26.8785 12.7828 29.9224 20.426 9.99033 
24.7395 14.1313 30.9055 20.2749 9.94872 
22.971 12.7619 33.4907 20.897 9.87943 
22.4762 11.4893 32.8444 23.2968 9.89327 
20.4249 11.1663 34.1933 24.299 9.91652 
20.9162 11.4483 33.0791 24.6128 9.9436 
21.1033 10.7241 33.7976 24.4032 9.9718 
23.2022 10.6332 31.959 23.9486 10.257 
23.0209 10.2548 34.0351 22.6224 10.0668 
23.9715 10.1118 33.0612 22.8377 10.0178 
27.4063 10.0403 31.6396 20.9204 9.99333 
27.4345 10.5426 31.4914 20.6095 9.92204 
25.5553 10.4115 33.1912 20.8966 9.94544 
25.9942 10.142 33.7931 20.1617 9.90903 
22.7105 11.5997 34.8902 20.5904 10.2093 
22.6555 11.837 34.4729 20.9763 10.0582 
24.4507 10.9019 32.0205 22.6144 10.0125 
23.999 11.7201 31.4537 22.928 9.89921 
23.5736 11.7242 31.6219 23.1924 9.88788 
23.1044 11.2675 33.0407 22.7448 9.84259 
22.8022 12.1963 31.3641 23.7162 9.92129 
22.4074 11.7585 30.9336 25.0656 9.83486 
23.5846 11.5935 32.7684 22.2154 9.83807 
23.0073 10.7812 33.6739 22.6342 9.90346 
22.9943 10.3595 34.3835 22.3419 9.92067 
24.1071 10.1651 33.9073 21.8748 9.94567 
23.4382 10.0056 33.4152 23.2451 9.89591 
24.1811 10.322 32.969 22.7168 9.81118 
23.5326 10.0199 33.5691 23.1139 9.76452 
23.1992 9.88801 34.7724 22.3801 9.76031 
24.5866 9.81413 32.3213 23.5277 9.75029 
23.866 9.95158 33.8164 22.5947 9.77129 
24.0997 9.97579 33.2415 22.7974 9.88564 
24.8405 9.97128 32.0693 23.1927 9.92621 
23.5135 9.96956 32.1118 24.4581 9.94703 
20.893 10.3004 33.6639 25.1859 9.9569 
21.6132 10.6502 31.9986 25.7596 9.97845 
20.3996 12.0111 33.1505 24.3624 10.0764 
21.2117 10.9163 33.0931 24.83 9.94893 
21.8072 11.3023 32.618 24.428 9.8446 
21.4955 11.2586 33.1314 24.2078 9.90672 
19.8129 11.295 34.4127 24.5685 9.91087 
19.3404 10.5217 33.7158 26.5924 9.82965 
21.6199 11.2357 32.4239 24.9314 9.78904 
19.9009 11.83 32.7271 25.6475 9.89452 
20 20 20 20 20 
16.057 22.8266 21.7577 18.9074 20.4513 
13.6548 22.1352 26.8024 18.477 18.9305 
12.3574 24.2012 25.9588 20.1832 17.2994 
11.1787 24.0324 27.8658 20.6598 16.2633 
10.5319 22.0162 31.1743 20.7897 15.488 
10.6558 22.82 31.4128 21.9774 13.1339 
11.0656 22.7683 29.9921 22.1128 14.0611 
10.5328 22.4307 30.6937 23.6146 12.7282 
10.6687 22.4797 32.4733 22.9567 11.4216 
12.8056 24.2284 31.2941 20.6738 10.9981 
11.9853 23.1579 32.8801 21.3806 10.5962 
12.3927 21.3123 33.24 21.6236 11.4314 
11.1582 22.9971 30.7422 23.7889 11.3137 
10.8555 23.0563 30.0696 23.201 12.8176 
10.8708 25.1991 28.9588 22.1068 12.8645 
10.3534 25.2459 30.4045 21.3579 12.6383 
10.1648 25.212 31.3543 21.1302 12.1387 
12.0444 24.8845 30.4873 21.5778 11.006 
11.8417 25.1501 30.9206 20.8839 11.2037 
12.5521 24.3788 29.386 22.113 11.57 
12.6007 24.0032 31.1608 21.5577 10.6776 
11.5571 24.96 31.5951 20.9256 10.9623 
12.4533 23.6451 32.7878 19.8074 11.3064 
12.8531 23.8707 31.9361 19.7832 11.5568 
13.3402 22.923 32.3878 20.0151 11.334 
12.8896 22.3152 32.5354 20.4953 11.7645 
12.3638 21.7495 30.9094 22.0857 12.8916 
14.0965 21.5531 32.1633 20.2137 11.9734 
15.3816 22.1522 30.4996 20.0275 11.9391 
15.0758 21.4877 30.383 20.9096 12.1439 
14.4757 21.7487 30.7417 20.2634 12.7705 
14.2459 24.4862 27.9046 21.3177 12.0456 
13.595 24.4258 28.8 21.0649 12.1142 
12.7234 24.4351 30.4494 21.1498 11.2423 
11.6917 22.243 33.1181 21.2348 11.7125 
11.2954 23.7918 30.728 22.6065 11.5783 
10.7498 22.4826 30.2875 23.8032 12.6769 
10.5516 22.6049 30.0427 24.4016 12.3991 
10.356 22.9335 28.6577 24.5003 13.5525 
11.4594 20.7632 31.2887 24.0592 12.4295 
10.8805 18.4218 33.6092 25.0949 11.9936 
10.4147 20.3078 31.8556 24.7924 12.6295 
11.4727 21.4561 31.2841 22.347 13.44 
12.0027 20.6497 32.3522 22.1396 12.8558 
12.268 19.5249 32.4428 23.4698 12.2946 
13.4417 17.4547 33.9137 23.4016 11.7883 
14.348 18.0494 31.9286 22.0115 13.6625 
14.2236 19.0769 32.4134 22.494 11.7921 
14.5991 20.1984 32.1965 21.78 11.226 
12.2461 20.2596 32.2747 23.3232 11.8964 
11.3178 19.0908 32.2413 24.9083 12.4417 
13.1448 21.1273 31.0924 23.1886 11.4468 
14.0331 20.7731 31.1221 23.1126 10.959 
13.6832 19.4532 33.0277 23.423 10.4128 
14.1218 21.2651 31.2117 23.1126 10.2888 
13.8964 21.392 32.0615 22.4424 10.2077 
12.4469 23.228 32.2712 21.9629 10.0911 
14.2498 21.3508 32.1882 20.8499 11.3613 
15.9325 20.838 31.5413 20.8585 10.8297 
16.1027 18.818 33.6184 20.7967 10.6642 
16.0059 17.9948 34.486 20.8782 10.6351 
15.4205 18.7502 32.0781 22.527 11.2242 
15.6678 17.5979 34.0762 21.8736 10.7845 
14.6521 17.2214 35.2199 22.1667 10.7398 
14.749 17.2942 34.6968 22.1478 11.1122 
14.4974 18.1443 33.2702 23.5041 10.584 
14.6513 17.7734 32.6091 24.739 10.2271 
13.3668 17.37 35.4562 23.552 10.2549 
13.2175 18.4861 34.2054 23.9919 10.0991 
14.1154 18.2243 33.1885 23.6582 10.8136 
13.8697 18.5127 32.8068 24.4994 10.3114 
15.1118 18.6397 32.4892 23.6438 10.1155 
16.413 16.6056 34.816 22.1076 10.0578 
16.6065 16.1695 33.6747 22.2538 11.2955 
17.3573 15.5172 32.9184 23.5593 10.6478 
16.2629 15.3428 34.1558 23.1561 11.0823 
15.1967 14.1932 35.2844 24.8933 10.4325 
14.7029 14.2011 35.6047 24.2429 11.2484 
12.7499 13.5273 36.1828 25.6176 11.9224 
12.2889 15.2314 34.7581 25.9808 11.7408 
12.8111 16.0215 34.0457 26.1788 10.9428 
12.4056 16.2774 33.2895 26.9561 11.0714 
13.8115 16.155 33.085 26.5215 10.427 
13.5819 15.89 34.4402 25.9028 10.1851 
15.0542 13.9674 34.1669 25.9766 10.8348 
14.7282 12.6902 36.5128 25.4883 10.5805 
15.2876 14.8151 35.6061 23.8097 10.4815 
15.6549 16.5236 34.3776 22.8165 10.6275 
16.6425 15.4872 34.2408 23.4025 10.227 
16.3768 15.7992 33.3704 24.3401 10.1135 
16.884 14.2764 33.7867 24.9237 10.1292 
16.982 13.8875 35.6261 23.4811 10.0233 
16.5792 13.7085 34.8719 24.8288 10.0116 
17.8365 14.4594 33.1317 24.7121 9.86019 
19.1194 15.132 31.221 24.7124 9.81515 
18.1311 13.7089 33.4677 24.7848 9.90758 
16.4426 15.0512 35.3131 23.3213 9.87182 
16.674 15.6918 33.2726 24.5547 9.80697 
16.9084 15.5602 32.7791 24.8488 9.90349 
15.6175 16.0895 33.7248 24.1722 10.3959 
16.1178 14.4588 34.9382 24.331 10.1542 
17.0225 14.5123 33.5755 24.9106 9.97906 
16.8674 13.4205 35.6919 24.0991 9.92104 
17.9641 12.2351 34.5586 25.3092 9.93289 
16.4965 12.0424 34.6204 26.961 9.87974 
15.7341 12.9421 35.3893 25.0624 10.8721 
17.5445 14.3889 34.7034 22.9418 10.4214 
19.719 13.4075 33.476 23.3052 10.0923 
20.1373 16.0093 31.5991 22.2082 10.0462 
20.1577 16.61 33.0102 20.0062 10.216 
21.0581 15.8718 33.1223 19.9437 10.0041 
21.1612 15.5508 33.8025 19.5983 9.88712 
18.3931 14.5936 35.7933 21.3048 9.91515 
18.0116 16.6899 32.9256 22.5021 9.87087 
19.5713 14.8925 31.939 23.7511 9.84615 
19.2252 13.936 33.5211 23.5274 9.79033 
19.2764 14.3909 33.7073 22.8282 9.79713 
21.1413 13.1771 34.6451 21.23 9.80654 
19.345 14.9451 32.9214 21.8964 10.8921 
18.6841 13.7225 33.9026 23.3028 10.3879 
18.4461 13.2197 33.5698 24.6572 10.1073 
17.8918 11.873 34.7415 25.4865 10.0072 
17.4335 14.1155 34.809 23.7 9.94187 
19.9086 13.8891 33.9743 22.3151 9.91279 
20.8787 13.3872 31.8331 24.0427 9.85836 
20.1851 13.4732 33.7132 22.7558 9.87268 
20.5403 12.1098 34.6178 22.8704 9.86171 
21.9468 11.1447 34.9736 22.064 9.87098 
22.3639 10.454 33.9069 23.458 9.81715 
22.1195 10.227 33.8284 23.9165 9.90857 
21.8192 10.1768 34.0028 24.1418 9.85935 
19.2692 12.9748 33.2475 24.3737 10.1347 
20.3053 12.585 33.392 23.7722 9.94541 
20.7267 12.6369 32.7081 23.9707 9.9576 
21.9249 11.7239 32.4201 23.9974 9.93375 
18.9506 14.2939 32.6302 24.2768 9.84853 
20.4923 12.2317 34.2812 23.1553 9.83952 
22.3204 11.379 32.7753 23.652 9.87332 
21.7257 11.6419 33.5007 23.2843 9.84737 
20.922 13.0695 33.4663 22.7368 9.80534 
21.2969 11.7979 33.761 23.2879 9.85623 
22.3573 13.1774 30.1717 24.4604 9.83318 
21.7377 11.8682 32.3219 24.1867 9.88553 
21.9626 10.9341 32.8797 24.2809 9.94277 
20.566 11.8568 33.213 24.4408 9.92346 
20.4279 14.3342 32.5485 22.8001 9.88927 
19.7728 14.2259 33.3331 22.7236 9.94463 
20.9009 13.3448 31.5941 24.2603 9.89985 
20.1474 14.0967 32.3122 23.4938 9.94993 
19.4295 13.1833 32.8739 24.6303 9.88294 
20.1377 12.0297 32.1469 25.7593 9.92636 
20.1954 11.0782 33.1621 25.6961 9.86825 
21.077 12.2156 31.7146 25.1626 9.83026 
20.1255 11.565 33.1139 25.4132 9.78239 
21.5277 10.7188 32.1621 25.7639 9.8275 
20.3969 11.7814 33.9709 24.044 9.80672 
20.9027 11.3837 34.3094 23.5713 9.83294 
21.0342 10.5998 33.1056 25.436 9.82444 
20.6294 11.3392 33.5472 24.6562 9.82795 
19.9824 11.1077 33.3899 25.6211 9.89887 
18.2743 11.7285 33.4118 26.666 9.91931 
19.1372 11.6852 32.9746 26.3181 9.88503 
20.2829 10.7533 33.3028 25.8078 9.85323 
21.0592 10.4399 34.3729 24.2963 9.83168 
22.2413 10.3251 33.2525 24.3103 9.87079 
22.5354 10.1465 34.1504 23.2484 9.91932 
21.8099 10.9467 35.5993 21.7146 9.92954 
23.5893 10.7831 33.7288 22.0667 9.83203 
22.9402 11.4287 33.4279 22.3337 9.86957 
23.3887 11.0923 32.7023 22.9401 9.87665 
24.1943 10.8586 34.0074 21.0013 9.93832 
24.5972 11.2433 33.7188 20.5297 9.91102 
25.6122 10.5033 34.9067 19.1406 9.83717 
25.949 10.9659 34.7391 18.4274 9.91858 
26.476 11.1209 32.3547 20.1929 9.85543 
26.2748 10.4684 32.5884 20.8327 9.83569 
28.8517 10.1549 32.4847 18.6703 9.83848 
30.6208 10.1089 31.9656 17.5113 9.79345 
27.889 10.4004 32.0205 19.9191 9.77094 
27.8741 10.1855 32.1393 19.9302 9.87081 
24.6742 10.3812 33.0568 21.9844 9.90335 
23.9359 10.99 32.0457 23.2179 9.81061 
22.1813 11.1352 33.8582 23.0419 9.78335 
22.1275 12.0894 34.4876 21.5544 9.74118 
24.8719 10.9865 32.9415 21.3877 9.81245 
23.7996 10.7963 33.2889 22.209 9.90622 
24.5522 11.4957 32.4981 21.6228 9.83116 
26.3049 11.1435 33.3354 19.4445 9.7717 
25.7978 10.8043 33.9642 19.606 9.82771 
25.7001 10.8239 32.7954 20.797 9.88373 
23.0381 11.0546 33.3256 22.7809 9.8008 
22.2446 11.8364 31.9625 24.1665 9.78999 
22.2817 11.5704 29.8943 26.4311 9.82253 
22.2716 10.7322 33.145 23.9929 9.85826 
24.0101 10.6056 31.9917 23.5234 9.86925 
24.9623 10.3333 32.7641 22.1276 9.81267 
24.9385 10.2861 33.9589 20.9614 9.85514 
28.1883 10.4942 33.0329 18.5075 9.77707 
25.6669 11.9237 32.5402 20.0846 9.78468 
24.4511 12.1383 33.9172 19.6011 9.89234 
24.9057 11.6887 34.9701 18.5902 9.8453 
25.1329 11.464 35.0643 18.517 9.82179 
24.486 13.3171 33.786 18.5464 9.86445 
26.7334 12.391 32.3389 18.6681 9.86853 
27.1931 14.0733 31.282 17.5334 9.91819 
27.9052 13.3068 31.7182 17.1268 9.94302 
30.956 11.5355 32.0207 15.6341 9.85366 
32.3258 11.2026 33.4017 13.2518 9.81814 
30.5568 11.9649 33.3675 14.2017 9.90907 
29.6747 12.0196 33.402 14.9956 9.90809 
27.8003 11.1024 34.2936 16.9114 9.89232 
27.6028 12.5483 33.9106 16.0359 9.90243 
27.919 12.8918 33.2789 15.9591 9.95121 
27.0548 12.1007 34.0501 16.9081 9.88632 
28.5121 11.402 32.6214 17.6284 9.83613 
28.0491 11.1869 32.9251 18.0618 9.777 
26.2857 11.9629 34.297 17.6296 9.8248 
28.9483 10.9966 32.1941 18.0853 9.77562 
26.8288 11.8937 34.2656 17.1822 9.82967 
24.7294 13.1334 34.7169 17.6125 9.8078 
27.0522 12.6604 32.046 18.3375 9.9039 
28.5568 11.5449 30.9003 19.1381 9.85993 
26.4537 11.4543 33.3073 18.9846 9.80009 
25.2269 10.6502 33.269 21.0308 9.82312 
25.6975 11.0884 33.3012 20.0169 9.89599 
25.5331 11.4439 33.4647 19.743 9.81525 
23.9286 11.2265 33.7049 21.3394 9.80059 
25.7517 10.5967 32.467 21.3009 9.88368 
25.3396 12.8346 31.7408 20.2157 9.86938 
25.9711 11.5455 32.8576 19.7232 9.90264 
25.7942 11.7913 31.8609 20.6641 9.88959 
25.4358 11.3136 34.0419 19.3104 9.89836 
24.3458 11.6161 34.0268 20.1203 9.89104 
23.6773 10.8228 33.3851 22.302 9.81278 
25.0974 10.5232 32.9865 21.5344 9.85846 
24.5487 10.6462 33.5702 21.3826 9.85231 
22.5016 10.1932 34.6422 22.5419 10.121 
21.687 10.2368 34.6108 23.4205 10.0449 
21.7764 11.2409 34.3608 22.6432 9.97872 
21.5916 11.4308 33.6942 23.4011 9.88233 
24.0123 10.6517 34.363 21.0955 9.87747 
24.3556 10.2957 33.4466 21.9935 9.90861 
24.0396 10.1028 33.0896 22.8586 9.90926 
23.2139 10.126 32.8135 23.9666 9.88 
23.4531 11.2169 31.4837 23.9833 9.86308 
22.0869 11.3141 32.2583 24.4541 9.88649 
22.0307 10.5934 32.8489 24.6474 9.87955 
22.4705 11.6434 30.9755 25.0172 9.89334 
21.2962 11.9193 32.8658 24.094 9.82472 
20.1118 12.4265 31.5749 26.0848 9.80195 
21.5691 11.1475 33.7151 23.7332 9.83518 
19.2694 12.2404 34.7363 23.8363 9.91759 
17.3043 12.7574 34.3298 25.7825 9.82605 
18.9552 12.1363 32.771 26.2246 9.91303 
19.7222 13.1018 31.2173 26.1092 9.84948 
19.1316 13.0858 32.4779 25.0607 10.2439 
19.7539 12.1856 32.8534 25.2263 9.98088 
19.7075 11.8555 32.6979 25.8335 9.90569 
18.9582 11.8979 32.9161 26.3496 9.87822 
18.8339 11.2715 32.5871 27.3683 9.93911 
18.8306 12.1172 32.8059 26.3385 9.90783 
19.1417 11.2258 35.3999 24.4154 9.81714 
17.505 13.0979 33.2688 26.1299 9.99839 
18.5048 11.5025 33.6623 26.3776 9.95275 
19.3428 11.3236 34.9034 24.484 9.94626 
19.728 12.0357 32.8908 25.4148 9.93064 
20 20 20 20 20 
14.9087 22.7854 21.0731 20.5023 20.7306 
12.4439 23.9707 25.8172 18.6711 19.0971 
11.4096 25.4511 27.3678 18.4967 17.2748 
11.1039 25.0495 28.9421 19.9291 14.9754 
11.3872 23.9664 29.2308 20.3764 15.0392 
10.6936 24.4832 29.4963 20.4263 14.9006 
11.5373 25.813 28.0815 20.4513 14.1169 
11.4399 22.8602 31.5176 19.6006 14.5816 
11.5257 22.2121 31.5171 20.3453 14.3998 
12.4053 21.7341 32.3044 20.3176 13.2386 
12.8946 22.2307 31.6825 21.0174 12.1748 
13.5723 22.9903 30.9663 19.8837 12.5874 
13.5719 22.9237 31.1974 19.5847 12.7223 
13.5289 24.439 30.4842 18.571 12.9769 
12.3851 25.4513 30.5817 19.0045 12.5775 
13.6445 24.0237 30.9158 18.6368 12.7791 
12.7941 23.4873 31.2659 20.3254 12.1273 
14.0894 22.5828 30.6679 19.9529 12.707 
12.0185 22.2862 32.0879 20.1859 13.4216 
11.0093 23.1701 30.3683 21.4443 14.0081 
11.4512 20.5656 31.9317 22.6154 13.4361 
10.9219 19.4052 32.594 24.3562 12.7227 
10.3629 19.0163 32.2284 26.1487 12.2437 
10.5771 17.4218 33.3804 26.6235 11.9971 
10.3733 17.9119 34.4868 25.0551 12.1729 
10.0808 18.612 33.381 24.9614 12.9648 
11.3523 16.8555 33.2746 26.4659 12.0517 
10.6278 17.4857 32.3378 25.9141 13.6345 
10.9766 19.2248 33.3978 23.3185 13.0823 
11.6511 20.7752 33.2105 22.7058 11.6574 
11.1777 22.3594 31.1123 22.9022 12.4484 
11.7923 20.8571 30.9408 24.8506 11.5592 
11.0894 20.815 32.2578 24.9857 10.8521 
10.449 20.2161 32.3969 26.4881 10.45 
10.1737 20.768 32.6959 25.5537 10.8087 
10.3858 20.5742 32.2447 24.8692 11.9261 
10.8958 21.1624 32.7006 23.3099 11.9312 
10.9048 21.8756 31.4518 23.2032 12.5646 
10.9003 21.4705 32.3119 22.3764 12.9409 
10.424 22.7771 30.6847 22.3139 13.8003 
11.613 21.1712 32.7337 20.9395 13.5427 
12.0892 20.4023 32.7281 22.6425 12.1378 
13.9991 21.6911 29.7479 22.5586 12.0033 
14.407 19.1789 31.6729 22.655 12.0863 
14.1479 16.9127 33.5132 22.4386 12.9876 
14.1626 17.4437 35.6174 21.2193 11.5571 
13.5156 15.8264 35.5031 23.8804 11.2745 
13.5146 17.2375 33.0218 22.751 13.4751 
14.5293 18.7224 31.7959 22.904 12.0484 
14.1122 18.9219 30.7558 24.3719 11.8382 
14.2713 19.3344 31.8336 22.186 12.3748 
14.3346 18.0442 34.1105 22.3495 11.1612 
13.5385 19.2714 34.6453 21.0086 11.5363 
14.2551 18.534 32.5769 23.6399 10.9941 
14.2298 17.9318 34.0441 23.3256 10.4687 
14.183 18.6517 31.6817 23.0502 12.4333 
14.5982 19.3795 31.2564 22.249 12.5169 
15.2881 18.7807 29.5401 21.7306 14.6607 
16.7469 17.7017 30.6012 22.7386 12.2116 
14.2639 18.9878 32.1499 21.6433 12.9551 
14.2748 19.1578 32.1814 22.8665 11.5196 
14.3353 18.7049 33.4429 22.7443 10.7726 
15.3256 17.6419 31.9846 24.2669 10.7811 
14.9355 17.9119 33.3949 23.4321 10.3256 
14.457 17.0204 35.2458 23.1408 10.1359 
14.7554 16.8436 35.2304 23.1295 10.0411 
14.1134 18.914 33.9365 22.7047 10.3314 
15.113 17.0018 35.2547 22.4777 10.1529 
16.1544 17.4956 34.8231 21.5563 9.97064 
16.387 15.9309 35.0172 22.75 9.9149 
17.3827 15.9384 33.3194 23.402 9.95745 
15.1849 17.8393 33.9324 22.3504 10.693 
15.7821 18.1151 32.9145 22.9568 10.2316 
16.3681 17.6782 33.4113 21.9669 10.5756 
17.3352 18.2556 32.886 20.6651 10.8581 
16.6508 19.4919 32.5494 20.9768 10.331 
17.0578 16.5065 32.7536 23.587 10.0951 
16.3637 16.088 33.1859 23.7593 10.6031 
15.8046 17.2171 34.5516 21.9572 10.4695 
15.5339 16.7665 34.6442 22.8207 10.2348 
15.4172 16.4433 34.6718 23.4322 10.0354 
14.3178 18.7102 32.9968 23.2104 10.7648 
15.0386 18.2376 32.401 23.6396 10.6833 
15.8526 17.7346 32.5847 23.5429 10.2851 
16.5877 18.4474 30.4656 24.3699 10.1294 
16.1396 16.6705 33.5838 23.2222 10.3839 
16.9619 15.3323 35.0135 22.544 10.1482 
15.988 16.5897 33.6541 22.6035 11.1648 
15.0277 16.5517 33.035 23.5341 11.8515 
15.9884 15.7617 33.7491 23.6315 10.8692 
17.2483 16.7206 32.0679 23.5561 10.407 
17.2157 15.5434 35.0481 22.0597 10.1331 
14.553 16.1559 33.2252 25.3591 10.7068 
13.8776 15.5217 33.8879 26.4436 10.2691 
15.3936 14.758 33.9993 25.7582 10.0908 
15.277 16.1253 34.7839 23.3748 10.439 
16.0456 16.7647 34.6486 22.4543 10.0868 
17.8494 14.8853 35.6769 21.6318 9.95667 
14.7986 17.0415 33.168 24.856 10.1359 
16.9801 14.9579 32.3025 25.7514 10.0081 
18.3141 14.8103 32.8668 24.0194 9.98938 
16.3208 17.7853 31.9305 23.7056 10.2578 
17.2386 16.7139 32.5854 23.445 10.0172 
19.0554 16.4566 31.5575 22.9374 9.99302 
18.8333 16.5616 33.001 21.6076 9.99651 
18.7481 16.7766 34.4671 20.1353 9.87291 
19.0515 15.7197 32.3362 22.9709 9.92179 
17.7913 14.6349 34.8673 22.5965 10.1099 
18.6554 14.0742 33.8 22.7097 10.7607 
18.2614 14.9622 32.8942 23.6027 10.2795 
18.0304 15.5717 32.3047 23.9373 10.1559 
18.9576 14.8464 32.4348 23.7842 9.97709 
18.9817 14.2945 32.4455 24.319 9.95931 
19.9454 13.9654 31.6773 24.4322 9.97965 
20.8551 13.1592 32.0151 23.9808 9.98983 
21.7568 11.5645 33.5302 23.1687 9.97981 
19.479 13.2166 34.112 23.2461 9.94617 
19.5902 13.1755 33.4739 23.7126 10.0477 
19.9124 14.9455 32.866 22.2669 10.0092 
17.2838 17.3866 31.8066 23.0587 10.4644 
18.5221 16.1783 31.9212 23.206 10.1723 
18.7123 14.644 32.424 23.7981 10.4215 
18.5515 13.3565 33.166 24.8301 10.0958 
18.7478 13.3553 32.7321 25.148 10.0169 
19.6078 14.1338 32.4479 23.8313 9.97919 
18.9084 13.7833 33.2389 24.1545 9.91497 
19.1887 13.3813 32.5486 25.0566 9.82474 
18.6708 13.2193 32.5164 25.7448 9.84868 
20.2388 13.1517 32.146 24.5547 9.90876 
20.7022 12.5575 32.1773 24.7006 9.86236 
20.5784 11.3112 35.2445 23.0646 9.80131 
21.4003 11.9056 34.5667 22.2267 9.90065 
21.2573 11.378 35.7584 21.6706 9.93566 
21.0806 12.6099 33.2747 23.1234 9.91133 
22.0905 11.6241 32.8987 23.5678 9.81889 
20.1096 13.853 33.2622 22.895 9.8802 
21.7166 12.4659 32.9576 22.9635 9.89637 
21.2329 12.2848 33.0494 23.5855 9.84732 
21.2748 11.0013 33.2959 24.6454 9.78259 
20.5158 10.9718 34.1251 24.6327 9.75452 
20.6078 11.171 33.8264 24.5613 9.83353 
19.2424 11.5911 35.4886 23.8728 9.80503 
21.3076 10.6772 35.6437 22.5873 9.78417 
20.9355 11.9583 34.5824 22.7021 9.82166 
22.45 10.8608 32.5279 24.3688 9.79249 
22.5604 10.7099 33.8105 23.054 9.86519 
22.036 11.0236 33.6204 23.4456 9.87445 
19.5894 11.6546 34.5245 24.2942 9.93723 
19.7046 10.9324 34.0791 25.3603 9.92357 
20.2127 11.6224 31.9044 26.3438 9.91674 
20.7446 10.6744 33.4294 25.33 9.82159 
20.0945 10.2755 33.9987 25.7823 9.84907 
21.5624 10.1377 34.2721 24.1033 9.92453 
19.8303 10.7437 33.7004 25.8553 9.87024 
18.6651 12.7156 33.4127 25.2714 9.93512 
19.5735 12.5325 32.6702 25.2863 9.93744 
20.2229 12.4968 31.4441 25.883 9.95314 
19.256 13.1805 32.2412 25.4784 9.84383 
20.669 11.4799 33.3131 24.7266 9.8115 
25.3177 11.9689 30.6296 22.2959 9.78791 
22.9267 13.5737 31.9815 21.7134 9.80467 
22.0921 13.0743 33.9548 21.0364 9.84245 
24.1255 12.4974 33.037 20.452 9.88811 
24.2984 12.1399 34.4943 19.1384 9.92895 
23.1284 12.3014 33.716 20.9935 9.86062 
22.521 11.8606 33.679 22.0708 9.86858 
24.2898 12.1192 32.9633 20.8074 9.82028 
24.3324 11.0596 33.3566 21.3412 9.91014 
24.079 11.2345 34.7991 20.0666 9.82084 
25.383 10.5252 33.1971 21.0762 9.8184 
22.4513 13.671 32.9649 21.0486 9.86415 
23.3878 12.5412 33.2993 20.8847 9.88703 
24.3026 13.2271 32.5917 20.0076 9.87105 
23.522 13.3114 32.3394 20.9072 9.91995 
22.7259 13.0884 32.9826 21.2723 9.93074 
22.9014 11.775 33.4144 22.0208 9.88844 
22.5294 12.593 33.471 21.506 9.90049 
22.2896 11.8866 34.2821 21.6226 9.91919 
22.0271 11.6786 34.0528 22.2819 9.95959 
23.0997 11.4684 33.086 22.3992 9.94668 
22.1153 10.7937 33.2097 23.9972 9.88406 
21.6827 11.0219 34.8861 22.4674 9.94203 
21.6645 11.3036 33.754 23.4288 9.84906 
22.5877 10.6675 33.6482 23.3131 9.78347 
22.6974 12.2051 32.7598 22.4753 9.86249 
22.5269 11.9938 32.6941 22.8691 9.91614 
22.0571 12.1874 31.7439 24.1329 9.87871 
20.2642 12.9408 32.5917 24.3276 9.87566 
22.2064 11.424 32.0853 24.3929 9.89139 
