5 80000 300 266
14 14 14 14 14 14 14 
16.7964 14.6336 16.0331 15.2697 13.9975 11.3257 10.944 
15.4858 16.3374 18.4547 16.2689 13.8286 9.6577 9.46686 
15.3259 16.1071 20.0093 16.9022 14.0233 8.7388 8.64338 
12.6291 15.9542 21.2913 18.4963 14.9123 8.31974 8.27203 
12.4789 15.1689 21.3763 19.7504 14.8763 8.1553 8.13145 
14.3476 15.9383 20.5161 18.8433 14.3177 8.00886 7.99693 
12.2106 13.7431 23.8944 20.7238 13.5471 7.93563 7.92967 
12.6321 14.2142 22.7864 20.968 13.5334 7.93052 7.92754 
12.3428 14.6964 22.1075 20.0822 15.0257 7.87151 7.87002 
11.2542 16.3316 21.2192 21.2704 14.2504 7.83646 7.83572 
10.1834 17.8781 20.8015 20.3474 15.0389 7.87507 7.87469 
10.0804 16.3086 22.0787 20.0377 15.6827 7.90579 7.9056 
10.4701 17.6566 22.4647 19.1817 14.4024 7.91217 7.91208 
9.45048 19.3669 20.9513 19.7782 14.5783 7.93735 7.9373 
8.6154 18.608 21.1164 21.1019 14.8406 7.85883 7.85881 
9.18009 18.3527 20.071 21.6879 14.9609 7.87373 7.87372 
10.2107 17.6073 19.9886 21.0313 15.3259 7.91813 7.91813 
10.1287 17.9158 20.1579 20.2119 15.7237 7.93103 7.93103 
10.873 18.7529 20.2156 20.2426 14.0122 7.95185 7.95185 
10.0482 18.357 21.2729 21.165 13.4381 7.85942 7.85942 
10.5671 19.5858 20.3649 20.311 13.3933 7.88899 7.88898 
11.0212 19.5118 18.7305 21.3967 13.4882 7.92576 7.92576 
10.4656 18.5397 19.9508 20.7209 14.5144 7.90432 7.90432 
10.9503 17.3416 20.0651 20.1138 15.7774 7.87593 7.87593 
10.1878 17.5214 20.2624 20.8615 15.4749 7.84601 7.84601 
10.0939 17.3321 20.3693 21.9784 14.5232 7.85158 7.85158 
9.61425 17.5603 20.5212 22.2873 14.2327 7.89213 7.89213 
10.0999 15.5369 23.0984 20.9409 14.5488 7.88751 7.88751 
11.0549 15.1214 22.7012 21.745 13.6469 7.86532 7.86532 
10.3998 14.9853 22.6035 22.0094 14.2481 7.87698 7.87698 
10.5397 14.2888 23.9231 22.0484 13.5561 7.82198 7.82198 
12.1873 14.9114 23.612 20.6116 13.0887 7.79449 7.79449 
10.3761 14.2844 25.2319 21.6484 12.7944 7.83243 7.83243 
10.1638 13.3315 27.0577 21.3824 12.4651 7.79971 7.79971 
10.9499 14.3675 24.8981 22.1827 11.9783 7.81184 7.81184 
10.353 14.9886 23.5466 22.7986 12.6965 7.80836 7.80836 
10.0309 15.6254 23.7879 22.6857 12.2948 7.78767 7.78767 
10.982 16.1659 23.2304 21.9634 11.9947 7.83178 7.83178 
10.7996 17.2188 21.8621 22.0928 12.2936 7.86651 7.86651 
9.85992 18.1164 22.316 20.2013 13.6586 7.92387 7.92387 
9.79614 17.0874 21.742 22.0228 13.6419 7.85488 7.85488 
9.80461 16.6045 23.6046 21.2918 12.8957 7.8994 7.8994 
9.68699 15.7185 24.0033 22.488 12.3091 7.89707 7.89707 
8.86241 17.1973 23.7038 22.9461 11.5919 7.84924 7.84924 
10.1689 16.4441 23.5615 22.363 11.6508 7.90589 7.90589 
10.667 15.625 24.4021 21.8611 11.772 7.83644 7.83644 
11.4911 14.709 24.8858 21.5217 11.6742 7.85911 7.85911 
12.4886 13.7158 25.42 22.5929 10.0356 7.87357 7.87357 
12.2109 14.0178 25.2398 22.5136 10.2684 7.87473 7.87473 
12.6325 13.7823 25.3046 22.8332 9.69084 7.87825 7.87825 
14.1402 13.4926 24.1438 22.6635 9.85764 7.85111 7.85111 
14.7157 12.6929 25.1787 22.2541 9.54047 7.80905 7.80905 
12.2388 12.4179 26.756 24.2223 8.69881 7.8331 7.8331 
12.5392 11.1472 26.5879 24.3334 9.65805 7.86717 7.86717 
11.7347 10.2248 27.7125 24.6085 9.9453 7.88707 7.88707 
12.508 11.3624 27.6584 23.5022 9.26953 7.84979 7.84979 
13.0722 11.9646 26.9308 23.5158 8.91284 7.8019 7.8019 
14.7861 12.2323 25.7154 23.0079 8.45642 7.90095 7.90095 
15.3506 12.0843 26.7834 21.7162 8.20699 7.92925 7.92925 
14.4285 11.3668 26.2489 22.6763 9.55804 7.86073 7.86073 
13.5822 11.4617 26.8037 21.1259 11.3828 7.82187 7.82187 
14.0855 11.8317 25.6034 20.6425 12.0574 7.88972 7.88972 
16.0271 11.3846 24.7809 20.6077 11.4975 7.85111 7.85111 
15.0649 10.9487 25.3392 21.5859 11.2616 7.89991 7.89991 
13.6048 10.2547 24.9435 23.4545 12.0907 7.82593 7.82593 
13.5306 10.5363 27.2475 22.5452 10.3989 7.87075 7.87075 
14.3371 10.8817 25.5036 23.4136 10.1603 7.85182 7.85182 
12.8414 11.1137 25.5486 23.5801 11.1488 7.88369 7.88369 
12.332 12.2071 25.4591 23.1201 11.1162 7.88273 7.88273 
12.4674 12.2679 26.2912 23.2039 9.94169 7.91397 7.91397 
14.1425 11.0938 26.2823 23.5322 9.26039 7.84438 7.84438 
14.3761 10.9625 27.3729 22.9752 8.66042 7.82647 7.82647 
14.6099 11.601 26.1864 22.9459 9.01771 7.81949 7.81949 
16.1132 11.8886 25.658 21.4471 9.3016 7.79575 7.79575 
15.1095 11.6118 25.5494 22.4364 9.68858 7.80216 7.80216 
13.9406 11.92 25.8182 21.9519 10.6867 7.8413 7.8413 
14.0164 11.3801 26.1882 22.9001 9.81489 7.85019 7.85019 
13.8447 12.1244 27.4373 21.6377 9.33104 7.81249 7.81249 
12.5388 12.5005 26.1844 23.4216 9.59702 7.87885 7.87885 
12.4232 12.0195 28.2204 22.7364 8.77287 7.91378 7.91378 
12.7714 12.4237 26.7924 23.4673 8.75961 7.89275 7.89275 
12.9683 12.0942 27.1217 23.7785 8.30138 7.86794 7.86794 
13.3523 12.2284 26.7477 23.7024 8.1342 7.91749 7.91749 
13.5333 11.5428 27.5167 23.1369 8.35282 7.95874 7.95874 
13.2481 10.7978 27.2504 23.341 9.46741 7.94763 7.94763 
12.929 10.2376 27.9947 23.4007 9.57242 7.93276 7.93276 
13.1585 10.7199 27.1121 23.7222 9.43102 7.92813 7.92813 
13.9032 10.4304 26.9363 23.2695 9.64509 7.90773 7.90773 
13.3619 9.34624 27.9981 24.3128 9.09605 7.94247 7.94247 
13.2712 9.68745 29.042 23.3312 8.98928 7.83943 7.83943 
14.0983 9.19696 29.1976 23.2328 8.47474 7.89981 7.89981 
15.8637 9.00577 26.3009 23.9264 9.10059 7.90127 7.90127 
15.1573 9.27167 27.4568 23.9574 8.45203 7.85237 7.85237 
14.3392 10.2696 27.2495 23.9505 8.45137 7.86985 7.86985 
13.7599 9.14628 28.9543 23.2933 9.24001 7.80312 7.80312 
13.3588 9.92525 29.5476 22.9143 8.56367 7.84522 7.84522 
14.6339 9.50808 28.5522 23.1049 8.40115 7.89988 7.89988 
13.7513 9.71383 27.1447 23.3487 10.3668 7.83734 7.83734 
15.9942 9.56816 28.618 20.033 10.0466 7.87004 7.87004 
17.4089 9.19584 27.5443 20.7518 9.28802 7.90561 7.90561 
17.9077 9.26825 29.7062 18.6177 8.62752 7.93632 7.93632 
18.4705 9.92113 28.1462 19.4297 8.24125 7.89565 7.89565 
18.5625 9.24191 28.2933 19.0421 9.01359 7.92336 7.92336 
19.5843 9.0149 27.9345 18.915 8.74922 7.90107 7.90107 
18.574 10.5981 26.4318 19.5141 9.04883 7.91654 7.91654 
19.6616 9.76591 28.3456 18.1144 8.41491 7.84876 7.84876 
20.0836 8.95599 28.6391 18.4673 8.14004 7.85696 7.85696 
20.8261 9.09984 28.7453 17.637 7.99159 7.85005 7.85005 
21.3412 9.49004 27.5463 17.6508 8.33711 7.81724 7.81724 
21.0936 8.67251 27.0662 18.6442 8.85133 7.83611 7.83611 
20.2059 8.73967 28.4479 18.2709 8.54499 7.89533 7.89533 
20.1329 8.56145 27.8467 18.5666 9.21261 7.83988 7.83988 
20.1568 8.19639 28.08 19.3737 8.52197 7.8356 7.8356 
20.5329 8.34062 27.2218 19.9899 8.20038 7.8572 7.8572 
18.9874 8.53077 28.1458 20.3147 8.31531 7.85302 7.85302 
18.099 8.56806 28.9097 20.3947 8.46032 7.78407 7.78407 
18.8418 8.1416 28.9949 20.2864 8.2361 7.7496 7.7496 
17.3724 9.32686 27.4355 22.2726 8.0264 7.78316 7.78316 
18.1018 8.72187 27.8411 21.8506 7.90931 7.78768 7.78768 
18.2149 9.02332 27.7469 21.697 7.81317 7.75236 7.75236 
18.4633 9.57301 28.7508 19.4375 8.04769 7.86391 7.86391 
18.4184 9.00337 28.8332 20.1103 7.93951 7.84762 7.84762 
21.1966 8.60263 28.6122 17.9416 7.91297 7.86703 7.86703 
22.3443 8.26957 28.1156 17.5422 7.92474 7.90177 7.90177 
20.0903 8.22835 27.3619 20.1746 8.34833 7.89825 7.89825 
20.1123 8.30881 29.4528 18.3088 8.20101 7.80819 7.80819 
20.6671 8.1737 29.3566 18.3184 7.95903 7.76261 7.76261 
19.4885 8.17136 30.3121 18.455 7.92318 7.82497 7.82497 
21.1007 8.34435 28.4053 18.5335 7.90481 7.8557 7.8557 
21.0265 8.45789 28.3296 18.1556 8.23812 7.89611 7.89611 
21.657 8.18789 29.7073 16.2626 8.37126 7.907 7.907 
20.8877 8.08803 29.2028 17.7467 8.17971 7.94758 7.94758 
21.2719 8.34338 27.9772 18.2682 8.22998 7.95468 7.95468 
22.3242 8.23013 27.7873 17.738 8.17343 7.87345 7.87345 
19.174 9.01121 28.2853 19.2548 8.68612 7.79429 7.79429 
22.0074 8.9642 27.5185 17.4299 8.32395 7.87804 7.87804 
22.9845 8.47571 28.296 15.7437 8.63482 7.93263 7.93263 
21.8526 8.44206 29.7636 15.98 8.22131 7.87022 7.87022 
20.5473 8.15689 29.0217 18.4856 8.04652 7.87097 7.87097 
21.2676 7.99411 26.8603 20.2368 7.93892 7.85115 7.85115 
20.2553 8.098 27.1525 20.213 8.54359 7.86879 7.86879 
19.6731 7.98839 27.9702 20.4095 8.21119 7.87379 7.87379 
20.2326 7.95459 26.8564 20.9308 8.23101 7.89729 7.89729 
22.6163 7.9773 27.0949 18.2988 8.1155 7.94865 7.94865 
23.9535 8.05842 26.9195 17.2889 7.98217 7.89874 7.89874 
23.5557 8.41517 29.4247 15.1357 7.85073 7.80902 7.80902 
24.8688 8.57122 28.1669 14.6588 7.92537 7.90451 7.90451 
24.1396 8.33185 28.5343 15.4219 7.86442 7.85399 7.85399 
23.7909 8.17186 28.6588 15.8712 7.93814 7.78456 7.78456 
23.1296 8.04163 28.5699 16.3217 8.24122 7.84798 7.84798 
26.3623 7.91489 27.6806 14.3914 8.01469 7.81807 7.81807 
25.199 8.11175 28.0836 15.2075 7.86491 7.7666 7.7666 
27.4688 7.97744 27.6039 13.4861 7.85403 7.80487 7.80487 
28.0201 7.88483 27.763 12.9119 7.82312 7.79854 7.79854 
27.1588 8.26767 28.9334 11.8193 8.06381 7.87851 7.87851 
27.1108 8.09423 30.4733 10.5301 7.9923 7.89965 7.89965 
27.3054 7.95337 29.9241 11.2025 7.9024 7.85608 7.85608 
27.5671 7.95222 29.3352 11.4117 7.92674 7.90357 7.90357 
25.0958 8.72724 30.0522 10.6832 8.48825 8.47667 8.47667 
25.7554 8.29444 29.806 11.4737 8.33218 8.16915 8.16915 
27.7033 8.94373 27.9844 11.2601 8.09051 8.009 8.009 
27.0504 8.66441 29.0543 11.5307 7.92724 7.88649 7.88649 
27.291 8.2879 29.5588 11.1451 7.91932 7.89894 7.89894 
26.7784 8.09965 29.0199 12.3763 7.91535 7.90517 7.90517 
26.7962 8.3085 29.6519 11.5509 7.90089 7.8958 7.8958 
25.653 8.07582 29.6952 12.8016 8.03541 7.86947 7.86947 
25.4581 8.24844 30.6371 12.1903 7.87736 7.79438 7.79438 
25.1129 7.99419 30.9532 12.5967 7.80865 7.76716 7.76716 
26.3496 7.91559 29.2697 13.0382 7.82282 7.80208 7.80208 
25.9797 8.37853 28.3544 13.6837 7.87482 7.86445 7.86445 
24.7545 9.58142 28.5563 12.7242 8.67597 7.85379 7.85379 
26.0136 8.70921 29.0117 12.3182 8.25648 7.84539 7.84539 
27.3617 8.22557 29.8284 10.9978 7.99921 7.79366 7.79366 
28.197 8.05544 29.6096 10.5168 7.94226 7.83948 7.83948 
28.2354 7.89677 30.4298 9.57389 8.2866 7.78879 7.78879 
29.7427 7.89575 29.6886 8.89879 8.09067 7.84176 7.84176 
27.6054 8.06773 32.0728 8.38198 8.16519 7.85347 7.85347 
28.0884 7.96972 31.1967 9.00148 8.01845 7.86259 7.86259 
26.4295 7.9604 29.054 12.7576 7.98476 7.90683 7.90683 
27.7717 7.93589 27.8181 12.7079 7.94808 7.90911 7.90911 
28.8391 7.86203 27.3047 12.4287 7.86812 7.84864 7.84864 
27.2448 8.39198 29.6375 11.233 7.83741 7.82766 7.82766 
27.5759 8.55646 29.499 10.849 7.84312 7.83825 7.83825 
27.4672 8.20905 28.9004 11.8711 7.85238 7.84994 7.84994 
26.2692 8.09313 29.5499 12.3458 7.91479 7.91358 7.91358 
26.3512 8.02746 29.7431 11.9054 8.09752 7.93768 7.93768 
26.5825 7.95695 29.6981 11.9464 7.99198 7.91206 7.91206 
25.8652 8.56427 29.9378 11.7424 7.99007 7.95011 7.95011 
27.1944 8.1412 30.4051 10.737 7.8541 7.83412 7.83412 
26.8218 9.50538 28.4272 11.5279 7.91256 7.90257 7.90257 
27.1304 9.02098 28.6953 11.4042 7.91969 7.9147 7.9147 
24.071 9.76341 32.0519 10.5659 7.8509 7.8484 7.8484 
24.7339 8.84996 30.6291 12.1084 7.8937 7.89245 7.89245 
24.6369 8.41271 29.2716 13.8763 7.93458 7.93396 7.93396 
24.6963 8.76662 28.9681 13.9414 7.87609 7.87577 7.87577 
24.5806 8.35884 28.2455 15.0747 7.91358 7.91342 7.91342 
25.5453 8.03848 28.8878 13.9132 7.98363 7.81577 7.81577 
23.9848 8.26167 30.656 13.4717 7.93121 7.84728 7.84728 
24.9374 8.9852 28.273 14.341 7.8491 7.80713 7.80713 
25.3258 8.77832 29.8508 12.3491 8.03169 7.83214 7.83214 
26.3128 8.24672 29.3171 12.406 8.17015 7.77364 7.77364 
26.599 8.54959 27.1176 14.0719 8.0195 7.82124 7.82124 
26.7016 8.22669 28.6791 12.706 7.96164 7.86251 7.86251 
28.1235 8.00945 28.6252 11.7102 7.87692 7.82736 7.82736 
28.0916 7.88532 29.3872 11.2282 7.81906 7.79428 7.79428 
26.2715 7.86116 29.2704 13.1376 7.82802 7.81563 7.81563 
27.353 7.92419 28.0537 12.9586 7.90762 7.90143 7.90143 
26.9533 7.9169 28.8574 12.5527 7.90861 7.90552 7.90552 
25.7438 8.30627 28.2486 14.1956 7.83629 7.83475 7.83475 
25.6305 8.29107 28.9519 13.4771 7.88366 7.88289 7.88289 
26.7687 8.506 28.5748 12.5525 7.86625 7.86586 7.86586 
24.6492 8.60083 30.4929 12.4027 8.08332 7.8855 7.8855 
24.2294 8.4274 30.1671 13.3442 8.00992 7.911 7.911 
23.137 8.20731 28.6618 16.097 7.99857 7.94911 7.94911 
21.4823 7.98296 28.9861 17.9623 7.87859 7.85387 7.85387 
21.5348 8.11847 28.62 18.0288 7.90755 7.89519 7.89519 
22.8792 8.25178 27.6641 17.71 7.83576 7.82958 7.82958 
21.5273 8.07326 28.0133 18.7965 7.86525 7.86216 7.86216 
21.29 8.24716 30.8488 16.2404 7.79227 7.79073 7.79073 
20.5798 8.19524 29.5938 18.055 7.9678 7.80416 7.80416 
21.3837 8.00387 30.5781 16.5275 7.89015 7.80833 7.80833 
22.4859 8.15476 27.4153 18.2305 7.93179 7.89088 7.89088 
23.058 8.18697 27.92 17.1632 7.90425 7.88379 7.88379 
22.0272 8.18601 28.9066 17.3005 7.86672 7.85649 7.85649 
22.5278 8.03622 28.3334 17.483 7.87658 7.87146 7.87146 
22.9144 7.90161 29.3771 16.3467 7.82178 7.81923 7.81923 
25.1696 7.96418 29.7387 13.859 7.75705 7.75577 7.75577 
26.1232 7.98209 28.8694 13.391 7.87852 7.87788 7.87788 
26.2969 7.91261 29.1406 13.0681 7.86083 7.86051 7.86051 
27.3229 7.85039 27.4986 13.8549 7.8245 7.82434 7.82434 
25.9064 7.83676 29.2255 13.5601 7.82381 7.82373 7.82373 
25.9339 7.76453 29.3563 13.6711 7.75806 7.75802 7.75802 
28.0613 7.81308 28.3574 12.3387 7.80985 7.80983 7.80983 
27.667 7.7527 29.7381 11.5889 7.75108 7.75107 7.75107 
26.0898 7.77607 30.0501 12.7582 7.77526 7.77526 7.77526 
27.4967 8.04086 28.9786 11.6947 8.04045 7.87434 7.87434 
27.8788 8.36826 29.7067 10.1952 8.00573 7.92268 7.92268 
26.2148 8.07634 30.4222 11.6844 7.89508 7.85355 7.85355 
25.8767 8.19202 29.5188 12.6114 7.94754 7.92678 7.92678 
25.5581 8.7286 29.2961 12.5358 7.96738 7.957 7.957 
26.3484 8.3466 28.0699 13.3475 7.96599 7.9608 7.9608 
27.247 8.14681 28.6045 12.1373 7.95651 7.95391 7.95391 
26.0846 7.96749 29.2555 13.078 7.87233 7.87104 7.87104 
26.2915 7.92696 28.3502 13.7945 7.87938 7.87874 7.87874 
25.865 7.91085 29.6722 12.7452 8.03326 7.88674 7.88674 
26.2659 8.04633 28.624 13.3423 7.95602 7.88276 7.88276 
27.4411 8.42568 27.9912 12.4888 7.90883 7.8722 7.8722 
26.0968 8.17324 29.5072 12.515 7.91481 7.8965 7.8965 
26.7637 8.4269 28.1216 12.8547 7.95046 7.9413 7.9413 
27.8923 8.58408 28.2217 11.6721 7.99621 7.81681 7.81681 
24.9525 8.22286 30.9347 11.8109 8.40062 7.83922 7.83922 
25.4732 8.69858 28.923 12.9391 8.17585 7.89515 7.89515 
25.3492 8.2532 28.5756 14.1272 7.99183 7.85148 7.85148 
25.6971 7.98512 28.5965 14.1376 8.01521 7.78426 7.78426 
23.3031 7.93195 28.3892 16.0082 8.70457 7.83152 7.83152 
25.5317 7.90919 27.6015 14.9441 8.2955 7.85898 7.85898 
24.3043 7.80075 28.3841 15.9657 7.99391 7.77564 7.77564 
25.5668 7.86379 28.064 14.8426 7.96037 7.85124 7.85124 
25.5594 7.87511 27.5967 15.3077 7.9234 7.86884 7.86884 
24.9821 8.10422 27.9352 15.5408 7.83075 7.80347 7.80347 
25.1399 8.21878 27.6581 15.6573 7.78442 7.77078 7.77078 
24.6667 7.98036 28.829 15.248 7.76318 7.75636 7.75636 
26.3085 7.87217 28.2344 14.301 7.76358 7.76017 7.76017 
27.2647 7.92381 27.9209 13.2855 7.86952 7.86781 7.86781 
26.8976 7.89777 28.8292 12.7652 7.87062 7.86977 7.86977 
26.5371 7.91947 28.5323 13.2944 7.9059 7.90547 7.90547 
14 14 14 14 14 14 14 
16.1026 13.9231 18.0256 15.8462 13.1538 10.9744 10.9744 
16.4659 17.2054 17.9153 16.3377 12.7964 9.38962 9.38962 
15.4423 19.0678 19.539 15.727 12.6773 8.6483 8.6483 
13.8412 19.5801 20.855 16.8704 12.2278 8.25025 8.25025 
11.7452 18.6716 22.2696 18.9615 12.1446 8.07249 8.07249 
11.8108 18.7182 21.3486 20.0508 12.1293 7.95549 7.95549 
11.2498 20.1667 20.2942 20.2392 12.2404 7.89698 7.89698 
11.9985 20.6328 19.1581 18.9108 13.4828 7.90454 7.90454 
9.9904 20.8486 19.0026 19.7658 14.502 7.9434 7.9434 
10.2761 21.0984 18.0406 19.9953 14.7791 7.90428 7.90428 
11.4028 18.587 19.1858 18.5083 16.6094 7.85285 7.85285 
11.1702 18.2221 21.4233 17.4015 16.1172 7.83268 7.83268 
10.8073 18.4444 20.2672 18.8118 15.8364 7.91634 7.91634 
10.0947 19.6341 20.6599 18.6737 15.2408 7.84833 7.84833 
10.2696 19.817 20.1077 19.0035 14.9538 7.92416 7.92416 
10.677 18.9447 19.5719 18.056 16.8745 7.93799 7.93799 
11.0462 18.4906 19.8316 19.6444 15.0582 7.96443 7.96443 
11.2208 19.2453 20.0321 18.078 15.5524 7.9357 7.9357 
10.2908 18.0701 20.4042 19.6555 15.6529 7.96328 7.96328 
10.6748 17.1527 21.9668 18.7689 15.4735 7.98164 7.98164 
9.85046 15.821 24.5226 19.1232 14.8626 7.91006 7.91006 
10.5942 15.5069 23.4858 20.2192 14.3474 7.92328 7.92328 
11.6055 14.7628 22.3737 19.9227 15.4681 7.9336 7.9336 
11.6247 15.0298 22.3741 18.9796 16.0674 7.96224 7.96224 
12.2313 13.8212 23.3492 19.2871 15.4661 7.92256 7.92256 
11.5935 15.0691 22.5138 21.4151 13.5606 7.92398 7.92398 
10.8692 15.7471 22.0057 20.8525 14.6305 7.9475 7.9475 
11.041 16.798 20.8427 20.9526 14.6379 7.86391 7.86391 
10.7137 17.6985 20.687 21.2251 13.8407 7.91746 7.91746 
10.6321 16.8768 20.5499 21.6217 14.6038 7.85781 7.85781 
9.6284 15.6645 21.3472 22.4659 15.1108 7.89161 7.89161 
9.92109 14.9581 21.0062 22.7531 15.6314 7.86505 7.86505 
10.568 16.0071 20.9003 21.5401 15.1755 7.90449 7.90449 
9.34434 15.7762 20.891 22.139 16.0564 7.89656 7.89656 
9.73099 16.1234 20.9161 21.7754 15.5576 7.94828 7.94828 
10.9335 16.1928 19.4386 21.2032 16.5167 7.85763 7.85763 
10.5711 18.0732 19.5801 19.8824 16.147 7.87313 7.87313 
9.92358 17.5208 21.2154 21.3665 14.1821 7.89584 7.89584 
9.31502 19.7056 21.9261 19.7629 13.4343 7.92802 7.92802 
10.0313 18.3809 22.6453 18.1758 14.8947 7.93597 7.93597 
11.7154 17.0068 22.4889 17.7728 15.1397 7.93821 7.93821 
11.7679 15.241 23.5376 18.9337 14.7802 7.86981 7.86981 
12.2369 16.0911 21.6512 19.8198 14.3313 7.93491 7.93491 
12.6043 17.9512 20.1416 19.5797 14.0053 7.85896 7.85896 
14.1185 16.792 19.0038 19.0951 15.1912 7.8997 7.8997 
12.8382 17.19 20.9341 17.9646 15.3846 7.84432 7.84432 
11.9329 17.4922 20.3668 19.3833 15.2111 7.80687 7.80687 
10.5004 18.4438 21.7703 18.5078 15.1622 7.80772 7.80772 
9.25507 18.5666 23.7492 18.9626 13.8918 7.78735 7.78735 
8.81473 18.5197 22.2194 21.7966 12.9804 7.83456 7.83456 
8.71575 18.4435 23.468 21.3291 12.2725 7.88554 7.88554 
8.3019 17.8732 22.421 23.5144 12.1159 7.88679 7.88679 
9.24804 17.9172 21.8901 22.4368 12.8541 7.82689 7.82689 
8.60953 19.2243 20.8484 23.2957 12.2241 7.89895 7.89895 
8.51268 17.7805 21.6866 23.9003 12.3002 7.90987 7.90987 
9.3056 16.2794 23.8975 22.5413 12.1846 7.89582 7.89582 
9.76229 15.074 23.6276 23.1928 12.6616 7.84086 7.84086 
10.7124 14.1127 24.0967 24.2515 11.0455 7.89065 7.89065 
10.4431 14.8727 24.0831 23.6642 11.1059 7.91555 7.91555 
11.6351 13.3264 24.8688 23.4813 10.9194 7.88448 7.88448 
11.3731 12.5975 26.197 23.4831 10.6365 7.85638 7.85638 
12.2757 11.9835 27.698 22.2067 10.2278 7.80416 7.80416 
13.6703 12.8749 25.4074 22.402 10.049 7.79818 7.79818 
13.5391 13.1414 24.9942 23.0725 9.63342 7.80971 7.80971 
12.7644 13.4584 26.1451 21.6128 10.3014 7.85893 7.85893 
12.419 14.9969 25.146 21.83 9.87511 7.86648 7.86648 
12.9803 15.1808 24.422 21.0713 10.6667 7.83949 7.83949 
12.2193 15.5331 24.0599 21.6033 10.9323 7.82599 7.82599 
10.7579 15.1786 24.0903 23.1132 11.2451 7.80747 7.80747 
11.6908 15.1388 23.6788 22.4477 11.3156 7.86413 7.86413 
11.5483 15.3943 24.5715 21.5687 11.0955 7.91085 7.91085 
12.5309 14.3188 25.2587 21.3249 10.818 7.87434 7.87434 
14.7332 12.5357 26.0702 20.3399 10.6509 7.83502 7.83502 
15.2477 11.1774 26.4718 20.635 10.881 7.79348 7.79348 
15.9159 10.5392 25.8597 20.8373 11.1336 7.85714 7.85714 
14.8913 12.6029 23.4632 21.4853 11.7001 7.92857 7.92857 
13.1304 11.9862 25.6851 21.4662 12.0516 7.84025 7.84025 
14.6081 12.1593 26.6495 19.8484 11.1196 7.80753 7.80753 
14.3721 11.4462 26.2829 21.8352 10.4028 7.83046 7.83046 
15.7613 11.0001 26.334 21.3398 9.81879 7.87302 7.87302 
15.0235 10.5421 25.9121 23.1349 9.6713 7.85808 7.85808 
14.3988 10.9184 26.1792 23.4132 9.24336 7.92353 7.92353 
13.8005 10.7963 28.3986 21.8189 9.39696 7.89435 7.89435 
13.2891 9.98148 28.9215 22.1595 9.97626 7.83606 7.83606 
13.1905 12.0938 27.4134 22.0825 9.58423 7.81775 7.81775 
13.6991 11.9212 26.8215 22.9265 8.89048 7.87063 7.87063 
13.8918 12.7212 27.3544 21.1816 9.09313 7.87897 7.87897 
14.7807 12.6284 25.0732 22.5566 9.10497 7.92809 7.92809 
14.6553 11.8698 25.4996 23.1017 8.96844 7.95265 7.95265 
15.5522 11.5485 26.0657 21.9947 9.05341 7.89277 7.89277 
15.2322 10.4526 28.6761 20.5003 9.35127 7.89376 7.89376 
16.3178 10.0605 29.1171 19.9186 8.9574 7.81428 7.81428 
16.3195 10.6002 28.03 20.7106 8.75331 7.79315 7.79315 
16.6066 10.0685 29.2739 20.0283 8.32761 7.84753 7.84753 
17.5101 9.56683 28.2347 20.779 8.12981 7.88977 7.88977 
18.6688 11.5363 27.6231 18.5792 7.94422 7.8242 7.8242 
17.1641 12.3616 26.7236 19.7291 8.23035 7.89561 7.89561 
17.7926 12.1749 25.7887 20.3909 8.06254 7.89518 7.89518 
18.1495 11.6069 27.3424 18.7993 8.41439 7.84369 7.84369 
18.0666 11.1168 27.1589 19.0727 8.83935 7.8728 7.8728 
19.9755 11.1815 27.8652 16.3753 8.82697 7.88777 7.88777 
19.54 10.3669 28.5595 17.5906 8.29408 7.82448 7.82448 
19.0186 10.9638 27.8635 17.1768 9.34935 7.81397 7.81397 
18.108 10.0997 28.5815 18.7795 8.65557 7.88788 7.88788 
18.2283 10.7074 26.9819 19.1757 9.06785 7.91947 7.91947 
18.3282 10.0962 26.6346 20.2924 8.86997 7.88928 7.88928 
19.1641 10.6542 27.1052 18.6311 8.67741 7.88403 7.88403 
17.8652 9.39335 28.4622 20.1589 8.40497 7.85768 7.85768 
18.063 9.33436 28.434 19.6447 8.84017 7.84188 7.84188 
18.3979 9.48812 28.5421 19.051 8.69006 7.91543 7.91543 
19.2936 9.63365 27.678 19.1469 8.44597 7.90093 7.90093 
18.4614 9.83202 28.5806 19.1479 8.17435 7.90183 7.90183 
19.5755 9.37003 27.7961 19.6314 7.96649 7.83023 7.83023 
20.0012 9.41063 27.4651 19.4194 7.94666 7.87853 7.87853 
20.2047 9.80735 27.1436 19.1849 7.90919 7.87512 7.87512 
19.1683 9.98609 26.6213 19.8947 8.48756 7.92108 7.92108 
17.3651 10.1804 28.1521 20.322 8.27836 7.85103 7.85103 
16.1749 10.1361 28.6021 21.1702 8.11472 7.90105 7.90105 
16.3153 9.81486 27.1175 22.9269 8.01305 7.90622 7.90622 
14.185 10.2499 28.6272 23.1073 7.97913 7.92571 7.92571 
15.6219 9.83083 27.2548 23.1713 8.25427 7.93344 7.93344 
17.3789 9.54505 27.362 21.4622 8.60244 7.82475 7.82475 
16.8584 9.13872 28.188 21.717 8.38573 7.85604 7.85604 
15.6547 9.62716 28.5449 22.4192 8.0946 7.82975 7.82975 
17.1521 9.31519 28.9027 21.1774 7.90582 7.7734 7.7734 
17.7065 8.57064 27.06 23.1974 7.86595 7.79974 7.79974 
18.6455 8.14289 28.8119 21.0943 7.79054 7.75744 7.75744 
19.1993 8.08379 28.4492 21.041 7.7533 7.73674 7.73674 
19.3084 8.0872 27.4932 21.8473 7.76014 7.75187 7.75187 
19.4782 8.73568 27.9695 20.3078 7.83902 7.83488 7.83488 
21.6367 8.2835 27.3883 19.1901 7.83517 7.8331 7.8331 
20.7255 8.01172 28.2453 18.883 8.56155 7.78652 7.78652 
22.1443 7.88517 27.9157 18.3495 8.16008 7.77257 7.77257 
21.1625 7.85825 27.3615 20.0181 7.9957 7.80195 7.80195 
21.7992 7.93553 27.4628 19.1437 8.16452 7.74713 7.74713 
23.2806 8.57094 26.5885 17.8258 8.05051 7.84182 7.84182 
21.9963 8.81622 27.8574 17.6508 8.07056 7.8044 7.8044 
20.6135 9.2158 28.6723 17.7997 8.20195 7.74836 7.74836 
21.7717 8.58879 28.0304 17.6578 8.2411 7.85507 7.85507 
22.3384 8.48434 28.9593 16.5105 8.03117 7.83815 7.83815 
23.8993 8.2299 27.9766 16.0773 8.00331 7.9068 7.9068 
23.776 8.30657 28.0602 16.2722 7.89387 7.84562 7.84562 
24.8938 8.05502 27.7584 15.506 8.13769 7.82454 7.82454 
22.9554 8.43429 29.9809 14.7022 8.30613 7.81058 7.81058 
23.0876 8.08711 28.7675 16.4842 8.02303 7.77526 7.77526 
24.4669 8.04356 27.6145 16.0883 8.01152 7.88763 7.88763 
24.2647 7.92803 28.651 15.5441 7.91201 7.85006 7.85006 
24.927 7.83607 28.8036 14.6744 8.16476 7.79709 7.79709 
25.6648 7.87843 28.9233 13.7729 8.04278 7.85894 7.85894 
25.3324 7.86363 28.9965 14.1539 7.94581 7.85389 7.85389 
26.9086 7.87121 28.5892 12.986 7.9123 7.86634 7.86634 
27.5483 7.79467 28.3885 12.8689 7.81521 7.79223 7.79223 
27.7572 7.85214 28.8835 11.9429 7.86241 7.85092 7.85092 
27.4237 7.93945 29.1575 12.1587 7.77736 7.77161 7.77161 
28.1381 7.90415 29.3328 10.9974 7.8231 7.98417 7.82023 
26.5691 8.01834 29.5761 11.824 8.27902 7.90775 7.82578 
27.1399 7.92483 28.9447 12.2373 8.05517 7.86954 7.82855 
28.7675 7.91378 28.6061 10.9819 7.97895 7.88614 7.86564 
27.7794 7.85097 28.3217 12.5003 7.88356 7.83715 7.8269 
25.5249 8.64247 27.9973 14.269 7.8726 7.84939 7.84427 
25.6413 8.4879 29.9078 12.2481 7.91357 7.90197 7.89941 
25.4769 8.30645 29.6414 12.9991 7.86304 7.85723 7.85595 
25.6722 8.09644 28.5431 14.0705 7.87474 7.87183 7.87119 
25.9508 7.98265 28.042 14.4123 7.87179 7.87034 7.87002 
26.3305 8.06299 27.5389 14.5351 7.84469 7.84397 7.84381 
25.4753 8.28681 29.119 13.4986 7.87371 7.87335 7.87327 
24.8688 8.4057 28.8218 14.2903 7.87128 7.8711 7.87106 
26.6038 8.27451 28.0917 13.4969 7.84444 7.84435 7.84433 
24.876 8.92121 28.3977 14.4645 7.78024 7.7802 7.78019 
24.9798 8.30676 29.0818 14.0884 8.07072 7.73625 7.73625 
24.9899 8.25786 30.2125 13.0144 7.95327 7.78604 7.78603 
25.3074 8.03518 30.4188 12.7572 7.88289 7.79927 7.79927 
23.7648 7.96496 30.1217 14.2733 8.18121 7.847 7.847 
24.6693 8.24477 29.1592 14.1858 8.02503 7.85793 7.85793 
26.0013 8.45572 28.5796 13.0929 8.01252 7.92896 7.92896 
25.3035 8.48654 28.4854 13.9597 7.94948 7.9077 7.9077 
24.6381 8.18162 30.3386 13.1442 7.91309 7.89221 7.89221 
26.8701 7.96078 29.5656 12.1449 7.82652 7.81607 7.81607 
27.8696 8.29587 29.3661 11.132 7.78231 7.77708 7.77708 
27.9219 8.00645 29.9564 10.8714 7.74967 7.74706 7.74706 
27.7705 7.97148 28.9464 11.7849 7.84309 7.84179 7.84179 
26.9146 7.89454 28.4797 13.2215 7.83034 7.82969 7.82969 
27.3462 9.19418 28.5917 11.549 7.77319 7.77287 7.77287 
27.545 8.56051 27.8629 12.4818 7.85001 7.84985 7.84985 
29.0268 8.17856 28.6772 10.6477 7.82331 7.82323 7.82323 
26.5343 8.44468 30.3665 10.8988 8.26706 7.74437 7.74437 
27.7326 8.15316 30.7493 9.69466 8.06435 7.803 7.803 
26.7946 7.97066 29.3933 12.1682 8.08202 7.79558 7.79558 
26.6177 7.88363 30.6289 11.3383 7.93931 7.7961 7.7961 
27.0052 7.90221 30.0009 11.2797 8.09507 7.85844 7.85844 
27.0246 8.35362 27.8935 13.0298 7.97835 7.86004 7.86004 
26.8456 8.2119 28.6836 12.6553 8.02426 7.78967 7.78967 
26.1794 8.06489 28.7113 13.3657 7.97108 7.85378 7.85378 
26.4966 7.97566 27.9203 13.9384 7.92876 7.87011 7.87011 
26.5817 8.02292 29.2233 12.5832 7.99947 7.7947 7.7947 
26.3211 8.10237 30.5208 11.4431 7.93913 7.83675 7.83675 
26.3104 8.02672 28.716 13.2139 7.9451 7.89391 7.89391 
27.4185 7.93186 28.3079 12.7198 7.89104 7.86545 7.86545 
25.5843 8.65343 29.7789 12.4537 7.85177 7.83897 7.83897 
26.5742 8.33312 29.7933 11.8358 7.9323 7.76564 7.76564 
26.9538 8.4999 29.3967 11.4179 7.96615 7.88282 7.88282 
26.1529 8.4753 30.0152 10.9906 8.7366 7.81465 7.81465 
24.7908 8.23765 29.1505 13.6382 8.3683 7.90732 7.90732 
25.2767 9.03408 28.643 13.2598 8.08245 7.85197 7.85197 
24.7544 8.44195 28.144 14.9917 7.96614 7.8509 7.8509 
24.0539 9.0114 28.7427 14.6815 7.87529 7.81766 7.81766 
24.8603 8.67236 28.2047 14.5074 7.93764 7.90883 7.90883 
25.6654 8.3803 30.095 12.4008 7.82912 7.81471 7.81471 
26.909 8.14909 28.6839 12.652 7.8735 7.8663 7.8663 
25.2925 8.43592 29.6067 13.1796 7.83083 7.82723 7.82723 
24.7205 8.08793 28.89 14.9489 7.78539 7.78358 7.78358 
25.3537 8.32028 27.6029 15.2047 7.84006 7.83916 7.83916 
26.2834 8.58637 28.8834 12.6843 7.85446 7.85401 7.85401 
27.4045 8.13934 29.3456 11.7909 7.77338 7.77316 7.77316 
28.589 7.95316 29.3977 10.7498 7.77019 7.77007 7.77007 
27.8203 7.92795 29.1365 11.4539 7.98844 7.8364 7.8364 
26.229 7.94948 31.0538 10.9806 7.97973 7.90371 7.90371 
25.9478 8.30807 28.5269 13.3236 7.98986 7.95185 7.95185 
26.0654 8.09725 29.0899 12.971 7.93815 7.91915 7.91915 
24.973 8.15311 31.8957 11.3362 7.88698 7.87748 7.87748 
25.4495 7.94861 30.426 12.7388 7.81555 7.8108 7.8108 
26.3153 8.16893 29.3069 12.7452 7.93462 7.76446 7.76446 
26.0838 8.06174 29.0001 13.1908 7.94458 7.8595 7.8595 
25.8672 8.12009 30.1134 12.3575 7.87564 7.8331 7.8331 
27.2884 7.93101 28.6051 12.7916 7.80879 7.78752 7.78752 
25.3056 7.95912 30.4367 12.4661 8.05775 7.88737 7.88737 
25.3487 8.21153 28.8547 13.9133 7.94737 7.86218 7.86218 
27.7537 8.07402 28.7131 11.7186 7.94194 7.89934 7.89934 
28.3384 8.03701 29.1258 10.6285 7.97097 7.94967 7.94967 
27.3091 8.28472 30.6038 10.0924 7.9104 7.89975 7.89975 
26.7536 8.77495 29.8387 10.797 7.94881 7.94349 7.94349 
27.9193 8.30904 29.135 10.9541 7.89597 7.89331 7.89331 
28.5107 8.02449 29.583 10.4306 7.81796 7.81662 7.81662 
27.7502 7.99148 30.1894 10.4056 7.88822 7.88755 7.88755 
27.9102 8.20627 29.8316 10.6414 7.80376 7.80342 7.80342 
28.3446 8.02755 29.0146 11.1347 7.8263 7.82613 7.82613 
27.3506 8.08354 30.5926 10.2185 7.98292 7.78903 7.98283 
25.6108 7.91274 31.9092 11.077 7.86243 7.76548 7.86238 
27.1804 7.86262 29.5483 11.9447 7.83746 7.78899 7.83744 
25.8853 7.86574 30.0201 12.6937 7.85316 7.82892 7.85315 
26.2239 8.15162 28.9163 13.2218 7.83283 7.82071 7.83282 
26.7195 8.03151 28.8569 12.7818 7.87211 7.86605 7.87211 
27.0092 8.3261 28.7963 12.4254 7.81537 7.81234 7.81536 
27.5173 8.14394 28.7293 11.9452 7.88857 7.88706 7.88857 
27.8612 7.91812 29.589 11.2611 7.79044 7.78968 7.79044 
26.0344 7.84955 29.7801 12.9792 7.78571 7.78533 7.78571 
27.3029 7.87614 28.1119 13.1765 7.84422 7.84403 7.84422 
26.8176 7.85657 27.8491 13.955 7.84061 7.84051 7.84061 
26.5261 7.78631 28.7394 13.6133 7.77833 7.77828 7.77833 
26.0462 7.77665 30.5509 12.3083 7.77266 7.77264 7.77266 
27.7196 7.88193 29.1732 11.5854 7.87994 7.87993 7.87994 
25.3858 8.32408 29.3593 13.4226 7.83607 7.83607 7.83607 
24.9378 8.38945 29.5485 13.5626 7.8539 7.85389 7.8539 
25.3088 8.42433 28.8226 13.881 7.85444 7.85444 7.85444 
26.498 8.12096 28.5807 13.2923 7.83602 7.83601 7.83602 
26.5078 8.37358 28.1881 12.7164 8.39085 7.91162 7.91162 
26.4614 8.14905 29.7544 11.4526 8.34637 7.91807 7.91807 
26.3455 8.00895 29.6313 12.1197 8.10761 7.89346 7.89346 
26.9498 8.33884 28.4379 12.5614 8.07857 7.8167 7.8167 
25.2931 8.89669 29.1281 12.6443 8.2211 7.90835 7.90835 
26.2531 8.38277 28.9903 12.5517 8.04498 7.8886 7.8886 
25.9599 8.19139 28.6618 13.2758 8.02249 7.9443 7.9443 
24.5928 7.96666 29.8148 14.0573 7.88221 7.84312 7.84312 
24.4759 8.15 28.8497 15.2017 7.78726 7.76771 7.76771 
24.3875 8.28061 28.132 15.8563 7.78771 7.77794 7.77794 
22.2547 8.25616 29.7672 16.1599 7.85727 7.85238 7.85238 
14 14 14 14 14 14 14 
15.7379 15.2524 17.4369 15.3738 13.432 10.8835 10.8835 
13.4114 17.1781 19.0958 17.0029 14.1453 9.33326 9.33326 
12.3277 15.7661 20.6723 17.8316 15.9243 8.614 8.614 
12.1105 15.286 19.5595 19.5954 16.9427 8.19049 8.19049 
11.4083 17.3241 19.1191 20.5039 15.419 8.08158 8.08158 
9.6724 17.5056 20.4439 20.7961 15.5326 8.00904 8.00904 
8.80446 18.6167 18.8387 21.8493 15.9296 7.97278 7.97278 
8.37048 18.492 19.5101 22.6027 15.1076 7.95464 7.95464 
8.62715 18.1298 20.5751 22.1214 14.6153 7.96365 7.96365 
8.24371 19.2178 22.1871 20.6677 13.8579 7.91196 7.91196 
9.79871 20.3076 20.7005 20.1592 13.2608 7.88611 7.88611 
9.48548 20.892 19.4107 19.923 14.5722 7.85804 7.85804 
8.64029 19.9115 19.5049 20.7633 15.5267 7.82657 7.82657 
8.48681 20.3724 18.7802 20.914 15.7494 7.84847 7.84847 
8.86234 20.0015 18.7435 22.1198 14.5722 7.85033 7.85033 
8.44903 20.157 18.4119 22.4438 14.8754 7.83142 7.83142 
8.1236 20.6289 18.839 22.3458 14.4331 7.81479 7.81479 
8.97047 21.0451 18.2094 22.5884 13.3809 7.90283 7.90283 
10.34 20.9441 19.9947 19.8422 13.0137 7.93268 7.93268 
10.2288 22.0015 19.8797 19.8035 12.1539 7.96634 7.96634 
9.95313 21.4846 19.6173 19.4639 13.6806 7.90022 7.90022 
9.32951 20.0364 20.8675 18.9084 14.958 7.95011 7.95011 
9.54847 20.5996 20.3174 19.1054 14.572 7.92854 7.92854 
9.95857 20.5533 20.0666 17.9628 15.6961 7.88132 7.88132 
9.69627 20.4181 18.6418 19.2408 16.3386 7.83217 7.83217 
10.7707 19.3207 19.9131 18.2765 15.9142 7.90242 7.90242 
10.098 19.4305 20.7612 17.2992 16.6927 7.85925 7.85925 
11.1936 17.7875 18.9348 19.011 17.262 7.90553 7.90553 
11.6727 17.5014 19.0877 19.2523 16.7323 7.87682 7.87682 
10.7789 17.3714 20.0036 19.2813 16.8719 7.84645 7.84645 
10.0698 18.7313 19.8192 18.5448 16.9976 7.91866 7.91866 
10.6555 19.2017 18.4576 20.3965 15.4075 7.9406 7.9406 
9.94861 20.3829 17.5226 20.1509 16.2345 7.88025 7.88025 
9.93799 18.3028 19.0519 20.366 16.4708 7.93528 7.93528 
9.39076 19.4689 17.6892 20.2737 17.3057 7.9359 7.9359 
9.20758 18.6369 19.3324 19.2832 17.7992 7.87039 7.87039 
8.8617 17.226 21.1017 20.2255 16.9288 7.82814 7.82814 
9.34485 17.2125 21.116 20.9236 15.7126 7.84527 7.84527 
9.89087 16.0092 21.4803 21.6268 15.3805 7.80613 7.80613 
10.8714 15.1651 23.4562 21.4307 13.3693 7.85368 7.85368 
10.34 15.5969 24.5271 20.8828 12.9047 7.87421 7.87421 
12.0875 15.9295 23.4286 20.3929 12.5203 7.8206 7.8206 
11.7794 15.3214 22.8116 22.1665 12.1205 7.90032 7.90032 
11.8279 16.3305 21.382 21.7721 12.9486 7.8694 7.8694 
13.0035 16.2498 20.7656 20.9607 13.1907 7.9148 7.9148 
12.7518 15.6004 22.8828 21.1421 11.865 7.87897 7.87897 
13.3707 15.5722 23.6176 20.6747 11.1138 7.82549 7.82549 
11.3082 14.4771 25.6774 21.1646 11.7613 7.80569 7.80569 
12.0013 15.6582 22.9423 22.2403 11.5801 7.78886 7.78886 
12.1281 15.3046 23.7261 21.4143 11.795 7.816 7.816 
13.1719 15.1278 22.5248 20.7562 12.7602 7.82957 7.82957 
12.5138 14.1361 22.3449 22.2338 12.9523 7.90963 7.90963 
11.7432 13.5518 25.3869 21.8401 11.5884 7.94484 7.94484 
12.5862 13.1308 26.0028 21.1119 11.3098 7.92925 7.92925 
11.996 12.5336 25.8661 21.4313 12.2862 7.94341 7.94341 
10.9473 12.7389 24.7351 23.0253 12.7421 7.90571 7.90571 
12.0458 14.488 23.7078 22.4662 11.3968 7.9477 7.9477 
11.6957 15.1596 23.9911 22.0511 11.2393 7.93163 7.93163 
13.2357 14.9676 23.8689 20.7881 11.2925 7.9236 7.9236 
12.8361 13.829 25.64 20.927 10.9762 7.89581 7.89581 
14.0517 14.0392 25.0338 20.8961 10.1955 7.89193 7.89193 
14.4925 13.9529 23.9835 22.448 9.23107 7.94596 7.94596 
13.0205 14.7192 24.3277 22.3789 9.73365 7.90999 7.90999 
13.7993 13.3699 25.2073 22.3148 9.4704 7.91919 7.91919 
14.5919 13.5815 25.3358 21.237 9.37711 7.93837 7.93837 
12.9989 13.8199 25.6652 21.0959 10.5241 7.94797 7.94797 
12.8113 13.9644 24.9613 20.449 11.9452 7.93438 7.93438 
12.2432 13.7081 26.0593 20.2499 11.9371 7.9012 7.9012 
13.6541 12.3086 26.1466 21.034 11.1633 7.8467 7.8467 
13.3321 12.5318 26.211 21.4864 10.6837 7.87743 7.87743 
13.3067 11.4743 26.1263 22.7224 10.6804 7.84497 7.84497 
12.364 10.6864 27.6571 23.7977 9.78182 7.85649 7.85649 
12.0644 11.6266 25.5932 25.2678 9.83744 7.80525 7.80525 
11.9516 11.4808 24.8873 25.7322 10.3343 7.80691 7.80691 
11.8824 12.1964 25.6305 24.6793 9.8375 7.88697 7.88697 
12.3514 10.9415 26.348 23.5932 10.9017 7.93209 7.93209 
12.5394 10.7954 27.4597 23.7446 9.73654 7.86215 7.86215 
13.019 11.1828 26.8153 24.269 8.86276 7.92556 7.92556 
14.5696 10.3728 27.7519 22.6536 8.80297 7.92453 7.92453 
14.177 10.199 29.2895 22.2291 8.41151 7.84698 7.84698 
14.6972 9.31143 28.2317 22.7993 9.23293 7.86371 7.86371 
15.0099 9.22561 28.7664 22.69 8.64872 7.8297 7.8297 
15.1457 8.63425 28.4583 23.9455 8.21176 7.80225 7.80225 
15.3734 8.53707 29.5744 22.2029 8.58158 7.86532 7.86532 
15.9747 9.02397 28.51 22.5145 8.23101 7.87288 7.87288 
15.897 9.173 27.8143 23.2629 8.07031 7.89124 7.89124 
15.7832 9.99961 27.8673 22.4577 8.02376 7.93422 7.93422 
13.9356 10.3569 26.7084 24.1409 8.95693 7.95063 7.95063 
13.7171 10.6881 26.5773 24.6049 8.47296 7.9698 7.9698 
13.4783 12.1046 24.6971 24.6968 9.16606 7.92856 7.92856 
14.3981 11.2546 25.2098 23.7646 9.64083 7.86602 7.86602 
13.5849 10.6545 26.056 24.2464 9.71172 7.87323 7.87323 
14.6003 11.6335 25.3403 23.9851 8.75976 7.84052 7.84052 
14.5239 12.0491 26.1262 23.1823 8.34589 7.88626 7.88626 
15.0206 11.9153 26.4252 22.6544 8.33961 7.82244 7.82244 
13.7422 10.8852 27.2706 23.2113 9.24227 7.82426 7.82426 
13.1211 10.9982 26.6908 24.2445 9.34336 7.80102 7.80102 
12.6613 9.74311 28.1995 24.987 8.65046 7.87929 7.87929 
13.9809 9.9262 28.0342 23.9689 8.28698 7.90139 7.90139 
14.1728 10.0736 28.5199 23.5867 8.01089 7.8181 7.8181 
14.7787 9.91846 27.5735 23.7756 8.14746 7.90313 7.90313 
15.2529 8.96516 27.7334 24.4991 7.9313 7.80913 7.80913 
15.6546 8.56709 27.8103 24.3622 7.90931 7.84823 7.84823 
16.0262 8.18139 27.4804 24.8155 7.8525 7.82196 7.82196 
15.3705 8.5952 27.7042 24.1195 8.58091 7.81489 7.81489 
16.6448 8.48835 27.7249 23.0424 8.4812 7.80918 7.80918 
17.1021 9.3037 26.6601 23.2771 8.10965 7.77364 7.77364 
17.1096 9.0062 28.1949 22.1491 7.95873 7.79072 7.79072 
18.3531 9.25815 28.6508 19.8642 8.30213 7.78585 7.78585 
18.6132 8.71358 28.269 20.3546 8.37642 7.83659 7.83659 
15.9955 9.20629 29.0175 21.0469 9.20493 7.76445 7.76445 
16.8935 8.74425 28.159 21.413 9.05032 7.86995 7.86995 
17.2364 8.83898 29.0651 20.6489 8.55974 7.82547 7.82547 
19.6072 8.54037 28.9556 18.8409 8.26339 7.89625 7.89625 
18.6545 10.0155 27.8319 19.0478 8.79008 7.83011 7.83011 
18.8814 9.6256 27.451 19.3965 8.85364 7.89595 7.89595 
19.2108 9.98521 27.9496 18.8937 8.30613 7.82728 7.82728 
19.2091 9.56578 27.8468 19.5078 8.11648 7.87706 7.87706 
20.2973 9.45156 27.4776 19.0913 7.9739 7.85419 7.85419 
20.9868 10.5061 27.0336 17.7826 8.03319 7.82883 7.82883 
21.3348 9.622 28.2417 17.1437 8.0619 7.79791 7.79791 
21.5765 9.20494 28.3633 16.7537 8.42489 7.83835 7.83835 
20.4147 9.20017 29.1242 17.5722 8.09176 7.79848 7.79848 
21.4318 8.53595 28.1189 17.9698 8.27328 7.8351 7.8351 
20.9498 8.80014 27.8022 18.4878 8.23021 7.86492 7.86492 
19.0376 8.98722 28.4271 19.6415 8.09064 7.90799 7.90799 
19.2289 8.40666 29.1411 19.5309 7.95836 7.86704 7.86704 
20.5901 9.23382 26.9181 19.5215 7.9426 7.89694 7.89694 
21.6065 8.55133 28.2131 17.9575 7.90572 7.88289 7.88289 
21.3048 8.3509 28.0564 18.3831 8.18484 7.85994 7.85994 
23.8974 8.14896 28.2666 15.8141 8.06593 7.90348 7.90348 
23.5243 7.933 30.2105 14.6595 8.05226 7.81026 7.81026 
25.9778 8.05147 30.4647 11.9049 7.9477 7.8267 7.8267 
26.1811 8.0974 31.519 10.5127 8.04551 7.82214 7.82214 
26.642 7.94278 30.4012 11.4869 7.91684 7.80515 7.80515 
23.9404 8.39617 30.3924 13.5606 7.94072 7.88488 7.88488 
25.4442 8.25653 29.9689 12.7868 7.86646 7.83854 7.83854 
24.7351 8.02437 29.4325 13.8609 8.31635 7.81538 7.81538 
23.7172 7.99991 28.8267 15.366 8.29928 7.89542 7.89542 
23.9752 7.98769 26.99 17.0388 8.13737 7.93544 7.93544 
26.3626 7.90009 26.62 15.3944 7.97493 7.87397 7.87397 
25.3475 8.54945 27.5533 15.1156 7.84503 7.79455 7.79455 
23.1601 8.22609 28.9742 16.0684 7.87388 7.84864 7.84864 
23.6744 8.24284 27.9089 16.4413 7.91924 7.90662 7.90662 
22.6604 8.08483 27.3691 18.1292 7.92304 7.91673 7.91673 
21.5257 7.95303 27.9304 18.9808 7.87213 7.86898 7.86898 
21.4771 8.52197 26.7899 19.7177 7.83217 7.83059 7.83059 
22.0847 8.10714 30.5103 15.6281 7.95455 7.95376 7.76145 
22.4459 8.00094 29.7288 16.1474 7.92464 7.92425 7.82809 
23.6472 7.93986 28.5008 16.2555 7.90171 7.90152 7.85344 
23.607 7.95082 28.4224 16.2488 7.93175 7.93165 7.90761 
25.0779 7.95771 28.223 14.909 7.94818 7.94813 7.93611 
23.2169 8.04665 29.3657 15.7596 7.87239 7.87237 7.86636 
24.0669 8.50838 29.633 14.026 7.92291 7.9229 7.91989 
25.7127 8.18501 28.0241 14.4029 7.89227 7.89227 7.89076 
22.2405 8.3447 29.2613 16.439 7.90508 7.90508 7.90433 
21.3054 8.1847 29.4455 17.6331 7.81056 7.81056 7.81019 
21.2138 8.05274 28.7491 18.3875 7.86568 7.86568 7.86549 
21.4892 7.99696 29.5216 16.9879 8.19755 7.90343 7.90333 
21.9722 8.3398 28.2339 17.7754 7.99099 7.84393 7.84388 
23.2588 8.10929 27.2988 17.6756 7.93489 7.86136 7.86134 
26.4093 7.98546 26.5425 15.4416 7.89826 7.8615 7.86149 
26.354 8.21351 29.018 12.9156 7.84523 7.82685 7.82685 
26.0751 8.08765 28.8402 13.1457 8.06274 7.89432 7.89431 
26.4445 8.77568 27.827 13.1975 7.97459 7.89038 7.89038 
26.329 9.0804 29.2857 11.7767 7.87079 7.82868 7.82868 
26.0217 8.50845 28.9286 12.8725 7.90365 7.8826 7.8826 
26.8997 8.11225 28.6618 12.9177 7.80985 7.79932 7.79932 
26.3836 8.63026 28.6842 12.4526 8.1636 7.84288 7.84288 
26.4731 8.22138 29.9671 11.695 7.98805 7.82769 7.82769 
26.8168 7.96871 29.0268 12.6376 8.00637 7.77187 7.77187 
26.0608 8.55753 28.2329 13.4835 7.9666 7.84935 7.84935 
26.2206 8.26649 27.6134 14.1037 7.97103 7.9124 7.9124 
25.6103 8.14559 29.7018 13.0704 7.84354 7.81423 7.81423 
26.3834 8.06641 29.7071 12.1262 7.91538 7.90072 7.90072 
27.8021 8.25398 29.4639 10.9332 7.85379 7.84647 7.84647 
26.6527 7.98605 31.1749 10.5002 8.12153 7.78229 7.78229 
