5 80000 300 266
14 14 14 14 14 14 14 
13.6161 13.833 15.1345 14.1584 13.6161 16.3275 12.3145 
11.1091 12.9201 18.0511 16.3086 13.3492 16.8555 10.9064 
12.5454 12.3111 21.0316 16.133 13.6655 14.6588 9.40455 
10.2249 13.0489 22.5563 18.5444 13.0828 13.7632 8.65448 
11.3891 13.8649 21.0654 19.1658 13.4563 12.7327 8.26341 
11.3125 12.7377 20.7387 20.0698 13.0015 14.0442 8.06429 
9.68168 13.7841 20.8566 21.2637 13.0686 13.3781 7.95164 
9.52834 14.8162 20.6962 18.556 14.4584 14.0551 7.88207 
8.80981 15.1882 19.7879 16.6431 16.669 15.0151 7.88294 
8.3798 17.4267 19.2036 18.3634 15.3429 13.3653 7.91637 
8.55096 17.4355 18.831 19.2223 14.4666 13.5792 7.91356 
8.23693 17.4972 18.5161 20.746 13.5502 13.5348 7.91824 
8.02628 18.5682 19.0777 18.9903 14.3903 13.08 7.86693 
7.98804 19.2214 18.8485 20.1646 13.8897 11.9793 7.90836 
9.33382 19.7078 17.7738 19.2085 14.6148 11.4266 7.93476 
8.9879 19.7304 17.7346 17.9376 17.1839 10.5487 7.87685 
8.69563 20.4745 18.6362 16.5318 17.3105 10.4214 7.93002 
9.42028 19.347 18.8419 16.9616 16.5227 11.0078 7.89876 
8.76131 20.8675 19.7621 14.0245 17.8562 10.8344 7.89394 
8.38499 18.4424 20.1624 15.562 19.2095 10.3955 7.84307 
8.13727 19.4776 19.7459 14.3885 20.6501 9.73426 7.86631 
8.95994 20.6084 20.0903 13.6073 19.3468 9.54105 7.8462 
8.43601 19.9745 19.3858 15.1553 19.3437 9.82547 7.87914 
9.10123 18.3737 19.3532 15.9641 18.5891 10.7514 7.86738 
8.81758 19.3619 19.414 15.5313 18.3755 10.6273 7.87242 
8.38368 19.5136 19.8535 15.5062 18.2882 10.5438 7.91111 
10.0108 17.6232 22.75 14.6497 16.7949 10.2288 7.94262 
9.65416 18.3157 23.4618 14.143 17.0752 9.45324 7.89693 
8.73164 19.7869 22.7938 16.0737 15.8044 8.95655 7.85302 
9.97912 19.6648 21.8959 16.8726 14.555 9.15603 7.87661 
9.67366 20.6167 20.534 16.6062 15.6653 9.04425 7.85988 
8.82006 19.4278 19.8058 19.0998 16.1136 8.81982 7.91317 
8.95548 18.9131 20.7254 19.723 14.9832 8.84714 7.85269 
8.47342 20.4716 20.0819 17.7449 16.2389 9.0672 7.92202 
8.21901 18.7535 22.2091 18.3857 15.6416 8.84776 7.94331 
8.17455 18.5231 20.9623 20.8799 15.1379 8.38729 7.93507 
9.92997 18.3627 19.5823 21.0017 14.4229 8.80039 7.90012 
8.85515 17.9914 19.8598 21.3704 14.3053 9.77777 7.84022 
8.58536 16.9914 18.5653 22.6255 15.0418 10.326 7.86467 
9.74925 17.4044 20.3071 21.335 13.3115 10.0628 7.82989 
8.80721 19.3764 21.1648 21.0046 12.8355 8.96397 7.84753 
10.1179 19.0929 19.63 20.7404 13.2035 9.36294 7.85234 
10.6989 18.6571 19.7933 19.4808 13.5432 9.996 7.83072 
9.26247 19.3286 21.0923 20.0665 13.5107 8.91104 7.8284 
11.0994 19.8285 20.8131 18.6575 13.0182 8.76764 7.81564 
10.1061 18.5474 23.596 17.8419 13.5834 8.46056 7.86465 
11.6348 18.7217 23.0507 17.2012 13.2673 8.26425 7.86014 
10.2703 18.3939 21.0673 19.0332 14.14 9.22118 7.87409 
11.3436 19.1748 21.3984 19.051 12.5024 8.60172 7.92818 
9.56789 20.4099 22.7122 18.7246 12.5282 8.19697 7.86019 
10.9908 19.1705 23.0802 19.0175 11.6664 8.23641 7.83814 
11.6377 18.0982 22.8548 17.8062 13.2686 8.42855 7.90614 
11.3212 18.0204 25.4226 16.0801 12.4955 8.75973 7.90044 
11.9106 19.1395 22.9484 17.1995 12.4978 8.36693 7.93729 
10.8548 18.8662 21.3988 19.0269 13.2841 8.70608 7.86312 
10.7802 18.3139 24.3247 18.5159 11.9948 8.24598 7.8245 
10.78 18.1019 23.5156 18.4323 13.1075 8.25143 7.81133 
9.98184 19.1275 24.0027 16.6141 13.4415 8.97265 7.85975 
10.7804 19.3532 22.8434 17.0439 13.5629 8.48633 7.92987 
10.9058 18.9092 24.1316 17.0351 12.6567 8.43981 7.92177 
11.7299 20.8182 22.3472 15.3357 13.7959 8.11601 7.85699 
11.8116 20.1179 23.9163 14.464 13.33 8.54829 7.81199 
10.0908 21.2924 24.7335 15.3818 12.2817 8.34904 7.87075 
10.986 18.8145 25.238 17.2206 11.3389 8.5062 7.89577 
10.9986 20.4185 24.7538 14.2283 13.0852 8.63512 7.88047 
9.66598 20.9416 24.7507 16.0788 11.9719 8.73675 7.85438 
10.6771 19.1288 23.5225 17.9961 12.5877 8.26448 7.82329 
10.1487 19.3112 22.6473 20.8968 11.104 8.05629 7.8357 
10.5355 16.5731 24.1877 22.7057 9.92091 8.27572 7.80134 
10.6634 17.3993 22.2857 21.185 12.5144 8.09469 7.85751 
10.4186 17.2604 23.5498 21.7587 11.0959 8.01757 7.89898 
10.4724 18.9173 24.0955 18.176 12.3661 8.07577 7.89686 
10.9803 17.4221 24.1887 19.9235 11.5356 8.08488 7.86488 
11.4804 18.002 22.3633 20.5975 11.758 7.95442 7.84442 
14.3868 17.6476 22.5852 18.4441 11.1422 7.98724 7.80692 
13.4434 18.0686 22.4905 18.2064 12.0815 7.89987 7.80971 
12.4815 16.2647 23.7452 18.9071 12.9035 7.8715 7.82642 
12.9463 15.421 24.9922 17.9084 11.9911 8.89202 7.84907 
11.6076 16.8792 24.5988 19.4676 11.2523 8.35799 7.83652 
11.9236 15.3406 25.5806 20.5411 10.7043 8.08525 7.82451 
12.3816 13.4728 25.0125 22.7397 10.5373 7.99324 7.86287 
10.61 14.4384 25.0063 23.4911 10.5717 8.03702 7.84558 
10.5885 14.178 26.1629 22.4414 10.6982 8.01336 7.91763 
12.6653 13.9686 25.735 21.1716 10.6317 7.93788 7.89002 
10.7946 14.8583 25.8596 21.8719 10.8276 7.90595 7.88202 
12.4395 14.0489 25.7467 21.4993 10.4842 7.89664 7.88467 
11.9304 13.7503 26.7058 20.0136 11.4604 8.26304 7.87635 
12.4129 13.0795 25.7617 21.4423 11.2047 8.26777 7.83112 
14.1954 11.9117 27.2059 19.2611 10.561 8.95482 7.91005 
14.1456 13.5356 24.1083 20.2689 11.5305 8.46677 7.94439 
14.514 14.3396 24.7173 19.1423 11.2483 8.14984 7.88864 
14.6181 12.1698 27.0809 20.1267 10.0686 8.1027 7.83321 
13.4188 13.5662 26.134 20.7865 10.1465 8.04137 7.90663 
14.4117 12.5272 26.3829 20.576 10.2952 7.93714 7.86976 
16.8925 10.5371 27.5789 19.8322 9.27865 7.95717 7.92349 
16.4133 12.1367 25.6026 18.982 10.958 7.9621 7.94526 
17.0864 10.0301 25.9161 20.42 10.6703 7.9428 7.93438 
19.3791 10.5878 25.1871 19.1883 9.97909 7.84137 7.83716 
19.1311 12.0758 23.8968 19.0356 10.0427 7.91005 7.90794 
20.7553 12.5535 26.8209 15.0419 8.98737 7.92103 7.91998 
21.2339 12.0871 26.2545 15.7778 8.77503 7.93605 7.93552 
20.7047 10.8681 28.3319 15.9299 8.33488 7.91539 7.91513 
19.6017 10.93 28.241 15.8738 9.66342 7.8451 7.84496 
20.8951 9.87232 28.2543 15.9916 9.23901 7.87392 7.87385 
21.3706 9.24385 28.5887 16.3035 8.6195 7.93696 7.93693 
21.5085 9.65241 29.2334 15.4688 8.27317 7.93189 7.93188 
21.5993 10.6009 28.1378 14.3541 9.4887 7.90961 7.9096 
23.0385 9.77804 28.3973 14.4905 8.62494 7.8354 7.8354 
24.7295 8.86629 27.977 14.3475 8.28975 7.89497 7.89497 
25.4633 10.3486 26.1012 12.6667 9.63783 7.89115 7.89115 
26.2331 9.32862 26.107 13.1583 9.56669 7.80314 7.80314 
24.2093 9.30007 27.9542 13.5328 9.25354 7.87508 7.87508 
25.9245 8.53202 30.2814 10.8037 8.81932 7.81953 7.81953 
26.9224 10.5338 27.3914 10.3876 8.96806 7.89837 7.89837 
27.6799 9.64191 28.852 9.72504 8.39028 7.85543 7.85543 
28.9562 8.80767 29.21 9.01535 8.18185 7.91443 7.91443 
29.343 8.30774 29.62 9.01218 7.99483 7.86112 7.86112 
27.7839 10.2057 28.2106 8.39658 9.7611 7.82105 7.82105 
27.1318 9.46424 29.8374 8.24813 9.70921 7.80461 7.80461 
27.3538 8.67151 30.2217 9.27558 8.794 7.8417 7.8417 
27.1904 9.29071 30.7265 8.54169 8.6012 7.82475 7.82475 
27.6139 9.31825 30.7838 8.16493 8.50621 7.80646 7.80646 
27.4993 8.65913 30.4688 9.15939 8.40695 7.90323 7.90323 
27.576 8.18808 29.3823 11.1713 8.062 7.81014 7.81014 
29.1131 7.96401 28.0039 11.468 7.90097 7.77504 7.77504 
28.6049 9.26901 28.3524 10.2657 7.87798 7.81501 7.81501 
29.3872 8.7023 29.0914 9.37015 7.83729 7.80581 7.80581 
30.0782 8.36453 29.4287 8.86568 7.7648 7.74906 7.74906 
28.9735 8.11669 30.9438 8.5312 7.81683 7.80896 7.80896 
27.7816 10.2722 30.3563 8.16733 7.81015 7.80621 7.80621 
28.7976 9.94977 29.9297 7.96565 7.78706 7.78509 7.78509 
28.5655 8.97489 30.7982 7.98283 7.89353 7.89255 7.89255 
27.5933 8.41236 32.4639 7.91633 7.87168 7.87119 7.87119 
27.0014 9.99253 30.6237 7.81573 8.98035 7.79316 7.79316 
29.5668 8.90017 29.2758 8.26222 8.39408 7.80048 7.80048 
27.7342 8.38451 29.7199 10.3606 8.13147 7.83467 7.83467 
29.3671 8.19226 29.0266 9.51364 8.06573 7.91733 7.91733 
30.2115 8.28867 28.799 8.63881 8.38069 7.84065 7.84065 
29.4639 8.87407 28.5887 8.20454 9.25791 7.80546 7.80546 
28.8958 8.36195 29.994 8.53913 8.55387 7.82765 7.82765 
30.0068 8.10847 28.8943 8.19706 9.11077 7.84132 7.84132 
29.9405 8.45675 28.5981 8.02935 9.27237 7.85148 7.85148 
29.0972 8.35536 29.5371 8.61785 8.60444 7.89399 7.89399 
28.9035 8.04865 31.0589 8.17989 8.17319 7.81796 7.81796 
26.286 10.6811 30.7661 8.08403 8.37653 7.90306 7.90306 
27.1809 9.9147 28.79 10.1934 8.13148 7.89475 7.89475 
27.5439 8.94406 28.8468 10.7446 8.05245 7.93409 7.93409 
27.4581 8.66911 31.2117 9.2044 7.85834 7.79916 7.79916 
28.387 9.05768 30.101 8.51099 8.32657 7.80837 7.80837 
28.1254 8.39881 30.6852 9.20906 8.03325 7.77416 7.77416 
28.6675 8.1513 30.9783 8.55642 7.96852 7.83897 7.83897 
30.2644 8.01887 29.0538 9.01007 7.92748 7.8627 7.8627 
29.6891 7.96513 29.0839 9.56833 7.91943 7.88705 7.88705 
30.3509 7.93826 29.2571 8.73986 7.91541 7.89922 7.89922 
29.4139 7.94264 30.5226 8.34344 7.93122 7.92312 7.92312 
30.129 8.02976 30.1964 8.06782 7.86171 7.85766 7.85766 
29.3069 8.56034 29.7952 8.42785 8.17328 7.86823 7.86823 
29.6851 8.23586 28.5052 9.7519 8.04234 7.88981 7.88981 
31.2559 8.0693 28.0824 8.82732 7.97254 7.89627 7.89627 
29.8437 7.95622 29.7275 8.82542 7.90784 7.8697 7.8697 
27.4218 8.20605 31.7755 8.27301 8.73333 7.79515 7.79515 
27.2912 8.11537 32.7087 8.14885 8.22469 7.7556 7.7556 
28.4604 7.92974 32.1793 7.94648 7.9844 7.74985 7.74985 
31.2078 8.25591 28.9628 7.89115 7.91011 7.9794 7.79284 
30.1054 8.05545 28.6808 9.38364 8.0336 7.91719 7.82391 
31.0845 7.99598 28.4674 8.66007 7.98506 7.92685 7.88021 
29.164 7.84414 30.7401 8.4967 8.15919 7.80958 7.78626 
29.0557 7.86944 31.1595 8.19572 8.02697 7.85216 7.8405 
29.6981 7.80469 31.0596 7.96783 7.88345 7.79605 7.79022 
29.3945 7.99325 30.2268 8.8324 7.88112 7.83742 7.8345 
29.8333 8.24833 29.9093 8.32776 8.02219 7.83027 7.82882 
29.9936 8.12416 29.57 8.47157 8.0111 7.91514 7.91441 
28.965 8.03034 30.9755 8.20404 7.9738 7.92582 7.92546 
28.8374 7.88614 30.9716 8.77944 7.85787 7.83388 7.8337 
28.8532 8.55616 29.1763 9.89567 7.94679 7.78599 7.7859 
30.1098 8.16007 29.495 8.82982 7.85538 7.77498 7.77494 
29.4562 7.96353 29.1488 10.0783 7.81119 7.77099 7.77096 
30.0306 7.89636 29.6989 8.95376 7.82018 7.80008 7.80007 
29.4411 8.0098 29.4153 9.09873 8.39188 7.82161 7.8216 
29.9046 7.99263 29.585 8.53709 8.18367 7.89854 7.89853 
31.2275 7.85538 29.222 8.12761 7.9509 7.80833 7.80833 
32.3839 7.80968 28.4309 7.94579 7.85744 7.78615 7.78615 
31.5089 7.77808 29.5323 7.84614 7.80196 7.76632 7.76631 
31.077 9.05033 28.6371 7.79404 7.93324 7.75413 7.75413 
29.5512 8.50606 30.4014 7.87791 7.94751 7.85795 7.85795 
28.0668 8.20872 32.1311 7.89465 7.92945 7.88467 7.88467 
29.5852 7.95052 31.2829 7.79348 7.81088 7.78849 7.78849 
30.1648 8.34419 29.5573 7.78023 8.598 7.77774 7.77774 
28.5499 8.04206 30.8777 8.84368 8.16897 7.75884 7.75884 
28.199 7.97673 31.4199 8.69399 8.04018 7.83512 7.83512 
30.3898 7.85933 30.0648 8.21796 7.89106 7.78853 7.78853 
30.5445 8.18499 29.3181 8.06035 8.20085 7.84563 7.84563 
30.4335 7.96346 30.1429 7.90114 7.97139 7.79378 7.79378 
30.1652 7.93362 30.3636 7.90246 7.93759 7.84878 7.84878 
31.0503 7.83778 29.8592 7.8222 7.83976 7.79536 7.79536 
30.2668 8.93409 29.3673 7.86247 7.87125 7.84905 7.84905 
30.3233 8.58097 28.7659 8.67807 7.89132 7.88022 7.88022 
30.7354 8.22491 28.8092 8.60133 7.88009 7.87454 7.87454 
31.5489 7.99595 28.8059 8.18416 7.82354 7.82076 7.82076 
30.7262 7.8565 30.1586 7.9506 7.77029 7.7689 7.7689 
30.8286 8.2826 29.6439 7.8792 7.78905 7.78836 7.78836 
29.6766 8.07573 30.8875 7.87403 7.82895 7.8286 7.8286 
29.0995 7.98975 31.4231 7.8889 7.86637 7.86619 7.86619 
28.8584 7.8534 32.1103 7.80297 7.7917 7.79162 7.79162 
28.8464 8.22118 31.3926 7.88922 7.88358 7.88354 7.88354 
29.4559 8.03216 31.0558 7.86618 7.86336 7.86334 7.86334 
29.7111 7.88813 31.1844 7.80514 7.80373 7.80372 7.80372 
29.1189 7.86256 29.6988 9.85868 7.82036 7.82036 7.82036 
28.2097 8.83926 29.2666 9.99069 7.89791 7.89791 7.89791 
27.3579 8.33529 29.3923 11.3206 7.86462 7.86462 7.86462 
28.9613 8.15436 27.8191 11.3082 7.91902 7.91902 7.91902 
28.9912 7.92333 30.1683 9.50024 7.80566 7.80566 7.80566 
30.47 7.95528 29.1417 8.74373 7.89644 7.89644 7.89644 
30.7735 8.43918 27.6477 9.29494 7.94822 7.94822 7.94822 
30.9102 8.19071 28.4448 8.61859 7.94523 7.94523 7.94523 
30.6017 8.00415 29.5319 8.21809 7.88141 7.88141 7.88141 
30.7732 7.91087 29.7496 8.01784 7.8495 7.8495 7.8495 
29.2667 8.21411 30.49 7.95214 8.34115 7.86797 7.86797 
30.018 7.95321 30.2951 8.15667 8.01673 7.78014 7.78014 
30.4199 7.91496 30.0448 8.01669 7.94672 7.82842 7.82842 
31.7132 7.87905 28.9113 7.92991 7.89493 7.83578 7.83578 
31.7103 7.90294 28.6325 7.92837 8.06332 7.88131 7.88131 
31.5646 7.8366 29.1811 7.84932 7.91679 7.82579 7.82579 
30.2683 7.81238 30.6342 7.81874 7.85248 7.80697 7.80697 
28.0104 7.75235 30.8689 10.0967 7.77239 7.74964 7.74964 
28.5537 7.72233 31.488 9.06171 7.73235 7.72097 7.72097 
28.8602 8.02783 30.3273 9.59038 7.73522 7.72953 7.72953 
30.1678 7.94834 29.7538 8.72962 7.80204 7.79919 7.79919 
28.9204 7.90499 29.0279 10.6541 7.83184 7.83041 7.83041 
28.3231 7.84658 30.246 10.1557 7.81 7.80929 7.80929 
27.4359 8.93804 29.1348 9.79762 8.91975 7.88694 7.88694 
28.8453 8.60915 28.1024 10.1536 8.44077 7.92436 7.92436 
29.4046 8.27569 29.2137 9.04791 8.1915 7.9333 7.9333 
29.563 8.00782 30.3963 8.39393 7.96572 7.83662 7.83662 
30.32 8.92698 28.7366 8.19696 7.98286 7.91831 7.91831 
29.7231 8.34699 30.3877 7.98198 7.87493 7.84265 7.84265 
29.4512 8.12486 30.5434 8.24631 7.88883 7.87269 7.87269 
29.9798 7.96074 30.5259 8.02146 7.84272 7.83465 7.83465 
28.6263 8.52582 30.566 8.7077 7.86075 7.85672 7.85672 
29.0567 8.10907 30.1868 9.3218 7.77653 7.77451 7.77451 
29.6103 7.98896 30.3393 8.59533 7.82269 7.82168 7.82168 
29.1585 7.9377 31.1003 8.24088 7.85456 7.85406 7.85406 
28.865 7.9371 31.2644 8.08869 8.05427 7.89528 7.89528 
28.2463 7.87246 32.2989 7.94825 7.93104 7.85155 7.85155 
28.8383 7.89192 30.2317 9.35387 7.92121 7.88147 7.88147 
27.9505 7.90636 28.3172 12.1027 7.921 7.90113 7.90113 
28.4612 7.84726 29.8907 9.94542 8.16611 7.84465 7.84465 
27.867 8.14441 30.6921 9.6805 7.97916 7.81843 7.81843 
28.621 7.97845 28.1585 11.7153 7.89583 7.81546 7.81546 
27.09 7.98284 29.7342 11.4487 7.94152 7.90134 7.90134 
26.4883 8.24674 31.3565 9.62505 7.87147 8.5606 7.85138 
26.9097 9.26806 28.7007 10.4395 8.75889 8.13882 7.78421 
27.1645 8.505 28.8665 11.5101 8.25041 7.94038 7.76307 
25.7935 8.2129 28.1296 14.0059 8.0856 7.93059 7.84193 
28.783 7.9526 28.2789 11.518 7.88895 7.81145 7.76712 
28.4824 8.52176 29.7455 9.69839 7.88387 7.84512 7.82295 
30.7536 8.1189 29.0703 8.70722 7.79996 7.78058 7.7695 
29.9601 7.90561 29.2787 9.64207 7.74613 7.73645 7.7309 
30.2485 7.81186 29.9078 8.84788 7.73213 7.72728 7.72451 
29.258 8.00927 30.9114 8.37531 7.81743 7.81501 7.81362 
30.4265 8.14574 29.5661 8.17538 7.89645 7.89523 7.89454 
28.7915 8.06648 30.9172 8.40079 7.94183 7.94123 7.94088 
30.3049 7.92934 30.069 8.0965 7.86702 7.86672 7.86654 
29.6005 7.86078 31.1059 7.94435 7.82961 7.82946 7.82938 
29.019 8.77414 29.6155 8.34718 8.60231 7.82098 7.82094 
28.2641 8.66216 31.1646 8.07693 8.2045 7.81384 7.81381 
14 14 14 14 14 14 14 
13.7538 15.4967 15.8235 12.1198 12.5556 16.3682 12.8824 
11.7482 17.3072 16.8272 12.8614 13.355 16.5481 10.8529 
13.5194 17.9808 17.0527 14.3053 14.0934 13.3964 9.40201 
12.0126 17.1616 20.5886 15.1293 13.6615 12.632 8.68933 
13.1919 15.3672 21.1726 15.8481 14.1162 11.9048 8.33668 
11.1669 16.1724 22.7131 15.7599 14.6141 11.4562 8.08625 
12.4584 16.6279 21.9816 15.7966 13.3487 11.7697 8.00146 
10.9767 17.7079 21.8999 15.5751 14.9572 10.9354 7.94012 
11.175 17.3303 19.2117 16.1566 16.4915 11.6909 7.94002 
9.49534 18.084 19.0247 15.6935 17.7648 12.0579 7.87783 
8.68706 18.739 20.1184 16.2306 16.2561 12.0895 7.87831 
9.57609 17.4121 19.0708 16.8362 17.7211 11.4711 7.91202 
9.54995 15.6325 19.2757 17.8337 17.9515 11.9044 7.85211 
8.85264 15.6803 20.0262 19.5965 16.1602 11.7774 7.90664 
9.57036 16.2764 20.6098 18.2344 15.7961 11.65 7.86278 
10.0321 16.1629 19.9757 18.5822 16.54 10.8662 7.84086 
9.01195 17.815 19.5165 19.1272 15.852 10.761 7.91633 
9.60597 16.9075 20.7583 19.5636 15.326 9.88048 7.95817 
9.59341 17.9348 20.459 17.9654 15.8466 10.2297 7.9711 
8.69281 17.5172 20.7273 19.2641 16.0402 9.87673 7.88165 
8.27568 18.68 19.9904 20.1429 15.8786 9.16234 7.8701 
8.09083 18.528 20.8926 19.6868 16.2727 8.641 7.88804 
7.97469 18.6943 21.1536 19.3719 16.3878 8.54447 7.87329 
8.21567 19.178 20.7248 19.6225 15.1706 9.24052 7.84785 
8.04158 19.6304 21.5425 17.8858 15.2458 9.79624 7.85767 
8.02079 17.9205 22.0344 18.4166 15.9387 9.74023 7.92884 
8.15241 18.2305 20.2874 19.5633 15.6616 10.1956 7.90919 
9.1502 18.2061 20.6088 18.8726 14.3847 10.9117 7.8658 
8.49076 19.5448 19.943 20.0789 13.8189 10.2751 7.84856 
9.50289 19.5364 20.3792 20.2326 13.1326 9.32212 7.89424 
9.22299 21.1503 20.962 18.348 12.8671 9.53911 7.91053 
8.53931 20.7662 20.6721 19.2589 13.3338 9.54662 7.88308 
9.34212 19.5964 22.0338 18.2216 13.9133 9.01762 7.87529 
10.0015 20.0327 22.2109 17.6396 12.9268 9.30625 7.88221 
9.46886 19.8036 23.4459 15.0964 14.3357 9.97227 7.87727 
10.8915 19.4559 21.2771 14.3422 16.722 9.44474 7.86645 
10.5091 19.7491 20.7651 15.2935 16.5889 9.25823 7.83618 
12.1933 19.2623 19.5662 14.9937 17.4781 8.60871 7.89768 
10.4864 20.0166 19.205 15.9551 18.1609 8.26581 7.9103 
9.16476 20.0301 18.9707 18.544 16.27 9.1438 7.87672 
9.5537 20.1489 20.6708 16.8246 16.4524 8.49159 7.85805 
9.23694 19.5815 19.8424 18.3888 15.6206 9.41012 7.91964 
9.06982 18.6934 20.3767 18.9253 16.0919 8.94936 7.89357 
8.52124 16.636 22.0335 19.0298 16.3603 9.48607 7.93312 
8.22722 17.9213 19.8894 19.6402 16.2177 10.171 7.93315 
8.21025 16.3136 21.1842 20.5344 15.882 9.91744 7.95817 
9.36828 16.6831 20.3816 20.1619 16.4673 8.95872 7.97909 
8.59913 16.2834 19.8105 20.5955 16.5111 10.2959 7.90453 
8.43969 17.2712 19.1409 21.2319 15.3681 10.6681 7.88008 
8.81066 19.6136 19.0515 20.2966 13.9715 10.3241 7.93206 
8.39646 21.115 19.947 18.1306 15.1897 9.26404 7.95716 
8.09731 19.7318 18.5744 19.6157 15.2783 10.8247 7.87766 
10.1711 18.4827 19.4913 18.8782 14.2151 10.8545 7.90708 
9.06045 19.9108 19.6829 16.7613 16.1034 10.5528 7.92844 
8.44946 19.2191 20.5303 18.1193 14.9401 10.8583 7.88346 
9.80368 20.7674 19.423 16.9544 14.2069 10.9029 7.94173 
9.57014 19.8432 22.7336 15.1111 13.7373 11.1025 7.90207 
9.39881 20.3293 20.7016 16.5684 15.0232 10.0577 7.92099 
10.0893 18.8803 21.1306 17.4585 15.4244 9.15729 7.85958 
8.97611 18.9159 20.5451 20.1204 14.2646 9.31655 7.86124 
9.37177 17.1324 22.133 22.3858 12.4812 8.61176 7.88411 
10.342 18.8603 23.0575 18.2065 12.4623 9.17013 7.90133 
9.19943 19.7382 23.851 18.7004 11.3259 9.3244 7.86062 
9.45409 18.1215 23.9401 21.2434 10.8814 8.5457 7.8138 
9.43796 20.5169 22.9979 19.8294 11.1152 8.2343 7.86836 
8.63822 19.047 24.9194 21.3161 9.83315 8.39269 7.85342 
8.85451 18.5943 25.734 20.8351 9.45197 8.62112 7.90901 
10.3363 17.9335 24.9125 21.213 9.38508 8.28783 7.93178 
9.30688 16.9086 25.0961 23.0226 9.61424 8.17076 7.88088 
9.38317 19.3777 23.9219 21.8717 9.53685 8.02682 7.88188 
9.1387 18.7033 24.3408 21.6329 10.2973 7.97976 7.90729 
9.86214 18.8111 23.0938 21.5147 10.8919 7.93132 7.89508 
10.9917 18.613 21.2206 21.8296 11.0403 8.39456 7.91025 
10.5302 19.0319 22.1663 21.0979 11.241 8.08744 7.84528 
10.3963 20.1365 20.8684 21.1695 11.4678 8.101 7.86059 
9.14554 19.4103 22.9342 21.9005 10.7339 7.99787 7.87766 
9.21825 21.0744 22.3473 20.2412 11.3572 7.91091 7.85081 
10.8912 18.4859 22.9685 20.6334 11.1914 7.92982 7.89976 
10.9126 19.0379 21.8487 19.0866 13.2267 7.95124 7.93622 
11.3676 17.4007 22.9933 19.1492 13.0173 8.16281 7.90899 
9.66931 16.6714 22.6078 21.1688 13.755 8.18769 7.94 
9.44631 15.2532 23.3185 21.0213 13.795 9.31229 7.8535 
9.66433 13.156 25.3063 22.393 12.1916 9.36203 7.92675 
8.79487 14.1538 25.9399 20.7536 13.4385 8.99337 7.92608 
8.30172 12.8703 26.5719 22.7194 13.0165 8.65286 7.86732 
9.37474 13.0272 26.0969 23.4244 11.4834 8.67966 7.91376 
8.68737 13.9254 26.2249 23.0063 11.8593 8.33983 7.95688 
9.82671 13.4901 24.8618 24.0358 11.5432 8.34746 7.89489 
10.3455 13.7821 24.7766 22.7586 12.3148 8.12435 7.89806 
10.1985 14.1075 25.2749 21.4309 12.9873 8.05702 7.94388 
11.1787 13.2572 25.4166 22.502 11.3324 8.37094 7.94216 
10.6271 14.0594 26.3103 20.6969 12.0894 8.34164 7.87536 
9.31872 14.0064 25.8167 22.4931 12.5046 8.04679 7.81365 
11.0914 13.3139 25.287 23.7466 10.864 7.90689 7.79032 
11.5253 13.2727 23.8394 22.4331 13.1928 7.89747 7.83918 
13.1118 11.8857 24.3869 22.8963 11.977 7.88574 7.8566 
11.5146 11.177 27.8959 23.1562 10.3962 7.93736 7.92279 
10.4371 13.3471 26.3864 22.1692 11.8483 7.90957 7.90228 
11.1552 12.0825 25.0665 24.5411 11.3331 7.91257 7.90892 
12.0711 11.1062 26.1696 24.8679 10.0822 7.85239 7.85057 
12.7849 12.5779 25.206 23.04 10.5507 7.92068 7.91977 
14.2091 12.0841 25.1367 23.1103 9.58803 8.00347 7.86824 
15.0621 11.745 26.6267 20.839 9.8338 7.98051 7.9129 
14.0474 12.7647 26.5966 20.9458 9.92943 7.87497 7.84116 
13.9107 11.892 26.6592 20.8035 10.8876 7.93197 7.91507 
16.139 10.7565 27.7611 19.5854 9.6712 8.19339 7.8934 
15.502 11.7296 26.5832 19.5224 10.7815 8.01562 7.86562 
15.2302 10.8509 27.142 20.5645 10.3769 8.02443 7.81092 
15.9 10.0766 27.6699 20.7474 9.83962 7.93663 7.82988 
16.1902 11.1836 27.6617 18.6139 10.6461 7.87893 7.82556 
17.2574 10.8274 25.8728 19.2546 11.0822 7.86617 7.83948 
15.5609 10.281 26.8007 22.0167 9.5234 7.91538 7.90204 
15.9326 9.4883 25.0851 23.2366 10.4682 7.89791 7.89124 
14.8827 11.0842 25.9431 21.9929 10.4214 7.83944 7.83611 
15.1337 10.4238 26.8769 22.387 9.35273 7.91381 7.91214 
16.0896 10.1835 25.3703 23.8355 8.65364 7.93418 7.93334 
15.1669 13.2313 25.1851 20.348 10.2861 7.89151 7.89109 
15.59 11.1908 27.6252 20.7949 9.06463 7.86732 7.86711 
14.8125 11.7358 29.0173 20.0466 8.62588 7.88103 7.88093 
16.2213 11.0702 27.948 20.5724 8.50369 7.84225 7.8422 
17.8704 9.439 28.2382 20.6466 8.15575 7.82503 7.825 
19.1176 8.82284 27.341 20.9616 8.02924 7.86388 7.86387 
20.0378 9.65094 28.4909 16.6185 9.40384 7.97386 7.82415 
17.9137 9.31464 29.5705 17.4424 10.1199 7.8569 7.78204 
19.984 9.03798 27.9272 18.3889 8.98743 7.85594 7.81851 
22.5293 8.6981 27.695 16.9556 8.52357 7.80857 7.78985 
21.1484 9.43626 28.5277 15.0185 10.2211 7.8287 7.81935 
20.2468 9.62884 30.3353 14.8009 9.42602 7.7834 7.77872 
20.534 8.77337 29.0973 17.2245 8.67195 7.85064 7.8483 
21.1999 9.6345 29.709 15.4636 8.27184 7.86118 7.86001 
20.6282 11.4557 28.6963 14.3702 9.07942 7.88539 7.88481 
23.4056 10.9329 28.0705 13.3365 8.48293 7.88591 7.88562 
24.4837 9.53947 28.3611 13.4098 8.45495 7.87554 7.8754 
25.0467 10.7149 27.5952 12.3452 8.49577 7.90119 7.90111 
26.2402 9.78221 26.482 13.2522 8.37768 7.93289 7.93286 
25.9914 9.51157 25.7822 14.7119 8.14923 7.92684 7.92682 
25.7345 8.89591 29.1332 11.6553 8.21474 8.42202 7.9443 
26.1416 9.4627 26.8085 13.0548 8.38466 8.19331 7.95445 
26.9073 9.44833 26.4545 12.8167 8.43761 8.02747 7.90804 
27.1164 9.66603 26.5994 12.6584 8.14322 7.93816 7.87844 
27.4196 8.79341 28.9763 10.9496 8.03201 7.92947 7.89962 
28.9876 8.87201 29.3029 9.33284 7.87403 7.82276 7.80783 
27.3923 9.79833 27.9848 11.1882 7.99499 7.82442 7.81696 
27.7485 8.82073 29.0251 10.8228 7.91906 7.83378 7.83005 
27.1 8.28133 30.319 10.8953 7.8305 7.78786 7.78599 
27.3595 8.10892 30.2389 10.6857 7.8835 7.86218 7.86125 
27.5441 9.65918 28.9837 9.32517 8.66152 7.91339 7.91293 
29.3239 8.67574 29.3748 8.84319 8.17691 7.80285 7.80262 
29.4135 8.21986 30.3706 8.45886 7.97044 7.78341 7.7833 
30.8744 8.00215 29.5566 8.12165 7.87744 7.78392 7.78386 
29.0324 8.68385 28.9777 9.801 7.86621 7.81945 7.81942 
29.1659 8.64129 28.0239 10.4738 7.914 7.89062 7.8906 
29.7295 8.22944 27.8556 10.6115 7.86579 7.8541 7.8541 
29.7654 8.08823 29.1596 9.27924 7.90641 7.90056 7.90056 
29.064 7.99148 28.3225 10.9262 7.90057 7.89765 7.89765 
27.7138 8.84423 27.9491 11.0691 8.64726 7.88822 7.88822 
27.7547 8.89496 29.4698 9.52818 8.47698 7.93772 7.93772 
27.3642 8.39485 31.5112 8.71146 8.18586 7.91623 7.91623 
27.3185 8.13682 29.998 10.7194 8.03232 7.89751 7.89751 
25.9204 9.00471 28.3748 12.0476 8.79323 7.92965 7.92965 
27.4245 8.78807 29.5445 9.95236 8.50376 7.89339 7.89339 
26.5885 8.24019 31.4947 9.9929 8.09803 7.79285 7.79285 
27.0979 8.10782 29.8578 11.1314 8.03675 7.88416 7.88416 
27.3104 8.79397 29.1491 10.9174 7.99391 7.91761 7.91761 
27.5353 8.3402 28.2969 12.0833 7.94017 7.90202 7.90202 
28.3372 8.14361 28.2213 11.5052 7.9436 7.92452 7.92452 
28.6737 7.99672 29.981 9.67753 7.89671 7.88718 7.88718 
28.2487 7.99285 29.8665 9.93518 8.08059 7.93808 7.93808 
29.6981 7.93085 29.6874 8.90202 7.97472 7.90347 7.90347 
28.6478 7.86153 30.2658 9.64581 7.88346 7.84784 7.84784 
27.9457 7.77692 30.0367 10.9127 7.78789 7.77007 7.77007 
28.8463 8.16061 29.4171 10.0449 7.84964 7.84073 7.84073 
28.6874 7.98421 28.8227 11.0285 7.82872 7.82427 7.82427 
30.1166 7.93532 27.976 10.4038 7.85758 7.85535 7.85535 
29.0265 7.93592 29.5436 9.80509 7.89704 7.89593 7.89593 
29.465 7.82648 30.5274 8.76106 7.80704 7.80649 7.80649 
27.8024 8.47251 30.6132 8.3319 9.07069 7.85461 7.85461 
27.8667 8.89143 30.6515 8.13147 8.67328 7.89282 7.89282 
29.8212 8.33979 29.9675 7.95981 8.23072 7.84049 7.84049 
24.8744 8.1554 30.5634 11.5886 9.00666 7.90575 7.90575 
25.7596 9.99875 29.4265 10.564 8.4507 7.90025 7.90025 
27.1655 8.95075 28.543 11.361 8.17672 7.90149 7.90149 
28.1876 8.42726 28.189 11.3506 8.04025 7.90264 7.90264 
27.5806 8.161 29.0616 11.4319 7.96749 7.89869 7.89869 
26.7296 9.99104 29.387 9.70956 8.29685 7.94295 7.94295 
24.4759 9.31651 31.0515 11.4906 8.00645 7.8295 7.8295 
25.5138 8.62377 30.6982 11.4349 7.96874 7.88027 7.88027 
24.685 8.23345 29.5648 13.8874 7.90594 7.8617 7.8617 
25.2735 8.13972 30.0123 12.9782 7.97596 7.81016 7.81016 
28.1923 8.03811 28.4982 11.5685 7.95623 7.87333 7.87333 
28.4774 7.86521 29.8009 10.4665 7.82427 7.78282 7.78282 
28.6868 7.82871 30.9719 9.12936 7.80824 7.78751 7.78751 
28.0482 9.48664 30.245 8.78155 7.81978 7.80942 7.80942 
27.8755 9.47305 30.3252 8.78266 7.96395 7.78985 7.78985 
27.5595 8.58268 30.7075 9.84005 7.82813 7.74108 7.74108 
28.846 8.26485 30.42 8.89354 7.88757 7.84405 7.84405 
29.5565 8.73183 29.6017 8.74944 7.80135 7.77959 7.77959 
29.2997 8.32631 29.9824 8.83016 7.86107 7.85019 7.85019 
30.862 8.10255 29.0821 8.35448 7.86993 7.86449 7.86449 
30.431 7.99067 28.1774 9.7833 7.87436 7.87164 7.87164 
29.1314 7.87883 28.8136 10.7169 7.82067 7.81931 7.81931 
28.2155 8.53882 29.0952 10.8481 7.7679 7.76722 7.76722 
28.0829 8.9278 30.3861 9.30602 7.76594 7.7656 7.7656 
29.2512 8.31005 30.7525 8.49916 7.72912 7.72895 7.72895 
29.4404 8.01305 30.0367 9.34217 7.72259 7.7225 7.7225 
28.9263 9.71683 29.0852 8.57081 8.17884 7.76097 7.76097 
30.3723 9.0792 28.8283 8.18151 7.98552 7.77659 7.77659 
28.9242 8.53321 30.5483 8.24411 7.98637 7.88191 7.88191 
29.3394 8.25433 30.4582 8.10978 7.98092 7.92868 7.92868 
30.0089 8.69944 29.3884 8.03719 7.97276 7.94664 7.94664 
29.2168 8.28808 30.7901 7.95695 7.92474 7.91168 7.91168 
30.6022 8.02603 29.9913 7.86046 7.84436 7.83783 7.83783 
30.7232 7.90912 30.0931 7.82634 7.81828 7.81502 7.81502 
30.9245 7.92807 29.6161 7.88668 7.88265 7.88102 7.88102 
30.4622 8.35797 29.6565 7.88273 7.88072 7.8799 7.8799 
30.5372 8.11485 28.3851 9.33495 7.87622 7.87581 7.87581 
30.1659 7.99578 29.6035 8.60583 7.87647 7.87626 7.87626 
28.2323 7.89399 29.7368 10.6341 7.83434 7.83423 7.83423 
25.969 8.57915 29.0373 11.9928 8.68556 7.86807 7.86807 
23.0528 9.23838 26.976 15.5527 9.46223 7.85895 7.85895 
25.8121 8.54776 27.238 14.0264 8.65969 7.85805 7.85805 
26.906 8.27388 25.3113 15.3209 8.32984 7.92902 7.92902 
26.1219 8.52883 27.6894 13.4037 8.55681 7.84965 7.84965 
26.5406 8.18291 28.5783 12.658 8.35364 7.84332 7.84332 
26.3276 8.07235 27.9834 13.6538 8.15771 7.90255 7.90255 
26.2786 7.9706 31.2048 10.7613 8.01328 7.8857 7.8857 
27.1715 8.01756 29.6347 11.5097 8.0389 7.81382 7.81382 
27.0351 7.96448 27.792 13.1916 8.2916 7.86261 7.86261 
27.0797 8.0672 28.7653 12.3147 8.06737 7.85287 7.85287 
27.9917 8.02031 29.4989 10.6424 8.0204 7.91315 7.91315 
26.2282 8.44441 28.2051 13.2723 7.98573 7.93211 7.93211 
27.6252 8.16542 28.6136 11.8412 7.93608 7.90927 7.90927 
28.6391 8.02593 28.5024 11.1256 7.91126 7.89785 7.89785 
30.2805 7.92176 28.2577 9.96021 7.86442 7.85772 7.85772 
28.366 9.12217 29.1289 9.98011 7.80318 7.79983 7.79983 
29.6315 8.5478 29.1824 8.97676 7.8883 7.88663 7.88663 
28.4234 8.22959 30.414 9.23522 7.89985 7.89901 7.89901 
28.2439 7.98576 31.8199 8.48858 7.82089 7.82047 7.82047 
28.8912 7.99288 31.1407 8.24429 7.91045 7.91024 7.91024 
29.041 8.76523 29.4432 9.17995 7.85696 7.85685 7.85685 
27.8538 8.35087 29.6422 10.463 7.89673 7.89668 7.89668 
27.314 8.0464 30.4663 10.7154 7.81933 7.81931 7.81931 
29.2519 7.88172 29.8634 9.69852 7.76819 7.76817 7.76817 
29.0272 9.44248 29.4948 8.73275 7.76759 7.76758 7.76758 
28.9873 8.66861 30.5369 8.31375 7.83116 7.83116 7.83116 
31.0046 8.22838 29.2871 8.05095 7.80966 7.80966 7.80966 
30.0856 8.10725 30.095 8.01853 7.89789 7.89789 7.89789 
29.2342 8.01402 31.0541 7.96966 7.90934 7.90934 7.90934 
31.0436 7.8975 29.6481 7.87532 7.84516 7.84516 7.84516 
30.16 7.89612 30.449 7.88503 7.86995 7.86995 7.86995 
31.955 7.85431 28.8183 7.84876 7.84122 7.84122 7.84122 
32.0248 7.81229 28.7672 7.80952 7.97467 7.80575 7.80575 
30.3382 9.80502 28.4286 7.83734 7.91992 7.83546 7.83546 
30.4289 8.79861 29.474 7.81478 7.85606 7.81383 7.81383 
30.7096 8.39292 29.2738 7.901 7.92164 7.90053 7.90053 
27.9023 8.18885 32.1274 7.94289 7.95322 7.94266 7.94266 
28.816 7.97956 31.6042 7.85658 8.03066 7.85646 7.85646 
29.5979 7.94548 30.8338 7.88399 7.97103 7.88393 7.88393 
29.5717 7.86884 30.0273 8.97446 7.88162 7.83807 7.83807 
29.534 7.89126 30.4813 8.44407 7.89764 7.87587 7.87587 
30.0896 7.8166 30.5632 8.093 7.81979 7.8089 7.8089 
26.7167 8.79789 30.4236 10.1979 8.16857 7.84767 7.84767 
27.3995 8.3373 30.2803 10.2359 8.02264 7.86219 7.86219 
27.8154 8.08021 30.6163 9.87988 7.92289 7.84266 7.84266 
29.1458 8.00836 30.2288 8.90819 7.9297 7.88958 7.88958 
29.0344 8.00418 30.499 8.60794 7.96485 7.94479 7.94479 
14 14 14 14 14 14 14 
14.1862 15.0972 15.6032 11.0486 12.2632 17.0202 13.7814 
11.3551 14.3053 19.444 11.9692 13.0962 17.7617 11.5684 
13.2309 13.885 21.7089 13.2917 13.0342 14.8743 9.72511 
12.2809 13.1475 24.4336 15.3689 11.643 14.1817 8.81939 
14.6253 13.7455 24.237 14.1491 10.771 14.0606 8.34909 
14.0721 15.4215 21.4624 15.7226 11.8467 13.2927 8.15069 
13.8802 16.7411 19.8567 16.8917 12.1971 12.3498 8.06774 
11.7892 15.4826 21.0275 20.1916 12.5641 10.9163 8.02094 
11.7217 16.2 21.322 19.9642 12.861 9.96941 7.95784 
9.83933 17.4548 21.1986 20.0896 13.4197 10.0385 7.95741 
8.88626 17.0781 20.4114 20.692 15.3738 9.61214 7.9453 
8.71396 18.8516 20.1015 18.7835 14.7702 10.8477 7.93099 
8.67797 19.8167 20.8532 16.1819 15.204 11.3909 7.87496 
8.29436 19.239 21.1771 17.8272 13.2815 12.2878 7.89285 
9.63105 19.1894 20.5886 18.376 12.3397 11.9503 7.92492 
8.73305 20.2133 19.985 18.3633 14.5204 10.3051 7.87999 
8.31389 20.8522 19.7513 18.3922 15.1549 9.64815 7.88736 
8.12213 20.9677 18.7731 19.8344 15.6045 8.78926 7.90886 
8.65508 21.0608 20.1772 17.93 14.3194 9.95018 7.90742 
8.27491 21.4616 20.21 17.2646 15.9653 8.92246 7.90108 
9.2395 20.5267 19.2887 17.5099 16.4521 9.05307 7.93013 
9.02226 20.1166 19.8121 16.6166 17.3455 9.13869 7.94829 
8.6148 19.5615 19.4093 17.2716 17.852 9.32097 7.96983 
8.6074 17.3808 21.5046 17.9358 17.126 9.46048 7.98491 
8.69146 19.3026 20.038 17.8454 17.2365 8.91392 7.97205 
8.32422 19.8664 18.4061 18.3851 16.7903 10.2634 7.96452 
8.7446 19.5055 18.368 17.9502 15.7271 11.7508 7.95375 
8.33375 19.3887 20.2119 17.3263 14.5017 12.2994 7.93833 
8.42883 17.4906 21.7483 18.9542 14.1115 11.3472 7.91927 
8.13796 17.699 20.5321 19.6381 15.3053 10.8044 7.88318 
8.98701 16.329 22.0488 19.0403 15.3371 10.3202 7.93749 
8.49351 16.5856 19.9718 20.0465 17.2475 9.68643 7.96874 
8.42283 14.6133 20.4825 21.0842 16.9759 10.4866 7.93471 
8.16894 14.9321 21.6312 20.9668 16.7891 9.58691 7.92488 
9.50114 14.8619 20.9198 20.4834 17.0404 9.27262 7.92078 
9.72892 15.4396 21.2824 18.8997 18.1522 8.64064 7.85649 
9.10359 16.8502 20.3151 19.7759 17.337 8.77684 7.84129 
10.1651 17.1569 19.721 20.5948 16.1529 8.33852 7.87075 
9.01036 16.9649 21.2193 20.7008 15.4013 8.84018 7.86319 
8.50518 16.0614 19.9781 21.5083 16.5428 9.47272 7.93159 
8.75993 16.4164 19.8423 19.8736 17.1812 9.97745 7.94903 
8.9937 15.8262 21.6164 19.4862 15.994 10.1389 7.94447 
10.2141 15.1896 22.2427 17.7472 16.9367 9.74722 7.92234 
9.60143 14.3364 22.8068 18.5365 17.0077 9.81743 7.89375 
9.84187 17.5591 22.2058 17.9102 15.0882 9.53835 7.85634 
10.3413 17.4079 21.7224 17.5834 14.6238 10.4108 7.91047 
9.44031 16.6815 21.6477 19.1288 14.3905 10.8234 7.88782 
11.021 17.1822 19.9702 18.914 15.1221 9.88322 7.90732 
9.45785 17.682 20.5114 17.3517 16.1735 10.9225 7.90103 
8.68726 17.7993 20.0474 19.0925 16.0034 10.4612 7.90885 
10.0018 16.9828 21.2246 18.6687 15.1611 10.0805 7.88052 
9.54637 18.9565 20.3375 17.791 15.1915 10.3257 7.85147 
8.70176 19.0021 19.2164 19.0145 15.691 10.52 7.8543 
9.79021 19.2291 19.2316 17.8755 16.4229 9.54869 7.90205 
10.2642 18.3394 19.7948 18.2219 16.1533 9.36047 7.86601 
9.13212 19.0644 19.5816 18.2688 17.3398 8.68024 7.93301 
9.85341 19.6472 19.331 18.7896 15.6814 8.82288 7.87455 
8.82281 20.8625 18.2153 20.3255 15.5247 8.41577 7.83338 
8.33065 20.4075 20.9841 18.4763 15.8383 8.12712 7.83593 
10.3192 19.2147 19.6129 17.37 17.5895 8.01961 7.87401 
9.98717 18.4579 22.4502 16.8459 16.4959 7.91785 7.84505 
9.8501 18.7212 20.3862 17.4737 17.7402 7.93243 7.89604 
11.6144 19.7915 19.15 16.6734 16.92 7.93447 7.91627 
10.6421 19.8014 19.009 18.2423 16.4789 7.97667 7.84965 
10.9448 18.5919 20.7519 18.0169 15.8059 7.97606 7.91255 
10.5571 18.3759 20.6665 18.4515 15.8933 8.10426 7.95143 
9.22593 18.3985 21.338 20.4698 14.406 8.23873 7.92309 
9.2012 17.3169 22.1984 20.7055 14.2618 8.35466 7.96154 
8.50131 15.987 24.338 19.809 14.4595 9.02367 7.88148 
8.17675 18.6171 23.3699 18.3341 14.851 8.78435 7.86684 
8.45731 16.8328 24.549 20.2107 13.8575 8.27567 7.81691 
10.4378 17.2399 22.0784 21.1075 13.2469 8.0594 7.83003 
9.34512 16.1442 23.4179 22.9324 11.5992 8.76271 7.79851 
10.0014 17.3692 21.6863 22.5773 12.1488 8.34961 7.86751 
11.0263 17.5307 21.4842 21.8015 11.7154 8.53378 7.90811 
10.17 15.9958 23.2421 22.5429 11.9852 8.18846 7.87563 
10.7205 17.83 21.5731 19.7846 13.6664 8.53068 7.89465 
11.6585 16.8842 21.8405 20.6892 12.7458 8.24992 7.9319 
13.4185 15.6965 23.4203 17.7107 12.9577 8.92407 7.8722 
10.9421 16.4462 24.6731 19.0405 12.299 8.69484 7.90435 
14.1377 15.2231 24.3365 18.4092 10.9273 9.01409 7.95218 
11.0292 17.1412 23.4306 20.3432 11.1567 8.96249 7.93648 
11.3081 16.0014 25.8211 19.1137 11.4977 8.38553 7.87252 
11.654 17.0595 24.5576 19.7921 10.8077 8.19276 7.93626 
11.9421 14.8847 26.6673 19.8481 10.3199 8.41293 7.92497 
10.9576 14.0461 26.9455 22.8621 9.06831 8.24959 7.87084 
10.7099 15.5389 25.1516 24.2048 8.54876 8.01774 7.82836 
11.077 14.4452 24.5649 23.9552 9.99645 8.09606 7.86514 
11.016 11.9979 27.8723 23.7754 9.35216 8.12107 7.86515 
10.3764 11.92 28.0151 24.1245 9.67608 8.0079 7.87994 
12.6377 13.0307 25.6237 23.4259 9.50976 7.91809 7.85411 
11.5682 13.3395 26.4602 23.6552 9.21682 7.89605 7.86406 
11.3246 11.2643 28.2301 24.6654 8.66246 8.00208 7.85095 
11.4316 11.6418 25.8939 25.0731 10.1005 7.96739 7.89182 
12.05 11.2117 25.2111 25.6093 10.1715 7.89205 7.85427 
10.0465 10.8337 29.0935 24.869 9.24126 8.10152 7.81453 
9.64408 12.1704 27.106 25.5862 9.71542 7.96071 7.81722 
11.0048 11.0583 26.8594 26.0995 9.02437 8.14702 7.80646 
9.63347 9.94512 29.2417 26.2976 8.92814 8.06212 7.89183 
10.3167 10.7226 27.8708 26.1488 8.96407 8.03106 7.94592 
9.06462 10.4394 27.0865 27.6577 9.95079 7.92178 7.87921 
9.62873 10.0406 26.9041 28.4294 8.96988 8.09312 7.93409 
10.3988 8.91642 27.2183 27.5913 8.38105 9.63098 7.86315 
10.4413 10.1034 27.05 26.2957 9.56687 8.71334 7.82943 
11.6347 10.591 29.7058 22.3315 9.59393 8.29253 7.85057 
13.0207 10.239 27.706 24.0189 8.75177 8.38355 7.88009 
13.1949 9.2639 27.623 24.4426 9.58979 8.06878 7.81705 
14.6619 9.20184 26.5803 22.7052 11.1121 7.93224 7.80637 
14.3931 9.12069 27.9794 22.7933 9.93458 7.92092 7.85799 
15.9784 8.52635 26.596 23.8612 9.21658 7.92647 7.895 
15.6923 8.74497 27.0235 22.5749 10.2105 7.8848 7.86907 
14.8843 9.65108 26.7082 23.8974 9.06421 7.90135 7.89348 
14.1291 9.68876 27.0319 24.5627 8.78742 7.90204 7.89811 
13.6288 9.03432 27.9014 25.2702 8.44399 7.86163 7.85967 
12.9891 9.78825 29.9146 22.123 9.49308 7.84648 7.8455 
13.8519 10.5998 29.2216 22.0225 8.65044 7.82714 7.82665 
15.1105 9.7642 29.0453 22.3208 8.19427 7.78262 7.78237 
16.4181 8.72825 30.2417 21.0266 7.94329 7.90469 7.73734 
16.9369 9.54164 27.9907 21.3121 8.40951 7.94643 7.86275 
18.6957 9.74241 28.1999 19.3208 8.18203 7.95049 7.90865 
19.0104 8.85894 28.6705 19.4764 8.07874 7.96297 7.94205 
17.3455 8.42355 28.9802 21.2766 8.03346 7.97557 7.96511 
18.1628 8.46107 26.6714 22.8196 7.98273 7.95379 7.94856 
18.1855 10.0109 27.064 18.9243 10.0607 7.87863 7.87601 
19.0927 11.0372 27.8177 17.0812 9.15735 7.90757 7.90626 
18.6927 9.78689 28.8479 18.2967 8.54209 7.9172 7.91655 
19.9878 10.8701 27.1062 15.7081 10.5393 7.89446 7.89413 
22.1927 9.95313 26.9567 15.9866 9.1853 7.86289 7.86273 
22.1373 8.91978 28.9358 15.722 8.53587 7.87466 7.87458 
24.1677 8.4535 27.7267 15.5287 8.26154 7.93094 7.9309 
22.7872 10.0371 27.6248 14.798 8.87083 7.94101 7.94099 
23.5387 9.27725 28.7966 14.0236 8.53636 7.91372 7.91371 
25.5514 8.48478 27.6996 14.5439 8.11434 7.80301 7.80301 
25.5483 8.13647 26.6224 16.1504 7.95125 7.79559 7.79559 
24.4763 9.08343 28.8127 14.0023 7.92699 7.84916 7.84916 
25.7178 9.08717 28.5129 13.114 7.88199 7.84308 7.84308 
27.1206 8.40265 30.0283 10.9194 7.96784 7.7806 7.7806 
27.4404 8.14454 29.9984 10.8225 7.92714 7.83352 7.83352 
27.2823 7.99384 29.7051 11.457 7.88514 7.83833 7.83833 
28.0642 8.32384 29.4359 10.8567 7.78872 7.76532 7.76532 
28.5891 8.11762 29.9078 9.85873 7.85006 7.83835 7.83835 
29.7286 7.91733 30.2272 8.78789 7.78355 7.7777 7.7777 
28.0389 7.92692 32.0977 8.3622 7.86003 7.8571 7.8571 
27.2079 7.8765 30.6865 9.10863 9.43726 7.8416 7.8416 
28.788 7.92598 28.3801 10.3825 8.70636 7.90853 7.90853 
29.8261 7.82102 29.3135 9.20361 8.2112 7.81229 7.81229 
27.6891 7.85373 29.0101 11.6996 8.04882 7.84936 7.84936 
27.6541 7.89512 29.5844 11.0879 7.99266 7.89293 7.89293 
26.735 9.2888 29.1839 10.7368 8.44737 7.80403 7.80403 
28.5784 9.01187 28.8992 9.73588 8.13935 7.81768 7.81768 
28.8377 8.35209 29.1653 10.2191 7.91583 7.75499 7.75499 
29.8551 8.03511 29.8511 8.96862 7.81697 7.73656 7.73656 
27.1015 9.09002 29.998 9.84663 8.40124 7.78132 7.78132 
28.6327 8.97124 29.7531 8.85774 8.13505 7.82509 7.82509 
29.5267 8.36911 30.2487 8.31237 7.95102 7.79604 7.79604 
30.1355 8.06805 30.3347 8.03968 7.859 7.78151 7.78151 
30.0984 8.3285 29.2778 8.00757 8.53073 7.87849 7.87849 
28.7334 8.19934 30.7792 8.56519 8.12501 7.79889 7.79889 
29.9186 8.11305 30.4398 8.12875 7.90866 7.7456 7.7456 
30.2967 8.04425 29.9438 8.0521 7.94206 7.86053 7.86053 
28.7847 7.96152 29.5174 9.4806 8.51648 7.86966 7.86966 
28.9955 7.94901 30.1555 8.86728 8.2265 7.90308 7.90308 
28.2683 7.90893 31.6351 8.36807 8.04767 7.88597 7.88597 
28.3725 7.92798 31.7116 8.15754 7.99735 7.91649 7.91649 
29.1534 7.91136 29.6716 9.5064 7.94604 7.90562 7.90562 
28.7779 8.98526 27.7056 10.6704 7.9671 7.94689 7.94689 
29.0843 8.6145 29.265 9.27783 7.9262 7.9161 7.9161 
28.7836 8.17722 29.8028 9.74728 7.83307 7.82802 7.82802 
28.1623 8.02303 31.4588 8.80806 7.85096 7.84844 7.84844 
28.8848 8.6943 29.6267 8.33152 8.75932 7.85171 7.85171 
27.1246 8.57455 29.3906 10.7255 8.46129 7.86172 7.86172 
27.0571 8.61254 30.9583 9.342 8.20988 7.9101 7.9101 
26.6705 8.23376 31.6423 9.6559 8.03243 7.88254 7.88254 
28.9116 8.01096 29.6841 9.81237 7.9103 7.83535 7.83535 
28.8598 8.31012 30.2394 8.8797 7.92866 7.89119 7.89119 
28.3009 8.99377 30.281 8.31082 8.48046 7.81656 7.81656 
28.534 8.43524 31.0651 8.09376 8.17859 7.84664 7.84664 
