5 80000 300 266
14 14 14 14 14 14 14 
13.3694 15.2803 19.5796 15.4395 12.5732 11.7771 10.9809 
11.7811 16.5933 21.4978 16.9484 13.3114 9.88303 9.48494 
11.693 17.9263 20.7489 17.61 14.1866 8.89213 8.69309 
10.8216 18.0427 21.8172 18.2577 14.1828 8.42616 8.32664 
10.5745 17.2078 22.8734 18.8266 14.2703 8.11736 8.0676 
11.2732 16.5851 24.2301 19.2725 12.5342 8.04929 8.02441 
11.1128 15.3164 25.6865 20.3505 11.6242 7.95322 7.94078 
10.965 15.1101 24.7423 20.8724 12.4227 7.94295 7.93673 
11.2142 16.9453 23.4687 21.4118 11.2113 7.87392 7.87081 
11.2809 16.5105 22.6091 20.8714 13.0525 7.83767 7.83611 
10.7273 17.4364 21.9745 20.9816 13.1019 7.88906 7.88828 
9.64936 17.1706 22.892 20.0146 14.5272 7.8731 7.87271 
9.07225 16.2309 22.9751 21.7791 14.3024 7.82005 7.81985 
9.81782 16.214 22.8725 21.1008 14.1935 7.90063 7.90054 
10.2661 16.2703 22.023 22.1576 13.4743 7.9044 7.90435 
9.01652 16.873 22.5406 22.6079 13.2905 7.83569 7.83567 
9.88723 15.527 24.5955 21.3284 13.0022 7.82983 7.82982 
11.3346 14.9063 22.6988 21.5665 13.8946 7.79963 7.79962 
11.6722 14.3159 23.6043 20.4646 14.3002 7.82138 7.82138 
11.4313 14.3008 24.8974 20.2323 13.4596 7.83926 7.83926 
12.3496 15.3814 23.1366 19.5756 13.8551 7.85083 7.85083 
11.8755 16.2418 23.6823 19.1702 13.3409 7.84466 7.84466 
11.9378 16.1209 22.3412 20.2101 13.5454 7.92233 7.92233 
11.8867 15.9107 23.3687 19.4046 13.536 7.94667 7.94667 
11.685 16.9266 23.4068 17.2382 14.902 7.9207 7.9207 
12.1267 17.4797 20.993 18.5918 14.9646 7.9221 7.9221 
12.0729 17.3937 21.7946 18.1901 14.6939 7.9274 7.9274 
11.1516 17.6483 20.9996 18.9416 15.4032 7.92789 7.92789 
10.4187 15.2377 22.149 20.7273 15.6859 7.89065 7.89065 
10.7388 14.913 22.251 20.599 15.6077 7.94532 7.94532 
10.4789 13.9042 23.8992 20.6401 15.3464 7.86561 7.86561 
10.5792 14.355 24.0855 20.757 14.5907 7.8163 7.8163 
11.7164 15.2752 23.868 20.7898 12.5653 7.89272 7.89272 
11.1417 16.0139 22.6299 20.3176 14.0146 7.94121 7.94121 
10.058 16.3403 22.0842 20.928 14.6996 7.94496 7.94496 
10.8079 15.3309 22.4742 20.6399 15.0131 7.86695 7.86695 
10.279 15.0405 24.2371 20.1949 14.3816 7.93348 7.93348 
11.5531 15.5045 22.7207 19.2598 15.1751 7.89344 7.89344 
10.556 15.4729 22.8799 21.8848 13.4699 7.86829 7.86829 
11.528 15.9864 21.815 20.4424 14.3599 7.93414 7.93414 
10.4515 17.0076 21.244 19.8366 15.5934 7.93342 7.93342 
10.3477 17.7721 20.8659 19.1866 16.0894 7.86915 7.86915 
10.1861 17.3213 21.8021 19.1287 15.8687 7.84655 7.84655 
10.3494 17.5068 21.6703 19.6926 14.9856 7.89764 7.89764 
10.2472 16.3621 22.1878 20.4743 14.86 7.93433 7.93433 
9.29026 16.8715 23.5939 20.2372 14.2157 7.89573 7.89573 
10.5818 17.8025 21.9553 19.8811 13.968 7.90565 7.90565 
10.9787 17.896 21.6919 18.9353 14.656 7.92108 7.92108 
10.8559 18.3721 21.5789 19.5462 13.8725 7.88724 7.88724 
10.5876 16.6799 23.5659 21.1981 12.2188 7.87482 7.87482 
11.1434 17.2536 22.3679 20.6269 12.9339 7.83713 7.83713 
10.8281 17.2165 22.5942 20.4417 13.1336 7.89293 7.89293 
9.86698 16.7508 23.8925 21.4168 12.292 7.89048 7.89048 
9.99522 16.8939 24.4154 21.9429 10.9608 7.89586 7.89586 
12.0842 16.9771 23.4938 20.9452 10.7298 7.88494 7.88494 
11.1572 17.0563 23.5116 21.5979 10.8636 7.90666 7.90666 
10.9632 18.2718 23.1661 21.0554 10.6882 7.92769 7.92769 
10.6066 19.6359 21.833 21.2777 10.7191 7.96385 7.96385 
11.0578 18.13 24.0879 20.3575 10.4746 7.94612 7.94612 
11.8613 16.5848 24.9727 20.8648 9.85474 7.93084 7.93084 
11.5165 15.9218 24.6117 21.1953 10.9219 7.91637 7.91637 
12.311 15.3683 23.1321 21.4239 11.8712 7.94679 7.94679 
12.8386 15.7287 23.8185 19.7466 12 7.93379 7.93379 
13.6227 15.209 23.4912 19.3366 12.4972 7.9217 7.9217 
13.2671 15.1994 24.4038 19.4151 11.9448 7.8849 7.8849 
13.3903 15.5727 24.4992 18.2211 12.594 7.86137 7.86137 
13.932 15.6811 24.7496 17.2684 12.6128 7.87805 7.87805 
15.2281 15.3904 23.201 16.8963 13.4289 7.92763 7.92763 
13.8467 15.8669 24.7584 17.8664 11.9776 7.84193 7.84193 
13.7168 15.5422 23.7922 19.2593 11.9671 7.86118 7.86118 
14.6268 13.8445 25.8792 18.6692 11.2095 7.88539 7.88539 
14.686 14.563 25.0039 18.0477 12.0391 7.8301 7.8301 
14.8222 14.8992 25.6599 17.4726 11.5597 7.79316 7.79316 
15.0406 14.1254 24.6828 17.3194 13.1368 7.84754 7.84754 
15.3328 12.7445 25.2675 17.7506 13.1025 7.90104 7.90104 
14.5725 12.1734 25.3409 19.2344 12.9048 7.95605 7.81792 
12.8559 12.1626 26.5945 20.6299 12.022 7.90207 7.83301 
12.9497 11.7878 27.156 21.1845 11.1741 7.89125 7.85672 
12.9665 12.2475 27.1139 22.3326 9.73068 7.81303 7.79577 
12.0539 12.7814 27.008 22.4435 10.0284 7.84673 7.8381 
12.3111 12.5382 26.3455 23.5168 9.52239 7.88511 7.8808 
14.0943 12.1187 26.5432 22.2041 9.35729 7.84228 7.84012 
14.1704 13.7306 25.6004 20.2801 10.4321 7.89374 7.89266 
14.0653 13.9878 25.1934 19.8267 11.0565 7.93548 7.93494 
13.6711 13.9148 25.0261 20.0828 11.4604 7.92254 7.92227 
14.1802 13.1721 25.7899 19.5047 11.5212 7.91607 7.91594 
13.9866 12.8195 26.5554 19.1688 11.5961 7.93682 7.93675 
14.4219 13.2669 24.992 19.8701 11.5124 7.96841 7.96837 
13.3513 13.5048 24.0457 20.0228 13.2123 7.93157 7.93156 
13.3796 12.6183 24.453 20.6259 13.1704 7.8764 7.87639 
13.2569 11.6823 25.8086 20.1637 13.4509 7.8188 7.81879 
13.3324 12.4054 24.9155 20.2774 13.4293 7.82001 7.82001 
14.4346 13.2648 25.5933 19.1782 11.7994 7.86481 7.86481 
15.9892 12.0418 25.516 19.3844 11.3091 7.87977 7.87977 
16.1636 12.4998 24.589 19.4105 11.57 7.88355 7.88355 
15.6262 12.7588 24.4247 18.2851 13.0335 7.93586 7.93586 
16.4388 14.4203 23.762 18.3531 11.1951 7.9153 7.9153 
15.9702 12.8333 26.0148 17.8392 11.5246 7.90902 7.90902 
15.191 12.5931 25.6544 19.8019 10.9094 7.9251 7.9251 
14.6543 13.2083 25.4743 20.3421 10.4547 7.93314 7.93314 
14.7575 14.1893 25.2758 18.8398 11.2645 7.83654 7.83654 
15.4712 13.8866 25.3547 19.2465 10.401 7.82 7.82 
15.1824 13.6302 24.2275 19.6536 11.5835 7.86137 7.86137 
16.9384 12.7498 23.9832 18.1354 12.6167 7.78825 7.78825 
18.2584 11.9472 26.1482 16.4472 11.5794 7.80979 7.80979 
16.9662 11.9297 26.5537 15.9039 12.9997 7.82339 7.82339 
18.7315 11.2444 26.9415 16.4923 11.003 7.79368 7.79368 
17.9243 10.8774 26.3836 17.2552 11.9579 7.80075 7.80075 
18.1338 11.6517 25.4699 16.7637 12.192 7.89446 7.89446 
18.8495 11.1054 25.7784 17.2328 11.3755 7.82922 7.82922 
19.6587 9.79245 26.7781 16.0725 11.9743 7.86198 7.86198 
20.8565 9.73006 27.1353 15.5891 10.972 7.85848 7.85848 
21.0734 10.3489 27.7612 14.8913 10.3247 7.80021 7.80021 
21.3355 12.1271 27.0463 14.5463 9.15645 7.89419 7.89419 
20.46 11.2564 28.5083 14.5432 9.62273 7.80466 7.80466 
20.6712 12.687 26.6071 15.5069 8.78196 7.87292 7.87292 
21.3628 11.9326 27.0498 14.8531 9.07376 7.86395 7.86395 
20.6814 12.1958 26.4757 15.6233 9.29098 7.8664 7.8664 
21.055 12.4967 26.0355 15.2521 9.5562 7.80225 7.80225 
22.9114 11.2019 26.4852 14.7468 9.11247 7.77109 7.77109 
22.6358 11.5016 26.5967 14.5163 9.21462 7.76753 7.76753 
21.8366 12.379 27.4194 13.8864 8.93008 7.77426 7.77426 
20.8003 12.2367 26.8365 15.7927 8.59483 7.86943 7.86943 
20.6943 12.3275 26.3268 16.0663 8.87258 7.85628 7.85628 
23.3265 11.4735 26.2902 14.0804 9.00856 7.91044 7.91044 
23.7114 10.8572 27.9041 13.3655 8.41994 7.87088 7.87088 
25.888 9.94474 28.3069 12.1666 8.08094 7.80641 7.80641 
26.1515 9.37489 28.6189 11.4292 8.75745 7.83402 7.83402 
25.0359 9.17249 30.9207 10.698 8.36544 7.90372 7.90372 
25.6758 9.02704 30.263 11.1056 8.13009 7.89923 7.89923 
24.4233 10.0013 29.0034 12.7174 8.02846 7.91303 7.91303 
25.8772 10.4669 29.2927 10.8603 7.87275 7.81504 7.81504 
25.2862 10.4164 28.2134 11.8326 8.50955 7.87093 7.87093 
25.2711 11.5222 26.5641 12.2303 8.69163 7.86038 7.86038 
26.2307 10.4439 27.4814 11.8553 8.27331 7.85768 7.85768 
26.6374 10.5678 27.8917 11.1163 8.06747 7.85966 7.85966 
25.6563 10.9657 27.4199 11.5647 8.74153 7.82593 7.82593 
24.8219 11.2461 27.5729 11.7013 9.04366 7.80705 7.80705 
25.5613 11.1144 27.8038 10.9085 9.0016 7.80526 7.80526 
25.5567 10.6045 26.5202 12.7098 8.9172 7.84585 7.84585 
24.0366 10.1036 26.8362 13.6396 9.59105 7.89643 7.89643 
25.0053 9.59724 28.6779 12.0146 9.01631 7.84432 7.84432 
25.3691 10.4989 27.0425 12.522 8.90555 7.83096 7.83096 
25.9338 10.6123 27.7168 11.466 8.55372 7.8587 7.8587 
26.4762 10.7409 28.1441 10.5467 8.46941 7.81134 7.81134 
27.4273 9.59343 28.2613 10.5098 8.6266 7.7908 7.7908 
26.4314 9.15211 30.8554 9.26188 8.49448 8.07659 7.72815 
26.9254 9.41477 29.9438 9.63094 8.44079 7.90926 7.73504 
25.7238 10.5991 28.0292 9.59254 10.2714 7.93552 7.84841 
24.8619 11.4662 27.3479 10.9629 9.46901 7.96776 7.92421 
25.7521 10.1127 27.5426 10.9559 9.66151 8.18096 7.79422 
25.1861 9.0077 27.4491 12.9248 9.542 8.04185 7.84848 
25.2915 9.10703 27.6928 13.1291 8.89799 7.98918 7.89249 
25.4326 9.79941 27.7808 12.794 8.38342 7.92902 7.88067 
27.19 9.28567 27.9255 11.6602 8.13908 7.91188 7.8877 
27.1838 9.17245 28.7711 10.8824 8.42494 7.78869 7.7766 
28.7339 8.68717 28.5811 10.173 8.15569 7.83756 7.83152 
27.0788 8.75037 28.8668 11.1882 8.48462 7.81709 7.81407 
25.9301 8.89413 29.448 11.8623 8.17817 7.8444 7.84289 
26.1229 8.62663 28.6559 13.0519 7.95905 7.79217 7.79142 
25.8729 8.22791 29.6304 12.5758 8.07205 7.81068 7.8103 
24.0475 9.35205 27.8311 14.8593 8.16301 7.87359 7.8734 
24.8616 8.56116 29.1182 13.6797 8.13556 7.82193 7.82184 
24.4621 9.59308 27.5279 14.6523 8.13028 7.81722 7.81717 
24.3105 9.84241 27.5254 14.3598 8.19358 7.88414 7.88412 
23.9553 9.52121 28.9627 13.5799 8.09679 7.94207 7.94206 
26.3325 8.63157 28.6749 12.5964 8.08065 7.842 7.842 
26.4378 8.94541 27.4547 13.7056 7.89835 7.77903 7.77902 
24.4906 8.80797 27.3112 15.9569 7.85091 7.79125 7.79125 
24.8667 9.09654 27.4096 15.26 7.80895 7.77912 7.77912 
24.2075 9.22569 28.5435 14.2429 8.25931 7.76053 7.76053 
23.7352 10.353 27.1116 14.6743 8.51032 7.80776 7.80776 
23.1018 10.2398 25.7394 16.3561 8.84377 7.85957 7.85957 
24.2867 9.67965 26.3917 15.2535 8.66717 7.8606 7.8606 
25.3509 8.77064 26.2462 15.4884 8.42163 7.86112 7.86112 
24.9878 9.19013 26.9369 14.3508 8.86547 7.83446 7.83446 
26.7572 9.29726 27.7318 12.1911 8.35123 7.83573 7.83573 
26.3656 9.35642 27.8269 12.2644 8.55873 7.81397 7.81397 
26.5476 9.23796 27.7499 11.6353 9.15358 7.8378 7.8378 
25.6826 8.63358 29.5684 11.6571 8.95635 7.75102 7.75102 
25.6244 9.17116 28.7001 11.6538 9.33254 7.759 7.759 
25.5511 10.1588 26.2927 12.5148 9.76181 7.86039 7.86039 
26.8578 9.82625 26.9122 11.4789 9.15306 7.88589 7.88589 
26.5324 9.39588 27.9388 11.2567 9.05929 7.90846 7.90846 
25.9724 8.98837 29.481 11.2389 8.49004 7.91463 7.91463 
26.4478 8.6362 28.35 12.4242 8.2391 7.9514 7.9514 
27.1433 8.3474 29.9259 10.6077 8.33201 7.82185 7.82185 
27.4125 8.32595 30.1879 10.1481 8.14524 7.89016 7.89016 
25.4622 9.37131 29.6773 11.9193 7.94167 7.81413 7.81413 
26.3675 9.39345 29.2867 11.4791 7.86694 7.80317 7.80317 
27.1589 8.88927 29.3949 11.0191 7.97074 7.78357 7.78357 
27.0743 9.28893 28.3653 11.2189 8.31063 7.87102 7.87102 
27.2871 9.33196 27.9326 11.3907 8.37406 7.84176 7.84176 
27.7915 9.32836 28.275 10.84 8.20632 7.7794 7.7794 
27.7529 10.0928 27.1375 11.1343 8.10316 7.8897 7.8897 
26.0027 9.53143 27.5222 12.8761 8.20441 7.93156 7.93156 
27.4081 9.17249 27.6594 12.0313 8.00051 7.86409 7.86409 
29.4853 8.64875 28.0485 10.2344 7.9065 7.83829 7.83829 
29.1836 8.51692 28.9311 9.93086 7.83524 7.80113 7.80113 
29.5015 8.17412 27.8691 10.5377 8.28509 7.81623 7.81623 
28.7292 8.38814 28.4507 10.1076 8.62283 7.85077 7.85077 
26.8231 9.6758 28.0127 10.7016 8.96258 7.91209 7.91209 
27.1239 9.18572 28.7221 10.5348 8.82912 7.8022 7.8022 
27.6142 8.84123 29.5571 10.0059 8.33613 7.82267 7.82267 
27.4584 8.8614 28.2654 10.7595 8.9378 7.8587 7.8587 
27.7044 9.08909 27.7973 10.9698 8.81673 7.81134 7.81134 
27.0629 8.3907 29.4505 11.0033 8.58897 7.75182 7.75182 
26.8538 8.47166 28.3766 11.9161 8.5708 7.98775 7.82328 
25.3966 8.62977 28.7337 12.4732 8.98237 7.93327 7.85103 
24.5654 8.58704 28.9238 13.6733 8.44688 7.92233 7.88121 
26.0327 8.19977 27.7432 14.1804 8.12969 7.86742 7.84686 
25.6766 9.38835 27.8139 13.1799 8.39177 7.77986 7.76958 
24.9549 9.60215 27.7106 13.7986 8.18361 7.87766 7.87252 
25.6993 9.05639 27.8371 13.5862 8.04317 7.8902 7.88763 
24.542 8.83589 28.2262 14.4854 8.02159 7.9451 7.94381 
23.2278 9.66486 27.2304 16.1933 8.02314 7.83057 7.82993 
23.5836 9.5294 27.4031 15.3694 8.40551 7.85468 7.85436 
24.1647 9.00199 27.5998 14.8033 8.77903 7.82565 7.82548 
24.2404 9.06026 27.9337 13.7846 9.25273 7.86419 7.86411 
26.572 8.68296 27.7542 12.5402 8.61308 7.91881 7.91877 
25.145 9.7902 27.0181 13.9624 8.47321 7.80556 7.80554 
24.4991 9.63516 26.8118 14.4735 8.82376 7.87831 7.8783 
24.6207 9.45675 26.6361 13.9378 9.56652 7.89105 7.89104 
24.7253 9.32021 26.9235 13.9417 9.3751 7.85709 7.85709 
25.2025 9.34289 26.3016 14.2216 9.21927 7.85604 7.85604 
26.2855 9.75916 26.4842 13.0757 8.82016 7.78767 7.78767 
26.0347 9.58341 28.2247 12.1128 8.59127 7.72659 7.72659 
26.0241 9.01468 28.1326 12.3064 9.02536 7.74843 7.74843 
25.2498 8.70314 28.9264 12.6217 9.05814 7.72037 7.72037 
26.861 8.86546 28.3521 11.3456 8.86935 7.85324 7.85324 
26.8411 8.73737 27.9178 12.2953 8.40818 7.90013 7.90013 
27.7303 8.74579 28.1003 11.1982 8.5812 7.82212 7.82212 
27.7165 8.59587 28.4083 10.8356 8.85141 7.79619 7.79619 
27.7179 8.6839 30.169 9.45287 8.46079 7.75775 7.75775 
26.9687 8.30536 30.0235 10.824 8.19381 7.84229 7.84229 
26.0251 8.38721 28.5297 12.9039 8.4943 7.82994 7.82994 
26.2811 8.72435 28.3425 12.9244 8.13064 7.79846 7.79846 
26.1473 9.26082 28.3604 12.7122 7.95046 7.78437 7.78437 
26.205 10.691 27.3115 12.08 8.18398 7.76424 7.76424 
25.8088 9.80095 28.5073 11.9806 8.2174 7.84251 7.84251 
24.6206 9.85097 28.7751 12.2609 8.72916 7.88165 7.88165 
25.0689 9.75307 28.0082 13.027 8.3301 7.90634 7.90634 
26.4417 9.84342 27.7458 11.9771 8.13856 7.92668 7.92668 
26.3033 9.58121 29.1059 11.1857 8.01193 7.90599 7.90599 
26.8324 8.6994 29.5367 11.2932 7.91476 7.86179 7.86179 
26.7175 8.35611 29.9927 11.4158 7.96379 7.77705 7.77705 
27.1813 9.29751 29.3308 10.4861 8.07746 7.81344 7.81344 
26.6701 9.61564 27.2482 12.6934 8.01224 7.88023 7.88023 
25.5424 10.4934 28.1726 11.1962 9.02284 7.78627 7.78627 
24.581 10.9216 28.3501 11.1196 9.26602 7.88086 7.88086 
25.7953 9.3193 28.323 12.3122 8.6523 7.79895 7.79895 
24.7953 8.57531 29.3723 13.385 8.24181 7.81514 7.81514 
24.2879 8.70839 28.7106 14.4669 8.08432 7.87098 7.87098 
24.3015 8.63502 27.5402 15.1102 8.66545 7.87385 7.87385 
23.2246 8.17657 29.5419 15.2732 8.19178 7.79598 7.79598 
24.3011 8.01578 28.2151 15.7937 8.02338 7.82548 7.82548 
25.2014 7.90619 29.5313 13.8291 7.91 7.81105 7.81105 
25.3308 8.0942 27.9558 14.89 7.94273 7.89325 7.89325 
24.9682 8.4635 28.6467 13.7541 8.38777 7.88984 7.88984 
24.7324 9.43309 28.0817 13.5885 8.5563 7.80398 7.80398 
26.2027 8.64736 27.7201 12.9263 8.8379 7.83281 7.83281 
26.0522 8.42204 29.4338 12.0369 8.35338 7.85083 7.85083 
26.6462 8.15367 29.0538 11.9324 8.47776 7.86807 7.86807 
25.8649 7.92299 30.0788 12.488 8.08504 7.78019 7.78019 
25.9627 8.9615 29.7363 11.547 8.13343 7.82949 7.82949 
26.5616 8.33877 28.1398 13.3352 8.07906 7.77277 7.77277 
14 14 14 14 14 14 14 
10.9936 16.1054 18.9808 17.2236 13.3898 11.3131 10.9936 
10.3145 17.6881 20.5581 17.0754 14.898 9.5628 9.40306 
11.2976 16.7388 21.3066 17.9362 15.2184 8.66611 8.58624 
10.0129 18.9679 19.8802 19.0678 15.3399 8.32308 8.28314 
10.3414 19.5336 18.7491 18.4669 16.6029 8.13176 8.1118 
9.18532 20.1074 19.4719 19.4524 15.8441 7.95883 7.94884 
9.34325 20.1487 19.3559 19.94 15.4042 7.89865 7.89366 
8.62224 19.9509 19.8014 20.9577 14.8626 7.89994 7.89745 
8.78171 19.1519 20.8419 20.0082 15.3137 7.94997 7.94872 
8.3288 19.4805 21.2801 18.3573 16.726 7.91293 7.91231 
9.471 17.6412 21.8429 19.556 15.7923 7.84798 7.84766 
9.62187 18.2524 22.2851 19.8917 14.1461 7.90126 7.9011 
9.37883 16.5336 21.266 22.168 14.8508 7.90125 7.90117 
9.55878 16.1053 22.1532 21.6541 14.7888 7.86986 7.86982 
9.91957 15.6461 23.6934 20.9906 13.9365 7.90689 7.90687 
9.02677 17.1532 23.5692 20.902 13.5472 7.90082 7.90081 
10.5134 17.6433 21.7846 21.1177 13.0403 7.95041 7.9504 
9.28108 16.9924 23.0874 21.1686 13.7153 7.87764 7.87764 
9.07979 16.9074 23.9269 21.0983 13.166 7.91078 7.91078 
9.2082 16.3161 23.2657 21.36 14.0769 7.8866 7.8866 
9.61603 15.5566 23.924 20.5845 14.5563 7.88125 7.88125 
10.473 16.0295 21.4448 19.2824 17.0072 7.88151 7.88151 
11.1045 15.1052 21.8471 20.3991 15.8386 7.85274 7.85274 
11.2879 15.5327 22.6442 19.3018 15.4006 7.91639 7.91639 
10.9197 16.1596 21.7538 19.6029 15.7339 7.91503 7.91503 
10.8483 16.4758 22.7816 19.0747 15.1351 7.84223 7.84223 
10.7766 16.2013 24.054 19.1979 14.095 7.83756 7.83756 
11.5725 18.8901 22.4217 18.5463 12.837 7.86615 7.86615 
10.9761 17.9261 23.7425 19.6529 11.9881 7.85713 7.85713 
10.9711 17.8403 23.4901 19.487 12.5215 7.84501 7.84501 
11.7705 15.3447 23.7562 20.0787 13.3836 7.83312 7.83312 
11.6066 17.9958 20.8333 20.3627 13.4082 7.89666 7.89666 
11.514 17.3735 21.2035 19.5722 14.5721 7.88234 7.88234 
11.3263 16.1125 22.8542 18.9445 14.9593 7.90157 7.90157 
11.1222 15.1282 23.4618 19.5219 14.9238 7.92101 7.92101 
10.4305 14.8088 24.2012 20.2123 14.5878 7.87974 7.87974 
10.9415 16.0636 23.8325 18.7653 14.6961 7.85049 7.85049 
11.8879 16.0532 21.6756 19.6768 15.1021 7.80225 7.80225 
11.062 15.3757 23.4362 20.7308 13.719 7.83813 7.83813 
11.6224 14.7944 24.6623 18.9948 14.2199 7.85308 7.85308 
11.7157 14.9349 25.3965 19.9246 12.3863 7.82101 7.82101 
11.7252 14.7379 24.0503 21.1868 12.5707 7.86459 7.86459 
11.36 15.2223 23.9361 21.0646 12.699 7.859 7.859 
12.4402 15.7744 22.6824 19.2058 14.1301 7.88358 7.88358 
11.6465 15.8976 21.6771 20.9724 14.171 7.81776 7.81776 
11.0732 15.8238 22.5885 19.7362 14.9605 7.90888 7.90888 
12.212 15.7653 22.5508 19.1613 14.5483 7.88114 7.88114 
11.676 15.7842 21.7676 19.8138 15.3052 7.82658 7.82658 
11.2497 16.598 22.4132 19.554 14.3585 7.91329 7.91329 
11.6399 15.3165 23.2367 20.0527 14.0715 7.84136 7.84136 
11.6594 15.4442 23.4188 19.2721 14.5783 7.81362 7.81362 
12.6772 16.3784 22.8205 18.8092 13.7491 7.78278 7.78278 
12.866 18.2414 22.2458 18.1513 12.8798 7.80784 7.80784 
11.0009 16.8985 23.592 19.8164 12.9831 7.85454 7.85454 
11.4801 16.0828 23.6281 20.7224 12.344 7.87129 7.87129 
11.9901 13.7479 25.8086 20.8232 11.8785 7.87586 7.87586 
12.759 12.5769 25.6364 20.4912 12.7032 7.91671 7.91671 
12.9584 13.7884 25.1866 20.3772 11.8779 7.90572 7.90572 
12.4224 13.7418 25.5132 21.4289 11.2361 7.82883 7.82883 
12.2272 14.4912 25.3234 21.1423 11.233 7.79142 7.79142 
13.5928 14.8633 24.8501 20.4049 10.7412 7.77383 7.77383 
14.1944 14.1919 24.7975 19.6412 11.493 7.841 7.841 
14.1242 14.9338 24.1555 18.3341 12.7735 7.83942 7.83942 
14.4455 14.0731 26.1969 17.4572 12.2158 7.80572 7.80572 
12.4506 14.4092 24.4926 21.0611 12.006 7.79026 7.79026 
12.5939 14.3862 23.7639 21.7771 11.8296 7.82467 7.82467 
13.0009 14.5953 24.3121 20.2461 12.1997 7.82295 7.82295 
13.8688 14.0082 24.5245 19.3336 12.5472 7.85884 7.85884 
13.676 13.1839 24.6218 19.6387 13.1556 7.86201 7.86201 
14.1324 12.958 25.7061 19.501 11.8829 7.90978 7.90978 
13.6189 13.6015 24.9613 20.5767 11.3545 7.9435 7.9435 
14.0117 13.5875 25.7771 19.4296 11.4944 7.84986 7.84986 
14.5655 13.2924 25.3554 18.6008 12.3785 7.90371 7.90371 
15.0953 13.4644 25.4618 18.2492 11.8711 7.92913 7.92913 
14.6143 13.5322 24.0642 18.458 13.4022 7.96456 7.96456 
15.5407 13.802 25.5052 17.3128 12.0903 7.8745 7.8745 
16.1487 14.4686 24.7796 16.6294 12.2614 7.85617 7.85617 
16.2688 14.3176 25.1676 16.9258 11.6862 7.81697 7.81697 
16.9827 15.024 24.6624 16.1876 11.4611 7.84107 7.84107 
14.9831 13.3131 25.5909 18.7292 11.8079 7.78794 7.78794 
14.1287 13.5887 24.7423 19.2466 12.5411 7.87627 7.87627 
14.9156 13.1304 24.7679 18.301 13.0199 7.93263 7.93263 
15.446 13.222 24.662 18.9138 11.8354 7.9604 7.9604 
14.063 14.5361 25.5875 19.3993 10.6727 7.87069 7.87069 
15.0261 13.2301 25.9374 20.1332 9.94341 7.86488 7.86488 
15.2054 14.1649 25.2194 20.0381 9.53011 7.92105 7.92105 
14.6871 14.8481 24.0538 20.5095 10.0784 7.91148 7.91148 
14.8964 13.0132 26.3774 18.714 11.2326 7.88323 7.88323 
14.8093 12.4788 26.6609 19.6348 10.4774 8.10828 7.8305 
15.4103 13.2619 26.6732 18.8061 10.014 7.98673 7.84784 
14.3991 14.691 25.3584 18.8293 10.8813 7.95511 7.88567 
15.464 12.8552 26.5911 17.9546 11.2258 7.97205 7.93732 
14.4463 13.8562 24.7241 19.6916 11.3272 7.98602 7.96866 
17.1947 13.3383 24.4703 18.3928 10.6493 7.98162 7.97293 
16.8569 12.4214 25.5095 19.3734 9.89694 7.97311 7.96877 
16.2545 14.7614 26.233 17.5128 9.44122 7.8996 7.89743 
16.508 14.9091 25.6165 18.2734 8.83993 7.92707 7.92599 
16.4078 14.0699 24.6544 19.1367 9.80458 7.96354 7.96299 
17.6634 13.1911 25.9909 17.3762 10.0074 7.88567 7.8854 
18.8616 12.883 26.3188 16.7719 9.49472 7.83505 7.83492 
18.6794 12.5109 27.0322 16.623 9.51614 7.81926 7.81919 
19.0661 13.2463 25.6742 15.9103 10.3812 7.861 7.86096 
18.8685 13.2687 26.4447 16.0248 9.62097 7.8862 7.88618 
17.1723 13.3308 25.7223 17.9826 10.1676 7.81215 7.81214 
17.2119 13.2443 25.1419 17.1784 11.5166 7.85344 7.85344 
18.3074 13.0401 26.153 16.4997 10.3851 7.80732 7.80732 
17.4619 12.7134 26.5206 17.3133 10.3285 7.83115 7.83115 
17.2936 11.7084 27.4805 17.831 9.90432 7.89111 7.89111 
16.9064 12.9338 26.4246 18.5025 9.37694 7.92786 7.92786 
17.0635 13.5666 25.2969 19.6742 8.61596 7.89142 7.89142 
15.5226 12.7104 25.5664 21.0833 9.32318 7.89708 7.89708 
16.2719 11.3704 26.1571 20.2681 10.1327 7.89991 7.89991 
16.1607 11.2407 25.8872 21.0908 10.0046 7.80798 7.80798 
16.2534 11.3896 27.0461 19.68 10.1305 7.75014 7.75014 
15.5766 11.4255 26.8469 19.5821 11.0825 7.74327 7.74327 
15.0414 10.9596 25.1518 21.5195 11.8684 7.72966 7.72966 
15.1397 11.0354 25.1156 21.8708 11.1723 7.83308 7.83308 
16.6753 11.2685 26.4556 19.0824 10.698 7.91015 7.91015 
16.7792 10.829 25.8901 20.4178 10.3815 7.85118 7.85118 
19.7393 10.6292 27.0555 17.2641 9.4852 7.91332 7.91332 
20.5178 11.4875 25.8734 16.9654 9.52655 7.81468 7.81468 
20.9196 11.8999 27.0508 15.8401 8.66718 7.81125 7.81125 
21.6063 11.364 26.5827 16.3595 8.31448 7.88651 7.88651 
19.9217 11.1531 27.1212 17.2983 8.71651 7.89463 7.89463 
18.4903 11.1648 27.3841 18.208 8.91708 7.9179 7.9179 
19.6997 10.7339 26.1163 19.104 8.54945 7.89834 7.89834 
18.983 10.9397 26.5256 18.5303 9.38308 7.81914 7.81914 
20.4035 10.193 26.9436 17.2456 9.57754 7.81837 7.81837 
20.0802 10.5676 28.2134 15.9176 9.04409 8.31648 7.86055 
23.363 9.51578 27.5863 14.8554 8.75402 8.07673 7.84877 
22.7564 9.96962 26.3339 15.571 9.58874 7.94716 7.83318 
21.0916 10.8765 28.1351 14.7919 9.25297 7.95447 7.89748 
21.9304 10.8229 26.8368 15.0882 9.39571 7.97724 7.94874 
21.7369 11.36 26.4409 16.2258 8.55638 7.84714 7.83289 
21.9796 11.2356 28.0353 14.4401 8.7535 7.78159 7.77447 
20.5059 11.2629 27.0821 16.2523 9.37675 7.76176 7.7582 
19.8489 11.3554 26.8407 16.3753 10.0756 7.75294 7.75116 
19.7971 11.8879 24.4076 18.8564 9.33715 7.85736 7.85647 
20.409 11.049 25.417 17.6865 9.77368 7.83258 7.83214 
19.8712 10.3579 26.7085 17.5099 9.72017 7.91629 7.91607 
20.3858 9.68054 26.0552 19.0443 9.20092 7.81667 7.81656 
18.1866 9.54246 26.3505 21.2777 8.98918 7.82683 7.82677 
19.6438 8.74677 27.5483 19.6602 8.62303 7.88895 7.88892 
20.6985 8.91884 26.9235 19.0834 8.69463 7.84058 7.84056 
21.4037 8.88119 29.108 16.3444 8.59902 7.83185 7.83185 
23.3118 8.98605 27.6039 15.5036 8.84496 7.87487 7.87487 
22.0535 8.46856 27.2576 17.6906 8.70383 7.91297 7.91297 
22.2548 8.62024 28.1902 15.6874 9.61507 7.81613 7.81613 
21.2887 9.14883 27.3209 16.7147 9.96883 7.77904 7.77903 
20.9722 8.83671 28.4146 17.2098 8.91884 7.82394 7.82394 
22.0367 8.37405 27.8149 17.1492 8.8898 7.86767 7.86767 
21.0497 9.35944 28.641 16.8818 8.36339 7.85233 7.85233 
22.7605 9.81567 26.7072 15.9938 9.01553 7.85366 7.85366 
23.1648 9.28494 27.6634 15.9093 8.37982 7.79888 7.79888 
23.6989 9.2437 28.2489 14.5498 8.48439 7.88717 7.88717 
25.2988 9.05223 28.2067 12.9711 8.67257 7.89928 7.89928 
24.1112 9.17728 28.8874 13.6284 8.323 7.93635 7.93635 
25.5352 8.97735 28.8638 12.7703 8.07999 7.88667 7.88667 
24.8759 9.75933 28.392 12.9379 8.17105 7.93194 7.93194 
25.023 9.81164 26.9511 13.9519 8.50729 7.87753 7.87753 
24.3927 9.52628 25.5218 15.8869 8.87411 7.89916 7.89916 
23.5232 9.4557 26.3531 16.5195 8.48236 7.83308 7.83308 
23.6971 8.76011 27.6927 15.5178 8.75731 7.78751 7.78751 
23.521 8.38702 26.7383 17.1666 8.73406 7.72651 7.72651 
23.8964 8.23882 28.2559 15.5412 8.57415 7.74675 7.74675 
21.7583 8.86624 27.7355 17.4225 8.55923 7.82907 7.82907 
21.8699 9.07709 28.1093 17.0704 8.30438 7.7845 7.7845 
22.9662 9.22604 26.7109 17.2852 8.21469 7.7985 7.7985 
22.9382 9.87618 27.9065 15.4537 8.28691 7.76922 7.76922 
22.5987 9.09091 27.7406 16.1986 8.62851 7.87132 7.87132 
24.2026 8.41642 27.7413 15.5187 8.5078 7.80663 7.80663 
23.2976 9.26956 28.9013 14.5078 8.24163 7.89104 7.89104 
24.0702 8.72283 28.6016 14.6438 8.20887 7.87634 7.87634 
24.6996 8.30878 28.4455 14.7232 8.0518 7.88554 7.88554 
25.3306 8.64157 28.4856 13.4514 8.51308 7.78892 7.78892 
25.6346 8.75765 29.4305 11.6745 8.86405 7.81938 7.81938 
25.5132 8.45406 27.7247 14.3012 8.35052 7.82818 7.82818 
26.0219 8.47873 27.6378 13.103 9.10723 7.82566 7.82566 
25.8315 9.04706 26.4792 12.6412 10.4831 7.75898 7.75898 
25.8352 9.22152 26.1591 13.3676 9.93954 7.73855 7.73855 
26.3851 8.63553 26.2374 13.6497 9.61373 7.73924 7.73924 
25.7742 9.38312 25.7004 13.6876 9.87223 7.79119 7.79119 
25.3043 8.83063 28.4131 12.6385 9.07519 7.86911 7.86911 
25.6392 8.79843 28.1676 12.8128 8.92071 7.83066 7.83066 
25.8004 8.8864 28.8274 12.3359 8.62702 7.76148 7.76148 
26.5078 8.71535 28.8124 12.0224 8.26921 7.83644 7.83644 
26.799 8.87273 27.9514 12.1985 8.64965 7.76437 7.76437 
25.9823 9.23769 28.0485 12.7218 8.29834 7.8557 7.8557 
25.2492 10.264 28.2178 12.3286 8.34272 7.79882 7.79882 
24.6647 10.4832 26.4835 14.1911 8.68641 7.74556 7.74556 
24.4945 10.4781 26.4174 14.1901 8.90402 7.75792 7.75792 
24.7473 9.29748 27.9814 13.9132 8.51045 7.77506 7.77506 
24.7047 10.0541 27.5042 13.3755 8.81604 7.77267 7.77267 
25.2861 10.0744 26.055 13.9433 8.98215 7.82955 7.82955 
23.6267 9.46342 28.4373 14.3487 8.4255 7.8492 7.8492 
23.8701 9.51895 28.7577 13.38 8.82268 7.82531 7.82531 
24.6901 9.35131 29.5149 12.4723 8.3229 7.82422 7.82422 
26.3974 9.41422 29.2999 11.1381 8.08302 7.83368 7.83368 
25.9963 9.76663 29.6797 10.4798 8.5058 7.78589 7.78589 
26.2603 9.30405 28.5594 11.0326 9.13095 7.85636 7.85636 
25.3851 8.57359 28.0052 12.8692 9.46743 7.84975 7.84975 
24.4958 8.71303 29.4124 12.8281 8.83208 7.8593 7.8593 
24.9102 9.55132 27.5309 13.5569 8.79916 7.82575 7.82575 
24.2584 8.71009 28.8474 13.6637 8.82581 7.8473 7.8473 
25.3305 8.48046 28.4501 13.5975 8.3733 7.88405 7.88405 
24.1747 8.95721 30.0741 11.8931 9.09231 7.90429 7.90429 
23.6746 8.60559 29.164 13.8831 8.83187 7.9204 7.9204 
24.6169 8.93538 28.0006 14.13 8.40954 7.95381 7.95381 
23.3147 8.87021 29.2518 14.2977 8.13559 8.22219 7.90772 
23.5545 9.5798 27.0053 15.8305 8.24786 7.96961 7.81238 
23.6743 9.29151 27.1683 15.6323 8.62554 7.84333 7.76471 
21.9275 9.91684 28.042 16.2499 8.22843 7.83733 7.79802 
23.09 9.94181 26.6456 15.4339 9.0976 7.90537 7.88572 
24.4883 9.40353 27.5072 14.4545 8.44951 7.8534 7.84357 
26.0196 9.12353 27.8692 12.8395 8.30639 8.00833 7.83335 
27.4475 9.12104 27.6124 11.8909 8.10456 7.95553 7.86804 
27.7365 8.70065 27.6597 11.8372 8.19241 7.95866 7.91491 
27.3234 8.66926 28.6139 11.4003 8.08292 7.96604 7.94417 
27.2845 8.37655 28.5285 11.9876 8.08337 7.87524 7.8643 
27.323 8.4228 28.2708 12.3456 7.95048 7.84641 7.84094 
27.2828 8.19811 28.5872 11.8206 8.29418 7.90992 7.90718 
26.6259 8.75022 30.3789 10.1739 8.41065 7.83093 7.82956 
26.8912 9.0077 29.5664 10.1988 8.51843 7.90907 7.90839 
26.7469 8.35 30.0076 11.1891 8.10537 7.80069 7.80035 
25.9948 8.86756 30.376 11.258 7.93618 7.78384 7.78367 
27.749 8.78161 29.3184 10.2874 8.31592 7.77391 7.77382 
27.7181 9.11393 28.34 10.844 8.39249 7.79575 7.79571 
28.583 9.46494 27.0534 10.9435 8.18397 7.8856 7.88558 
28.3981 9.12118 27.9468 10.3307 8.4807 7.8613 7.86129 
28.3469 8.57989 28.9252 9.98849 8.58119 7.78917 7.78916 
28.5774 8.42902 29.3632 9.63001 8.2641 7.86809 7.86809 
28.0233 8.38117 29.3421 10.0619 8.60736 7.79207 7.79207 
28.9185 8.07257 29.2673 9.84462 8.34095 7.77802 7.77802 
27.754 8.80507 29.8071 9.98011 8.07221 7.79075 7.79075 
27.0692 9.61426 27.77 11.0161 8.9221 7.80417 7.80417 
26.0759 10.5827 27.7464 11.4487 8.42144 7.86248 7.86248 
27.4476 9.28441 28.2829 10.9327 8.20378 7.9243 7.9243 
27.4919 8.99003 29.7212 9.633 8.26856 7.94766 7.94765 
25.9909 10.0344 28.709 11.0847 8.36168 7.90969 7.90969 
25.9779 9.75403 29.0913 11.1564 8.39137 7.81449 7.81449 
25.9889 9.71035 28.5457 11.4115 8.52902 7.90725 7.90725 
25.4945 9.46827 27.6657 13.5927 8.13356 7.82267 7.82267 
23.8937 9.35197 28.0048 14.9174 8.04767 7.89223 7.89223 
23.6082 9.14883 27.2612 16.0849 8.01745 7.93972 7.93972 
24.7491 8.78153 28.3555 14.1913 8.21584 7.85336 7.85336 
24.4435 9.71992 28.4411 13.6787 8.02642 7.84517 7.84517 
23.8937 10.3805 26.9966 14.7258 8.27188 7.8658 7.8658 
25.7278 9.07716 28.1626 13.0166 8.37622 7.81983 7.81983 
25.1739 9.24983 29.8868 11.5235 8.44343 7.86128 7.86128 
24.7181 10.1987 26.5827 13.6306 9.13975 7.86507 7.86507 
24.2483 9.98534 26.3207 14.9586 8.8044 7.84133 7.84133 
24.0668 9.76974 27.4916 14.4857 8.38309 7.90156 7.90156 
23.3237 10.2074 26.1651 15.6299 9.03026 7.82175 7.82175 
23.5208 9.43065 26.0633 16.7893 8.68179 7.75703 7.75703 
24.3371 8.85643 26.8353 15.91 8.32863 7.86624 7.86624 
23.7559 9.66631 27.2272 15.4153 8.13257 7.90138 7.90138 
24.8287 8.93152 27.0562 15.4126 8.00071 7.88511 7.88511 
25.9658 8.5156 26.4565 15.3387 8.0502 7.83664 7.83664 
25.7129 8.55228 28.1055 13.8043 8.01283 7.90605 7.90605 
25.6082 8.80634 28.3145 13.278 8.36883 7.81208 7.81208 
25.0263 9.48254 27.1731 14.4168 8.15267 7.8743 7.8743 
24.4804 9.82324 26.5374 15.4051 8.01076 7.87157 7.87157 
24.0525 8.79511 27.67 14.8223 9.02156 7.81928 7.81928 
25.3075 8.46006 27.7412 13.9736 8.88578 7.81589 7.81589 
25.1537 9.42483 27.3446 13.4803 8.98834 7.80405 7.80405 
23.9966 9.0334 27.7155 14.4562 9.27812 7.76005 7.76005 
14 14 14 14 14 14 14 
14.4733 14.2954 21.0569 15.5409 11.4484 11.2705 10.9146 
14.6993 15.3566 23.4638 16.2282 10.6993 9.61533 9.43739 
13.5997 16.0117 25.534 16.9683 10.1674 8.84412 8.62495 
14.7998 17.0058 23.767 16.8591 10.7087 8.42206 8.31247 
13.9656 18.3514 23.4997 16.2578 11.6675 8.12517 8.07038 
12.6672 19.5005 23.3508 17.0616 11.4022 8.0069 7.9795 
13.7186 20.7672 23.1766 15.7947 10.5437 7.99861 7.98491 
13.6656 20.593 22.9757 16.667 10.2457 7.92601 7.91916 
13.4641 19.9782 21.7001 16.5563 11.6215 8.73754 7.93836 
13.2483 20.6407 21.3763 17.0501 11.5752 8.25348 7.85389 
12.4031 20.7475 22.9997 15.9371 12.069 8.02121 7.82142 
12.8598 19.2933 22.6808 16.7625 12.6928 7.90508 7.80518 
13.314 19.3085 21.7269 16.8354 12.9889 7.93805 7.8881 
13.9796 19.1508 21.3897 16.9989 12.7874 7.85918 7.83421 
12.2594 20.2372 22.337 17.323 12.1535 7.85116 7.83867 
13.0304 17.9878 21.7012 17.4993 13.946 7.92074 7.91449 
12.3563 20.2089 20.8973 16.3431 14.3328 7.93233 7.92921 
11.1666 20.7773 20.0774 16.7562 15.4031 7.91048 7.90892 
10.434 21.9558 20.6109 16.7114 14.4179 7.93534 7.93456 
10.6118 20.7147 20.9633 17.961 13.9195 7.91504 7.91465 
9.73769 19.1074 21.7317 17.2759 16.2779 7.93479 7.9346 
10.1069 18.4823 22.4134 18.0427 15.1628 7.89597 7.89587 
9.92527 18.0873 23.6426 18.6368 13.8634 7.92234 7.92229 
9.85523 18.5902 23.5158 19.4616 12.779 7.89912 7.89909 
10.1776 18.2951 23.2579 20.1058 12.2645 7.94956 7.94955 
10.8945 18.0338 22.4109 20.4794 12.4119 7.88473 7.88473 
10.8131 17.0657 22.303 21.0934 13.0352 7.84481 7.8448 
10.0338 14.3169 25.933 20.4439 13.4585 7.90698 7.90698 
10.3448 14.1257 25.125 19.2383 15.3358 7.91524 7.91524 
10.3231 14.9774 23.6178 20.5488 14.8287 7.85209 7.85209 
10.506 15.2084 23.3291 20.9632 14.3027 7.84529 7.84529 
10.902 15.0561 23.0828 21.0585 14.1225 7.88899 7.88899 
10.9926 14.7069 22.7505 21.9902 13.8623 7.84878 7.84878 
10.2582 14.8723 23.7813 22.5239 12.9462 7.8091 7.8091 
9.68606 16.2969 23.7894 21.7683 12.8022 7.8286 7.8286 
11.3541 17.4851 23.3197 19.6065 12.5436 7.8455 7.8455 
13.4601 15.9359 23.924 17.7042 13.3473 7.81426 7.81426 
13.9589 15.0764 24.4921 18.1292 12.5773 7.88303 7.88303 
13.8448 16.217 22.9974 18.2615 13.0244 7.82753 7.82753 
11.7491 17.0194 22.6373 18.2892 14.5567 7.87416 7.87416 
11.2535 16.3336 23.9103 17.3353 15.4691 7.84906 7.84906 
11.9088 15.0899 22.2116 18.5394 16.4525 7.89889 7.89889 
11.8068 14.5424 23.9557 18.6845 15.2237 7.89346 7.89346 
11.3897 14.8772 24.4467 20.3148 13.0981 7.93676 7.93676 
10.8586 15.2472 23.4324 20.6108 14.1057 7.87266 7.87266 
11.1934 16.7389 24.0486 19.1526 13.2191 7.82373 7.82373 
12.0715 14.1248 23.5351 20.7274 13.8038 7.8687 7.8687 
12.0725 14.8052 23.3161 20.4687 13.5948 7.87136 7.87136 
12.6675 14.697 24.2575 18.855 13.694 7.91446 7.91446 
12.8555 15.0211 24.7886 17.8674 13.6245 7.92142 7.92142 
12.5796 15.1022 25.3524 18.096 13.095 7.88741 7.88741 
12.607 16.2877 23.2945 19.3975 12.7303 7.84156 7.84156 
12.3882 15.9481 23.8166 19.8839 12.053 8.02131 7.88903 
12.9876 16.1262 23.4572 19.9963 11.5971 7.95087 7.88473 
12.5585 14.8016 25.3405 20.3755 11.1894 7.88379 7.85072 
11.2664 14.8177 24.8186 21.1852 12.1164 7.90609 7.88956 
11.9159 13.5607 25.6292 21.0638 12.0792 7.87975 7.87148 
11.8488 14.2516 24.7399 21.7388 11.7867 7.81918 7.81505 
13.0672 15.856 23.3488 20.5255 11.4489 7.87785 7.87578 
13.6576 16.767 24.2074 18.1783 11.3973 7.89671 7.89567 
13.6288 17.8502 23.5704 16.8225 12.232 7.94835 7.94784 
14.7931 17.8347 22.2905 16.257 12.8979 7.96354 7.96328 
13.8137 18.8104 21.7067 16.6846 13.2671 7.85877 7.85865 
13.6529 18.1353 22.0968 18.263 12.0568 7.89764 7.89758 
12.3975 18.1206 22.3297 18.1844 13.2708 7.84854 7.84851 
11.4619 16.5395 23.2147 20.1725 13.0066 7.80239 7.80237 
11.0418 15.9122 24.8198 19.5422 13.1095 7.7872 7.7872 
12.8655 14.4533 23.4268 19.7994 13.7581 7.8484 7.8484 
12.9712 15.3036 22.9955 20.1561 12.7765 7.89856 7.89856 
12.5267 13.95 24.9939 20.875 11.7867 7.93386 7.93386 
13.0342 12.0531 25.5178 21.375 12.2736 7.87318 7.87318 
13.6027 12.31 27.7321 19.6447 11.0833 7.81359 7.81359 
13.2397 11.6344 27.8387 21.0552 10.4732 7.8794 7.8794 
13.7431 11.4337 27.8919 21.0756 10.0311 7.9123 7.9123 
14.1545 11.179 27.8115 21.042 10.0576 7.87772 7.87772 
13.6167 12.2653 27.3935 20.8752 10.0697 7.88981 7.88981 
13.3001 13.1768 25.4371 21.9017 10.5597 7.81231 7.81231 
14.9381 12.9743 25.3544 18.8313 12.2092 7.84637 7.84637 
15.2685 12.3367 26.0477 17.7722 12.9291 7.82291 7.82291 
14.2625 12.2202 25.704 18.9725 13.2369 7.80194 7.80194 
14.8339 12.4615 25.9601 18.9457 12.159 7.81989 7.81989 
14.8882 12.2652 24.618 20.3924 12.2577 7.78926 7.78926 
15.0498 12.6115 24.8442 20.7596 11.0584 7.83829 7.83829 
15.8582 13.6828 24.9904 20.2159 9.49095 7.88089 7.88089 
14.4632 15.08 25.5634 19.0568 10.0012 7.91772 7.91772 
15.0029 13.5517 25.8315 19.0592 10.7191 7.9178 7.9178 
15.7081 14.0707 25.8337 19.1041 9.46287 7.91027 7.91027 
16.0173 13.7409 23.9956 20.6307 9.83348 7.89099 7.89099 
16.0732 12.7355 26.3673 19.113 9.90208 7.90444 7.90444 
16.2455 12.6364 27.3627 18.9595 9.13014 7.83282 7.83282 
16.8126 11.6658 27.9862 19.3728 8.57577 7.79341 7.79341 
16.6398 11.5215 28.5141 19.1175 8.6292 7.78892 7.78892 
15.7543 12.6121 27.5223 18.8882 9.56241 7.83032 7.83032 
16.6415 13.2026 26.8359 18.6395 9.09155 7.79447 7.79447 
16.7266 13.123 27.4759 17.1458 9.90809 7.81028 7.81028 
18.0603 12.3191 26.7683 16.4517 10.7116 7.84453 7.84453 
17.7651 13.3885 24.8299 17.7138 10.6269 7.83793 7.83793 
17.2649 13.4589 24.6208 19.4451 9.4311 7.88955 7.88955 
17.3215 12.827 26.1824 18.2592 9.5936 7.90819 7.90819 
17.6969 11.8352 27.8502 17.2621 9.46547 8.02036 7.86976 
19.3821 11.8165 26.1442 16.6367 10.2103 7.94276 7.86746 
19.9357 11.8715 27.4452 14.8933 9.9981 7.94692 7.90927 
20.4784 12.2421 27.3863 14.0532 10.1042 7.87736 7.85854 
19.6052 12.6052 26.5173 15.0958 10.5276 7.82917 7.81976 
18.6597 12.5883 25.8301 16.6907 10.4066 7.91459 7.90988 
18.0912 13.0917 24.5465 16.3514 12.152 7.88479 7.88243 
18.8282 12.4465 25.9378 16.4055 10.7344 7.82438 7.8232 
17.8478 12.0967 26.6737 17.6907 10.0359 7.82785 7.82726 
18.4694 12.5635 26.6702 16.8757 9.7149 7.85332 7.85303 
20.0655 12.81 25.0562 16.5981 9.90196 7.78423 7.78408 
20.5266 12.2692 26.7256 15.7064 9.27197 7.75014 7.75006 
19.4533 12.9882 25.0451 16.7317 10.2435 7.76915 7.76911 
19.6965 11.7811 26.4198 16.8251 9.65345 7.81207 7.81205 
18.9252 11.1213 27.2099 17.3356 9.59596 7.90603 7.90602 
19.5872 11.7912 27.1564 16.7675 9.00359 7.8471 7.84709 
19.5296 12.1662 27.4396 16.1395 8.95724 7.88394 7.88394 
18.991 11.2914 27.5591 17.296 9.24052 7.81102 7.81102 
18.7708 12.0225 25.8085 18.0683 9.69273 7.81855 7.81855 
20.0336 11.1039 26.0215 17.6761 9.63031 7.7673 7.7673 
20.3941 11.5268 24.4888 18.1148 9.8466 7.81447 7.81447 
19.7209 11.7158 25.786 17.8372 9.38759 7.77628 7.77628 
19.0668 11.5722 25.5914 18.6011 9.4557 7.85639 7.85639 
19.5017 12.7481 25.4539 17.6866 8.84177 7.88389 7.88389 
18.7131 11.5627 27.3496 17.8056 8.8234 7.87276 7.87276 
19.6691 10.7814 26.3311 18.9028 8.63045 7.84263 7.84263 
18.7454 10.1762 27.0269 19.3524 8.93569 7.88171 7.88171 
18.3941 10.4398 27.4278 19.3092 8.59628 7.91639 7.91639 
18.9415 9.85247 27.9312 18.4406 8.93073 7.95181 7.95181 
19.6504 9.71665 26.9895 18.352 9.55519 7.86812 7.86812 
21.1402 8.83386 27.2562 17.1271 9.82346 7.90959 7.90959 
23.2589 8.94865 27.6765 15.2101 9.14134 7.88229 7.88229 
23.0811 8.50658 28.3544 14.8631 9.57067 7.81211 7.81211 
23.4232 8.57428 28.2204 14.6846 9.56929 7.76408 7.76408 
24.2485 9.1544 27.6795 14.422 8.76694 7.86434 7.86434 
25.2115 9.44297 29.6116 11.5734 8.5781 7.79123 7.79123 
25.0309 9.81131 28.4285 12.0741 9.07947 7.78783 7.78783 
26.6259 9.50688 27.8646 11.7119 8.52747 7.88165 7.88165 
23.5331 11.9861 27.6115 12.3025 8.82348 7.87164 7.87164 
23.1162 11.8213 26.8426 13.3598 9.01297 7.92355 7.92355 
24.0581 10.1336 27.1037 13.4367 9.57405 7.84691 7.84691 
23.7501 11.0015 27.7952 13.2465 8.64459 7.78102 7.78102 
23.8542 10.1883 26.9184 13.9149 9.35702 7.88357 7.88357 
23.6721 10.1277 26.5465 14.6756 9.3765 7.80084 7.80084 
23.6901 9.77509 28.0149 14.0247 8.79159 7.85179 7.85179 
24.2275 8.80604 27.9573 15.0061 8.31429 7.84439 7.84439 
23.6044 9.21668 27.488 15.1117 8.97081 7.80418 7.80418 
25.6557 8.58923 26.9605 13.9253 9.10324 7.88298 7.88298 
24.9684 10.3649 26.7391 13.5122 8.54523 7.9351 7.9351 
23.7184 10.404 28.2429 12.4523 9.33591 7.92325 7.92325 
26.2823 9.52891 27.583 12.3159 8.67436 7.80778 7.80778 
24.3399 9.81177 28.4603 12.7825 8.91131 7.84711 7.84711 
24.1301 9.88928 28.0175 13.5341 8.60848 7.91026 7.91026 
25.6271 9.0296 28.2244 12.8128 8.55261 7.8767 7.8767 
24.1854 8.84693 31.2602 11.6411 8.24742 7.90947 7.90947 
24.118 9.64499 28.6048 12.4661 9.34523 7.91043 7.91043 
25.2578 9.94672 27.3459 12.7548 9.02044 7.8372 7.8372 
25.3508 9.70709 26.2469 14.3656 8.5043 7.91268 7.91268 
26.6819 10.2281 27.4557 11.5802 8.32381 7.86514 7.86514 
26.8924 9.31968 29.1484 10.9303 8.05599 7.82665 7.82665 
26.6311 9.79682 27.4167 12.3145 8.13758 7.85168 7.85168 
24.9125 9.27104 29.4878 11.4804 9.01176 7.91824 7.91824 
25.7668 8.56043 29.9316 11.201 8.77209 7.88403 7.88403 
27.0703 8.9515 28.9796 10.7908 8.36528 7.92126 7.92126 
26.2681 8.97885 28.465 11.6066 8.99631 7.84262 7.84262 
25.6723 9.5353 26.6178 12.8369 9.54402 7.89684 7.89684 
24.9624 10.5816 26.0996 13.7274 8.75872 7.93513 7.93513 
25.7498 9.82155 26.3184 13.498 8.91011 7.85106 7.85106 
25.8496 9.81584 26.925 12.7617 8.88543 7.88123 7.88123 
25.8531 8.95776 27.7927 12.7671 8.95985 7.83469 7.83469 
26.7313 8.35094 29.0479 11.9391 8.35198 7.7894 7.7894 
27.1083 8.12284 29.4362 11.5251 8.12336 7.84207 7.84207 
25.2529 8.38834 28.6604 14.0959 7.90783 7.92744 7.76719 
26.402 8.78601 29.4663 11.4697 8.20562 7.87529 7.79516 
25.701 8.71993 29.3165 12.3054 8.42973 7.7838 7.74373 
24.4982 9.33155 27.7264 14.3913 8.33418 7.86917 7.84914 
24.7491 9.43551 27.8435 14.1036 8.11446 7.88195 7.87194 
25.8594 9.41473 26.4975 14.0215 8.45117 7.88037 7.87536 
