5 80000 300 266
20 20 20 20 20 
19.621 18.965 23.1924 20.3499 17.8717 
20.5754 18.7601 24.6982 19.9483 16.018 
21.9305 17.8086 24.0634 21.7599 14.4376 
23.7121 19.0479 23.3423 20.1259 13.7718 
23.6935 17.8279 24.657 21.017 12.8046 
24.9615 18.75 24.2137 19.4224 12.6523 
21.3651 20.9452 24.8135 20.5583 12.3179 
21.4668 20.8648 25.9362 20.4752 11.257 
20.2623 21.032 25.3878 20.8372 12.4807 
18.9348 19.5453 29.0596 20.5766 11.8837 
18.02 19.6411 30.2096 19.7181 12.4112 
16.957 19.4232 28.3498 22.773 12.497 
16.7755 20.9561 29.1313 20.2293 12.9079 
16.4046 21.343 26.4855 21.929 13.8379 
15.4105 21.1978 28.9178 21.8341 12.6398 
13.9144 22.3636 29.2737 22.1371 12.3112 
14.2828 23.74 28.1252 22.6964 11.1556 
13.6349 25.0734 28.1319 21.1967 11.9631 
12.3067 26.7372 29.1017 20.2642 11.5901 
13.0417 28.808 24.1708 22.1274 11.8521 
14.5441 29.1715 24.0622 20.0172 12.2051 
13.5366 28.8549 24.3281 22.0735 11.207 
13.5598 28.2448 25.2788 22.3951 10.5215 
13.6974 27.3505 23.9258 24.6684 10.3578 
12.9201 28.6753 23.9867 23.8818 10.5361 
12.0892 27.5827 25.6799 24.4133 10.2349 
12.7432 26.9492 24.4428 25.3646 10.5002 
11.7369 25.9175 26.7191 25.4677 10.1588 
11.6001 25.5197 26.4083 25.5387 10.9331 
11.4323 23.2196 27.2272 26.3326 11.7884 
11.3236 22.9416 26.464 26.9513 12.3194 
10.9317 22.5248 26.4711 28.1286 11.9438 
12.3966 20.4208 24.3742 30.7722 12.0362 
13.5154 19.9665 24.4931 30.5746 11.4505 
12.5601 20.8474 23.2342 31.0898 12.2685 
11.2682 21.8251 24.0874 31.1031 11.7162 
10.6341 21.6626 26.9187 28.6765 12.1081 
11.2198 21.3637 25.6121 29.1531 12.6513 
10.5074 21.5019 26.4735 30.2941 11.2231 
10.23 21.6514 26.8623 29.602 11.6542 
10.0795 20.0456 27.7338 30.0492 12.0919 
10.2361 19.3761 30.0332 28.0731 12.2815 
10.6463 20.2532 27.3016 30.3756 11.4233 
11.4264 19.2815 28.909 28.9202 11.4628 
10.8769 17.9531 29.6938 30.0772 11.3989 
11.6429 18.1006 29.2021 28.9072 12.1471 
13.3457 18.6377 27.3438 28.774 11.8988 
13.1205 18.3213 28.7571 28.0123 11.7888 
13.3103 17.5356 30.6285 26.2562 12.2694 
12.021 17.7922 30.1923 26.6647 13.3298 
12.9027 16.9162 29.8831 27.994 12.304 
13.7746 15.5288 30.0931 28.7697 11.8338 
12.619 15.5693 33.827 26.2141 11.7706 
12.3922 15.8138 32.8503 28.0706 10.8731 
13.4425 16.6026 31.7633 27.8034 10.3883 
14.464 16.8315 30.4486 28.0749 10.181 
14.7841 15.5772 31.2399 27.8395 10.5593 
14.199 15.9569 31.5853 27.2861 10.9727 
15.312 16.4326 30.0439 27.7735 10.438 
15.1496 15.3222 31.6886 27.3234 10.5162 
15.7143 15.5422 31.0898 27.486 10.1676 
15.5391 14.1054 31.7174 28.433 10.2051 
13.9577 15.0972 31.824 27.9541 11.1669 
13.1451 15.9937 34.0085 26.0414 10.8113 
13.1941 17.4563 32.0043 26.9396 10.4057 
14.3579 16.3617 31.9054 27.083 10.2919 
15.0737 15.023 30.9527 28.8047 10.1459 
14.6612 18.3923 30.7613 26.1899 9.99525 
13.0558 18.6109 30.3934 27.9804 9.95946 
13.1855 17.8652 29.8706 29.2076 9.87103 
14.3143 16.0212 32.2771 27.5152 9.87223 
14.4174 16.0928 31.344 27.7302 10.4156 
15.7252 15.3266 30.9193 27.7387 10.2902 
15.5646 16.1229 31.3687 26.8744 10.0693 
15.6563 14.3607 33.0072 26.6918 10.284 
16.8578 14.5927 33.4847 24.9362 10.1285 
17.064 13.0067 33.3162 26.6742 9.93892 
18.0681 12.9466 32.5086 26.6103 9.86637 
17.2084 12.4679 31.9219 28.564 9.83782 
16.5618 12.4674 31.4782 29.2687 10.2239 
16.6371 13.22 32.0405 28.059 10.0435 
16.5431 12.4847 34.4275 26.5622 9.98258 
17.8344 11.4336 34.5635 26.2592 9.90932 
19.582 12.5035 31.4092 26.5645 9.94081 
20.6361 13.0123 31.0567 25.3949 9.89998 
20.5606 13.2447 31.4313 24.6921 10.0713 
20.7486 12.683 31.9691 24.605 9.99432 
18.6145 12.6264 32.884 25.9896 9.88543 
18.1644 12.7418 32.5849 26.5663 9.94271 
18.2565 12.3342 30.8184 28.7266 9.86432 
17.2915 13.7473 30.278 28.7948 9.88843 
17.5743 13.8677 30.1688 28.5343 9.85493 
18.2579 13.6191 29.4298 28.8911 9.80212 
18.504 13.3313 30.204 28.1684 9.79236 
18.0992 14.7085 29.3111 28.0252 9.85597 
19.3257 12.2622 30.1464 28.4298 9.83596 
15.6457 13.9659 32.3096 28.175 9.90373 
18.0568 12.0999 31.2133 28.7074 9.92263 
17.4306 12.7993 32.2733 27.5768 9.91999 
18.5106 11.5166 32.9495 27.0925 9.93076 
19.4481 10.9925 31.3508 28.2845 9.92406 
20.5229 10.3779 30.6162 28.6393 9.84368 
17.0991 11.5992 32.2597 28.4222 10.6198 
18.2269 10.7849 32.4055 28.2874 10.2953 
20.3851 11.7508 31.0871 26.7159 10.0609 
21.3844 11.3987 30.5145 26.7301 9.97232 
22.3589 12.0882 30.6739 24.8928 9.98616 
24.8737 10.9804 30.7828 23.2744 10.0886 
25.174 11.9943 30.2966 22.6128 9.92236 
23.716 11.8036 32.2451 22.2742 9.96118 
23.2823 10.9463 31.2561 24.6386 9.87673 
22.5787 10.6294 30.628 26.2255 9.93837 
21.6999 10.3 29.8301 28.2154 9.95452 
21.1178 10.9536 28.9032 29.1375 9.88797 
20.8932 10.34 30.2571 28.7025 9.80721 
20.2099 11.531 30.809 27.6648 9.78526 
22.7263 11.1053 28.1877 28.2337 9.747 
23.2749 11.5821 27.4762 27.7933 9.8735 
22.1165 12.3779 28.5585 27.0703 9.87687 
22.3678 11.6949 29.9042 26.184 9.84915 
22.2781 11.6225 28.9339 27.3777 9.7878 
24.136 11.01 28.84 26.2271 9.78686 
24.0488 10.6168 29.7555 25.7333 9.84551 
21.3367 11.3256 32.0697 25.4741 9.79381 
21.6207 11.5358 31.4317 25.5942 9.81754 
21.0588 11.9791 31.2438 25.8406 9.87772 
21.6081 10.9458 30.3449 27.206 9.89513 
22.6164 11.2981 31.0301 25.2535 9.80193 
23.6949 10.785 31.5271 24.1071 9.88586 
25.0915 10.3032 32.1326 22.619 9.85364 
24.1198 10.7072 34.5848 20.7231 9.86509 
23.5524 11.1745 34.7551 20.6601 9.85792 
24.7174 10.5872 32.9658 21.8006 9.92896 
26.1851 10.2775 32.0777 21.5112 9.9484 
27.2294 10.6447 31.2174 21.0235 9.88492 
26.5777 11.5513 31.7703 20.276 9.82461 
27.4226 11.5507 31.8426 19.4085 9.77553 
28.9352 10.7007 30.1004 20.4505 9.81314 
28.3386 11.4794 29.405 20.8704 9.90657 
27.8535 12.0555 30.8429 19.3826 9.86557 
26.9493 11.0117 31.8202 20.3022 9.91671 
26.9362 10.4738 33.2178 19.446 9.9263 
27.5256 10.189 33.0626 19.3077 9.91523 
26.5793 9.99955 31.7212 21.8374 9.86268 
27.2395 10.1722 31.2211 21.577 9.79027 
27.299 9.96031 31.0193 21.952 9.76935 
27.486 11.2695 30.4468 21.0389 9.75889 
27.7301 10.6187 29.6928 22.095 9.86337 
26.3651 11.85 29.236 22.6754 9.87354 
26.1163 11.1301 28.3404 24.5869 9.82636 
25.9776 11.9409 28.7675 23.5351 9.77895 
29.8493 11.7844 27.1744 21.4575 9.73444 
28.561 11.6916 28.6342 21.387 9.72615 
28.3216 10.8115 28.7007 22.3374 9.82883 
27.7514 11.2783 28.9477 22.2425 9.78019 
26.9963 10.6037 30.4313 22.1142 9.85463 
27.2362 10.2539 33.107 19.5235 9.87939 
26.1599 10.3109 32.7742 20.9658 9.78919 
26.5612 10.1043 32.4281 21.0631 9.8434 
27.0346 9.9065 33.0425 20.2403 9.77607 
27.5312 9.79754 33.3033 19.6357 9.73233 
28.5921 11.5234 30.6895 19.4393 9.75575 
27.1673 10.7122 31.8464 20.4457 9.82837 
26.3288 10.2581 32.0997 21.4974 9.81615 
26.6564 10.0497 32.399 21.0661 9.82871 
27.5258 9.9631 31.6316 21.0269 9.85263 
29.6359 9.90219 30.419 20.196 9.84695 
30.2941 9.88307 30.8558 19.1116 9.85545 
31.3056 9.81958 30.2145 18.8546 9.80577 
30.8909 9.83043 30.0279 19.4273 9.82352 
30.3322 11.0641 29.4152 19.4224 9.76613 
29.7115 10.532 30.1622 19.7112 9.88306 
29.8864 10.7875 30.1118 19.3648 9.84951 
30.8086 10.3617 28.1969 20.7401 9.8927 
28.9428 10.5655 30.2523 20.37 9.86943 
28.3343 10.2672 29.3006 22.1788 9.91914 
29.1022 10.4907 28.936 21.6413 9.8297 
30.0868 10.2454 30.0037 19.7492 9.91485 
30.2158 10.1227 27.2432 22.4608 9.95742 
28.2658 9.99555 28.4243 23.4015 9.91292 
28.9056 9.92202 29.553 21.7386 9.8807 
28.3951 9.92896 30.4816 21.286 9.9083 
29.2982 9.83025 28.6636 22.388 9.81992 
26.6491 10.9151 31.4087 21.194 9.83304 
26.2059 10.3728 30.4501 23.1394 9.83177 
24.5487 10.1563 30.2853 25.1239 9.88577 
24.7339 9.93251 30.5148 25.0215 9.79725 
23.7817 9.95018 29.4053 26.9802 9.88255 
22.9229 9.9573 29.4713 27.725 9.92348 
21.9878 9.91286 30.8541 27.3493 9.89595 
22.2684 9.85839 30.6231 27.4002 9.84994 
23.8859 9.79497 30.58 25.9484 9.79074 
22.0695 9.80255 32.3786 25.9489 9.80043 
23.6593 9.88466 30.475 26.0974 9.88361 
24.0172 10.2548 32.1125 23.6737 9.9418 
25.6753 10.1274 30.2229 24.0035 9.9709 
24.7269 10.9269 29.2808 25.1939 9.87144 
23.7036 10.4463 30.448 25.4836 9.91854 
24.1595 10.6077 31.3778 23.9726 9.88235 
25.7454 10.2878 29.9976 24.0442 9.9251 
25.0133 10.096 31.2927 23.6834 9.91462 
25.4318 11.0004 29.5919 24.0866 9.88929 
25.8074 10.3898 28.9916 24.9771 9.83423 
23.4479 11.1473 28.6114 26.9443 9.84909 
22.2503 10.6614 34.4812 22.7704 9.83683 
21.7665 10.2869 34.4417 23.6301 9.87468 
23.998 10.0615 31.811 24.2741 9.85537 
24.1441 11.0244 32.7825 22.2317 9.81728 
24.1033 10.5122 32.6412 22.8346 9.90864 
24.8957 10.1491 32.6815 22.4265 9.84729 
27.415 10.0087 29.0052 23.7132 9.85785 
25.5804 9.85387 33.0645 21.7228 9.77842 
25.2153 9.86706 32.1011 22.9872 9.82933 
26.66 9.83549 30.2662 23.4217 9.81663 
26.575 10.0502 31.1927 22.3069 9.8752 
29.2808 9.90725 31.0846 19.9076 9.81976 
29.0099 10.6721 28.8854 21.5374 9.89521 
29.6023 10.2062 29.2154 21.1583 9.81774 
32.1623 10.3114 29.7119 18.0444 9.76998 
34.5277 10.1719 30.5517 15.0093 9.73936 
33.2178 10.0202 32.8746 14.0836 9.80389 
32.3623 9.97583 32.8756 14.9185 9.8677 
33.2159 9.87751 31.5798 15.5034 9.82344 
31.9801 9.95493 31.0002 17.2986 9.76609 
30.4381 9.8476 32.8703 17.0909 9.75317 
30.0797 10.0322 31.4506 18.6074 9.83015 
29.3022 9.93411 31.7909 19.1397 9.83311 
30.6577 9.91755 31.572 17.9857 9.86705 
30.1055 9.94159 32.6245 17.4121 9.91634 
31.3394 9.85679 29.0158 19.9438 9.84416 
30.864 9.87539 28.9955 20.3959 9.86908 
31.9905 10.6195 29.9199 17.6655 9.80467 
33.1427 10.2777 30.6651 16.0443 9.87028 
32.7252 10.2158 31.3325 15.8683 9.85822 
31.3626 10.1079 33.3225 15.2779 9.92911 
31.2959 10.0373 32.9403 15.7785 9.94794 
29.3648 10.6234 33.8743 16.2963 9.84123 
30.5073 10.1938 31.752 17.7441 9.80277 
27.7537 10.8068 32.3883 19.2116 9.83966 
28.4464 10.867 31.0948 19.7051 9.88672 
28.1914 10.3541 32.0553 19.5351 9.86399 
28.428 10.0631 32.1515 19.5395 9.81799 
31.9189 9.94956 28.5347 19.7698 9.82703 
30.421 10.0517 29.1904 20.5003 9.83659 
27.9253 10.3523 31.0901 20.7312 9.90111 
26.3372 11.5307 31.933 20.3991 9.80005 
26.5871 10.7174 30.9825 21.8609 9.8521 
26.3581 10.8426 30.9751 21.8982 9.92605 
26.5236 10.3199 30.8592 22.4356 9.86167 
28.427 10.1149 29.9942 21.5781 9.88579 
29.0094 9.98943 29.4529 21.6734 9.87487 
27.7958 10.5327 29.7581 22.0709 9.8425 
27.6684 10.3483 28.9774 23.1666 9.83928 
25.3484 10.5369 30.1038 24.2016 9.80923 
24.579 10.2004 28.6574 26.7266 9.83659 
27.0352 10.185 26.7016 26.2447 9.83355 
28.0939 10.0077 26.4016 25.6647 9.83203 
27.4698 11.2119 27.4626 24.074 9.78179 
28.213 10.4881 28.3777 23.1481 9.77305 
28.6833 10.73 30.0196 20.8217 9.74546 
29.0381 10.4768 29.866 20.7942 9.82481 
28.2033 10.1507 29.4944 22.3269 9.82468 
27.6196 10.9385 28.428 23.2156 9.79834 
25.8677 10.4532 29.3265 24.4695 9.88309 
25.3939 10.1787 30.478 24.0559 9.89362 
22.8976 9.93883 30.958 26.4092 9.79631 
20 20 20 20 20 
18.8283 18.427 22.0385 20.9149 19.7913 
20.3012 18.9581 22.8472 19.53 18.3634 
20.076 18.0611 23.3639 22.0038 16.4951 
20.8237 18.5306 24.182 22.8591 13.6047 
21.6929 18.1563 24.1369 23.6666 12.3473 
19.3759 18.3919 26.6763 23.4019 12.154 
18.6095 18.2155 26.2793 23.7598 13.1358 
17.344 18.4215 27.7475 23.5466 12.9405 
17.0053 18.0996 26.5404 24.9955 13.3591 
14.6582 18.769 28.605 25.4567 12.5111 
12.8846 18.2081 30.4245 26.236 12.2468 
11.7995 16.6933 31.3953 27.6269 12.485 
11.9088 15.6029 30.3235 29.5731 12.5917 
11.7658 17.9988 28.7582 29.9181 11.559 
10.8603 16.5786 30.3293 30.683 11.5487 
11.2788 15.17 30.761 30.1351 12.6551 
10.5501 16.6252 28.7734 30.6926 13.3588 
10.2969 17.1554 26.9413 31.7218 13.8846 
10.1153 16.7455 26.4949 32.9691 13.6752 
11.2205 16.6285 26.9684 31.9497 13.233 
11.2518 16.832 27.5329 31.4616 12.9218 
11.8175 17.8786 26.3833 30.8009 13.1198 
11.2015 17.4979 27.4934 31.2788 12.5284 
10.5781 17.9118 28.6788 30.6847 12.1465 
10.8326 18.4124 29.6655 28.7119 12.3776 
10.3203 19.2275 29.5449 27.6822 13.2251 
11.5922 18.9584 29.0928 27.4333 12.9232 
10.7961 19.9237 27.5464 29.2722 12.4616 
10.8184 20.4707 28.1537 29.2379 11.3193 
11.0036 21.1911 26.3146 28.8381 12.6527 
11.5483 19.7816 28.041 28.6051 12.024 
11.6636 19.0254 28.5638 28.2448 12.5024 
10.8205 20.0569 29.1345 28.1814 11.8067 
11.4809 17.534 31.8962 27.8876 11.2014 
10.7058 18.9287 31.7679 26.8768 11.7208 
11.6582 19.6413 32.3663 25.4959 10.8383 
10.7703 21.1148 31.0067 25.8068 11.3015 
11.5609 18.9897 30.7052 27.5115 11.2327 
11.6291 19.3572 31.293 26.7145 11.0063 
10.8145 20.0195 30.6465 28.0163 10.5031 
11.2621 19.7287 30.1944 28.6452 10.1696 
11.617 18.5498 30.7075 28.9939 10.1317 
11.7467 19.3699 28.4179 30.4115 10.054 
11.8056 20.823 26.1944 31.0653 10.1117 
12.5307 18.7836 27.8647 30.7652 10.0559 
11.2427 16.6316 31.4663 30.6541 10.0053 
11.7659 14.5809 32.3596 31.3511 9.94241 
11.2947 15.2904 30.7681 32.4991 10.1477 
11.8517 15.4311 30.3475 31.6997 10.6699 
10.8419 16.5885 28.603 32.5165 11.4501 
10.3648 14.9234 31.2678 31.7639 11.6801 
10.7517 14.8875 32.0943 30.9809 11.2856 
10.6015 15.7573 30.8928 31.0487 11.6998 
11.6372 17.4408 31.4602 27.8515 11.6103 
10.7931 17.1388 30.2709 29.487 12.3102 
12.8356 18.9352 29.5257 27.5484 11.1551 
13.386 18.2696 27.9658 28.9331 11.4455 
13.7036 17.9972 31.3109 25.1808 11.8074 
14.0948 18.6949 30.4919 25.7914 10.9271 
13.372 18.894 29.4464 27.4541 10.8335 
12.6756 18.5616 29.3066 27.9198 11.5365 
12.9554 18.7171 29.9719 27.0726 11.283 
12.8174 18.9279 28.8615 28.6081 10.785 
11.4212 19.1131 29.3431 29.8429 10.2797 
11.7058 18.6692 28.7003 29.7896 11.1351 
12.4186 18.0467 28.3653 30.1726 10.9968 
11.1158 17.0841 30.6546 30.2732 10.8722 
13.0047 16.8163 31.403 27.6661 11.1099 
13.3602 16.2635 32.6591 27.1747 10.5425 
14.0551 15.6318 31.0795 28.0874 11.1462 
13.3912 15.3483 31.2541 28.719 11.2874 
13.3875 15.3762 29.1371 31.0262 11.073 
13.2042 14.9798 30.8446 30.0964 10.875 
13.8356 15.4848 31.1583 29.1345 10.3868 
13.524 18.3642 26.7191 29.9818 11.411 
13.9238 17.4049 27.8158 30.2429 10.6127 
12.8043 15.9035 28.9894 30.4747 11.8281 
11.7785 16.4195 29.8173 30.9632 11.0216 
12.3892 15.8348 30.0336 31.2316 10.5108 
11.9639 17.661 27.9655 31.1286 11.281 
10.9819 17.1232 30.2023 30.8082 10.8844 
12.2241 18.412 28.9415 29.9926 10.4297 
13.8548 16.9488 29.9563 29.0383 10.2017 
12.84 16.7006 31.3021 29.1721 9.98519 
14.0256 14.8292 31.5665 29.6565 9.92217 
12.8875 14.7253 34.8433 27.622 9.92192 
14.3104 14.1626 33.955 27.6777 9.89429 
14.469 14.3952 33.7328 27.5356 9.86736 
14.4147 12.8112 35.2737 27.6059 9.89452 
14.8675 11.9766 35.7427 27.5913 9.82191 
15.7671 12.203 33.4081 28.7674 9.85446 
15.9437 12.1124 33.3707 28.728 9.84526 
14.84 12.5123 33.0315 29.7486 9.86769 
14.6586 12.5564 31.5292 31.3622 9.89363 
16.1369 12.1048 31.7537 30.1798 9.82486 
14.9105 11.8419 31.9295 31.4057 9.91243 
17.3738 12.5785 30.6387 29.5615 9.84752 
17.0202 12.4674 31.986 28.5739 9.9525 
16.5838 12.1827 31.0072 30.2926 9.93375 
15.8338 12.7953 30.5874 30.7888 9.99481 
16.5148 14.3341 28.7858 30.4737 9.89159 
14.8556 14.2052 28.7624 32.2457 9.93113 
14.0591 13.4686 32.2857 30.3138 9.87273 
14.7781 13.3133 31.6399 30.3616 9.90712 
15.4815 14.3156 30.8489 29.4872 9.86686 
14.8629 13.4078 31.4128 30.4413 9.87529 
15.7648 13.3706 31.262 29.6651 9.93764 
16.1914 12.8077 30.9371 30.1387 9.92509 
16.0839 13.6524 29.9656 30.4539 9.8442 
15.8908 12.9308 31.5526 29.7619 9.86396 
16.1543 13.0326 31.7464 28.7615 10.3051 
15.7915 12.6592 31.8732 29.5236 10.1526 
17.316 12.4165 31.2989 28.9647 10.0038 
17.4224 12.9611 32.4598 27.2697 9.88696 
18.1423 12.0195 31.6491 28.3055 9.8836 
17.7921 12.4051 32.249 27.5248 10.029 
18.8358 11.323 33.4438 26.413 9.98438 
19.308 12.8044 34.0296 23.9208 9.93725 
20.4528 12.1714 34.9142 22.6113 9.85028 
20.6915 12.045 34.0269 23.3696 9.867 
19.8413 12.4023 31.7019 26.2249 9.82964 
18.7257 11.5471 31.1025 28.8357 9.78904 
16.8773 11.5539 31.3027 30.4583 9.80781 
18.2601 11.5805 31.574 28.7708 9.81462 
17.8127 12.6765 30.9067 28.7567 9.84743 
17.2397 14.6716 29.3902 28.8898 9.80877 
18.7968 12.203 30.7718 28.4567 9.77164 
18.0087 13.2012 30.0385 28.8809 9.87072 
19.1631 12.9498 28.8288 29.2024 9.85599 
20.8575 12.8547 29.5479 26.9157 9.82414 
21.2159 14.5906 28.7681 25.557 9.86834 
22.4809 12.6465 29.9359 25.1531 9.78367 
21.9547 13.1555 29.2537 25.7753 9.86078 
21.6123 11.4984 30.976 26.0623 9.85102 
20.4098 12.1516 32.2563 25.3787 9.80356 
21.7684 10.9618 32.2519 25.2301 9.78777 
23.3842 10.7024 31.9488 24.1657 9.79895 
22.6152 10.2743 30.7436 26.5444 9.82255 
21.7691 10.5218 31.3718 26.503 9.83435 
21.7669 10.2609 29.6565 28.3985 9.91718 
22.5996 10.0809 29.5147 27.8956 9.90908 
23.6051 10.0249 29.2433 27.1877 9.93897 
25.737 9.93048 27.9004 26.5447 9.88752 
25.7168 11.0024 28.5013 24.8822 9.89732 
25.9913 10.4063 30.3899 23.3588 9.85372 
26.0073 11.6359 31.1306 21.3285 9.89762 
26.2587 10.6837 30.1626 23.0804 9.81458 
25.707 12.3294 30.454 21.6334 9.87624 
27.2603 11.08 29.4643 22.3421 9.85337 
26.68 11.845 28.5151 23.0479 9.91202 
26.9764 10.7814 30.4018 22.0255 9.81495 
26.2677 10.5025 28.9389 24.4313 9.85955 
27.551 10.1592 28.1198 24.3322 9.83775 
25.855 11.1958 29.0446 24.0927 9.81184 
24.284 12.2225 29.6643 24.0337 9.79551 
24.9289 13.6522 26.9633 24.6398 9.81579 
24.5762 12.4162 28.3885 24.7423 9.87684 
24.1145 11.8967 27.9667 26.1436 9.87854 
24.9824 10.8803 29.2895 24.9766 9.87124 
23.3109 12.1615 31.6939 22.9801 9.85365 
23.5835 10.9827 33.0038 22.6012 9.82879 
24.0946 11.485 31.3284 23.288 9.80398 
24.334 10.6913 31.3639 23.76 9.8508 
24.7057 10.2992 32.555 22.5611 9.87896 
26.0042 10.9062 32.067 21.149 9.87369 
28.3748 11.3537 30.4745 19.8913 9.90579 
26.6 10.572 31.496 21.4841 9.848 
25.6778 10.4977 33.5004 20.514 9.80999 
26.4151 10.2157 32.8098 20.6875 9.87188 
26.2169 9.9668 31.9222 22.0992 9.79488 
26.6435 11.0344 31.5662 20.9222 9.83374 
25.4669 11.0377 30.2941 23.3949 9.80646 
27.6307 12.3682 27.3046 22.8276 9.86898 
27.3153 12.3507 27.9856 22.4138 9.93449 
28.7551 11.0455 29.2526 21.1095 9.83738 
26.7015 11.5087 30.8235 21.1181 9.84827 
26.6953 11.8354 30.1077 21.5388 9.82278 
25.16 11.9048 29.7788 23.3908 9.76576 
27.4891 10.8615 28.8894 22.9681 9.79197 
29.4112 10.4307 29.278 20.9841 9.89599 
31.4966 10.0661 30.3107 18.3278 9.79874 
31.6242 11.6024 32.3086 14.6384 9.82638 
33.2754 10.7644 33.8014 12.2824 9.87642 
33.039 10.7962 35.2128 11.0775 9.87452 
33.5006 10.2723 36.0026 10.413 9.81147 
33.6293 10.5502 34.7211 11.2574 9.84204 
32.903 10.1647 32.3448 14.777 9.81061 
35.2434 9.94811 30.7697 14.2677 9.77108 
33.7291 10.1754 31.9956 14.3486 9.75131 
32.6453 10.0711 32.1107 15.3138 9.85904 
31.8745 9.88504 31.7744 16.687 9.77902 
31.0607 11.1154 32.0909 15.9052 9.82778 
31.1148 11.0772 30.8182 17.2059 9.78402 
30.7601 10.7751 31.1186 17.5556 9.79066 
30.5503 11.5795 29.646 18.3753 9.84889 
28.7178 10.7078 29.9049 20.827 9.84248 
27.443 11.2729 31.6191 19.7593 9.90566 
26.415 10.59 31.2894 21.7992 9.90639 
27.3843 11.2401 30.8886 20.6557 9.83124 
28.1576 10.4943 29.9097 21.6486 9.78984 
28.709 10.8741 29.9066 20.6314 9.87884 
29.0896 10.404 28.5295 22.0707 9.90631 
28.3106 10.2653 28.9799 22.586 9.85822 
29.8103 10.2445 29.5059 20.5582 9.88119 
29.4953 10.0403 28.0317 22.5742 9.85863 
29.0789 10.7526 28.347 21.9559 9.86562 
28.3692 10.3408 28.8898 22.5028 9.89735 
29.6685 10.8156 30.7352 18.832 9.94867 
30.7506 10.3917 30.8017 18.0977 9.95826 
30.0333 11.8734 30.7103 17.5179 9.86512 
30.0332 10.8872 31.3617 17.8349 9.88306 
29.7582 10.4588 31.0304 18.9478 9.80475 
30.2017 10.2294 30.1926 19.4739 9.90238 
29.2702 10.0007 30.08 20.8119 9.83718 
28.1147 9.85928 29.4601 22.7884 9.77752 
29.4055 10.3094 29.4452 21.0461 9.79383 
28.3683 10.1386 29.5136 22.0986 9.88084 
29.675 10.284 29.7875 20.4051 9.84839 
27.4529 11.142 32.7399 18.818 9.84727 
26.5133 10.489 32.1077 21.0483 9.84167 
27.5205 11.8396 29.8575 20.9536 9.82881 
28.6783 10.8378 30.5025 20.1489 9.83244 
28.6248 11.399 30.2014 19.8751 9.89961 
28.6984 10.6118 31.7674 19.0604 9.86208 
28.9671 11.1198 31.9966 18.0019 9.91443 
28.3061 10.5087 32.2099 19.0692 9.90602 
25.4799 12.0505 33.5807 19.0815 9.80738 
26.9556 10.9272 31.9864 20.3251 9.80565 
27.6966 11.5574 31.9307 18.9125 9.90283 
29.2329 10.6282 31.5172 18.8208 9.80091 
27.7826 11.2702 31.4326 19.7552 9.75939 
28.2726 10.4846 31.937 19.5766 9.72919 
27.4592 10.1012 31.7992 20.9168 9.72353 
29.5872 9.90499 30.7863 20.0053 9.71613 
29.6803 10.2923 29.9563 20.3587 9.71244 
27.8402 10.4795 29.6448 22.1793 9.85622 
27.809 10.6319 30.3453 21.3838 9.83007 
27.323 10.5875 29.3899 22.8325 9.86711 
27.5325 10.2938 29.5337 22.7066 9.93356 
28.8347 10.1126 30.0066 21.1136 9.93253 
28.7031 10.9797 32.0764 18.3965 9.84431 
29.2796 10.3459 32.4051 18.1911 9.77827 
30.4293 10.0853 34.9745 14.7096 9.80142 
30.5372 10.0426 34.2614 15.258 9.90071 
29.7467 9.90347 34.3024 16.2149 9.83251 
28.1477 9.81899 35.7353 16.5145 9.78351 
28.8137 9.82279 33.0411 18.5174 9.80505 
26.5607 10.4499 32.059 21.1048 9.8256 
26.7355 10.2083 33.6375 19.5225 9.89619 
28.9641 9.99712 31.1918 20.0059 9.84106 
28.1743 10.0755 30.3651 21.5414 9.84361 
29.2434 10.0377 28.6201 22.177 9.9218 
29.537 10.7816 29.2253 20.58 9.87616 
31.4351 10.3031 29.5249 18.8865 9.85036 
30.7018 10.672 28.8003 20.0111 9.81477 
31.1574 10.336 31.0131 17.5862 9.90738 
33.6489 10.9575 28.489 17.0387 9.86597 
31.8404 10.9101 30.0592 17.3053 9.88506 
32.3053 10.3537 30.7391 16.7608 9.84118 
31.5747 11.1833 28.8436 18.6077 9.79072 
31.0795 11.6054 29.0266 18.4104 9.87818 
31.4348 12.4385 30.4084 15.841 9.87736 
30.9571 11.185 31.1288 16.8246 9.90443 
30.5075 11.9509 31.4604 16.2158 9.86551 
30.7766 11.2042 32.0701 16.1144 9.83472 
30.4524 10.57 32.0607 17.0316 9.88531 
20 20 20 20 20 
22.6603 19.6955 22.0994 17.7724 17.7724 
26.2321 17.6255 25.5595 14.7032 15.8797 
27.1021 16.3652 26.9755 16.0929 13.4643 
26.9971 14.2213 29.1077 17.9498 11.7241 
25.2865 14.0727 29.7437 20.0509 10.8462 
22.9187 13.6041 30.338 22.4195 10.7197 
20.56 14.725 31.1219 22.6659 10.9273 
19.1035 14.7154 29.9275 24.4551 11.7985 
17.0412 14.4252 31.8414 25.8351 10.8571 
16.1703 16.0818 31.9961 25.3344 10.4174 
16.4185 15.1355 31.2007 27.0816 10.1637 
15.8759 15.9011 29.9337 27.9853 10.3041 
14.276 16.7534 32.6899 26.1992 10.0816 
14.4048 17.2704 32.1801 26.0063 10.1384 
14.6422 17.1691 31.1885 26.3511 10.6491 
15.5159 18.0857 30.2023 24.9333 11.2628 
14.3248 16.877 32.9583 22.6049 13.2351 
14.24 15.8586 32.6892 24.3161 12.8961 
13.741 16.0343 31.7556 26.3133 12.1558 
13.6273 14.9991 30.5174 28.2468 12.6094 
13.4196 15.4722 30.4068 28.2464 12.4551 
13.2315 16.311 29.213 28.9783 12.2662 
13.1169 15.4841 29.0273 28.5553 13.8163 
13.3817 16.0195 30.2855 27.4768 12.8366 
14.1249 15.4438 31.3298 26.0885 13.013 
13.9513 16.9441 29.9982 26.3776 12.7287 
13.1841 17.4521 29.4115 27.3795 12.5728 
14.4234 15.955 29.766 28.1476 11.7081 
14.5176 14.941 31.4355 26.6309 12.475 
13.3765 15.1175 32.306 27.4331 11.7669 
12.9382 14.5299 32.4992 28.8608 11.1719 
12.7499 14.9004 30.1658 30.4402 11.7436 
12.4464 15.0693 30.5591 30.8154 11.1099 
11.1493 14.1849 31.9052 31.787 10.9737 
11.3858 14.5985 31.8121 31.1477 11.0558 
11.9874 14.3064 33.2457 29.4694 10.9911 
10.9815 14.8174 33.1679 29.9415 11.0917 
10.4305 14.3967 34.5357 29.1876 11.4494 
10.6052 14.5378 33.3229 30.1901 11.344 
11.3176 13.9105 31.3231 31.6364 11.8123 
11.0297 15.3951 29.4723 31.9307 12.1722 
12.1002 15.2585 30.224 29.2581 13.1592 
12.7718 14.233 31.6214 29.7234 11.6504 
11.6491 13.3822 31.8508 31.0271 12.0909 
12.1836 14.6711 30.5139 31.5983 11.033 
11.4401 14.6739 32.9187 30.1027 10.8647 
11.9094 18.502 31.2652 27.1872 11.1363 
10.9547 18.626 32.0076 26.9686 11.4431 
10.6541 18.909 33.6806 25.4793 11.2771 
13.3628 19.7861 28.9576 26.5151 11.3784 
13.561 19.9668 30.2036 25.2969 10.9717 
13.5662 19.6262 29.7447 25.9818 11.0811 
12.24 19.5847 29.9739 27.5848 10.6167 
12.9996 19.7432 28.6233 27.7973 10.8366 
11.3841 20.4114 26.7795 31.1223 10.3026 
10.9684 20.6329 27.4601 29.8828 11.0558 
11.8618 18.9899 29.929 27.5689 11.6504 
11.4721 18.2578 28.882 28.9907 12.3973 
11.4818 19.0311 26.7882 30.51 12.1889 
11.3253 19.1259 28.7188 27.7225 13.1074 
10.6627 18.2809 29.8722 28.6049 12.5794 
11.0711 18.5792 27.4361 31.2667 11.6468 
11.1187 20.0837 28.4823 29.5291 10.7862 
11.0184 19.9674 29.2536 29.4048 10.3559 
10.5873 17.7962 32.3351 28.7649 10.5165 
10.4995 17.978 31.785 29.1524 10.5851 
10.4311 16.761 32.2137 29.9907 10.6034 
11.743 15.8218 32.9476 29.2251 10.2626 
11.427 15.1948 32.8936 29.6743 10.8103 
11.369 15.0524 32.6421 30.0042 10.9321 
12.4845 14.7262 32.3211 29.8021 10.6661 
12.2834 17.6459 29.9138 29.4255 10.7315 
11.3526 17.1356 30.8378 30.3455 10.3285 
11.9921 17.1204 30.682 30.0412 10.1643 
12.0013 16.9153 29.4402 30.8169 10.8263 
12.1848 16.7471 31.4306 29.2243 10.4131 
12.31 15.1093 32.4252 30.0266 10.1288 
11.3137 17.343 31.0274 29.4313 10.8845 
11.5315 16.3739 31.5711 30.1204 10.4031 
11.8828 17.3625 31.2111 29.4219 10.1218 
13.0259 17.6731 30.1832 29.0161 10.1018 
12.7284 16.8476 29.8706 29.5633 10.9901 
15.7049 14.8798 31.2815 27.6937 10.4401 
16.9054 15.1001 31.1003 26.7995 10.0947 
17.3716 13.0906 31.0907 28.3998 10.0474 
17.1816 14.2055 29.4729 29.2417 9.89833 
17.6186 12.5194 30.7087 29.2042 9.94916 
16.4518 14.5499 31.4165 27.685 9.89686 
16.1905 14.2071 30.7525 29.0342 9.81569 
15.87 14.2081 31.0599 28.9943 9.86763 
16.2453 13.8908 31.5964 28.3476 9.91996 
15.9004 13.612 33.2982 27.2293 9.95998 
14.8608 14.3941 33.8578 27.0293 9.85804 
15.7886 12.5702 34.2423 27.5445 9.85439 
17.1084 12.3827 33.5168 27.1869 9.80525 
18.904 11.7307 33.668 25.8383 9.85889 
18.7512 13.2777 32.8718 25.1833 9.91597 
17.6339 12.1944 32.5019 27.7568 9.91294 
16.7715 11.9211 34.7169 26.6625 9.92806 
18.444 11.2084 34.2681 26.1592 9.9203 
16.9143 11.2255 35.4772 26.5412 9.84181 
17.2215 10.4978 34.2616 28.2131 9.80596 
19.59 11.332 31.9676 27.3113 9.79912 
18.1801 10.6349 32.9093 28.4072 9.86851 
19.3206 10.2166 32.4489 28.1805 9.83339 
20.0051 9.99336 30.3049 29.8949 9.80175 
18.411 9.95163 30.9182 30.8634 9.85583 
18.5349 10.5152 33.5349 27.5308 9.88418 
18.906 10.2275 32.7313 28.2232 9.91197 
19.2231 11.0045 32.8886 27.0427 9.84104 
18.633 11.6185 32.9581 26.977 9.81349 
18.0588 12.5577 31.5097 28.059 9.81472 
20.0759 11.5114 31.3072 27.2563 9.84922 
19.3575 11.5249 32.3696 26.9417 9.80627 
19.9466 10.6732 32.5538 27.0125 9.81385 
20.4318 10.2077 33.7554 25.8272 9.77798 
20.8984 9.99997 32.1596 27.1569 9.78513 
19.6916 9.99998 32.2919 28.1239 9.89257 
19.9077 11.0371 33.3286 25.8267 9.89984 
21.5154 11.2243 32.7304 24.625 9.90488 
18.485 11.9758 33.0319 26.5549 9.95244 
18.5518 10.9428 33.9333 26.6408 9.93117 
20.0005 10.8337 31.4594 27.8132 9.89312 
20.693 10.3867 31.6936 27.3102 9.91644 
19.3334 11.2391 30.8795 28.6878 9.86018 
19.9273 10.5056 33.5179 26.2331 9.81608 
20.0554 11.0632 32.2024 26.878 9.80101 
20.3171 10.8371 33.7861 25.1754 9.88443 
19.2791 10.3045 34.8083 25.7799 9.82821 
20.3971 10.1523 35.4345 24.1021 9.9141 
22.3899 10.0144 33.6123 24.0881 9.89532 
23.695 11.1084 33.0264 22.3119 9.85838 
23.5194 10.4438 32.2861 23.932 9.81878 
24.6776 10.0851 31.9485 23.5161 9.77261 
24.0735 9.97453 33.3212 22.8125 9.81828 
22.1883 9.98727 33.3273 24.5881 9.90914 
21.9222 9.92994 33.2241 25.0329 9.89088 
21.8855 9.86693 32.8586 25.5417 9.8474 
21.2822 11.4149 31.2441 26.1968 9.86197 
22.3573 10.658 29.6485 27.4548 9.88148 
22.7298 10.6095 29.5107 27.2588 9.89124 
23.5799 10.5165 29.2505 26.8216 9.83161 
25.3837 10.8832 29.9377 23.8795 9.91581 
21.4167 10.3074 30.2373 28.2149 9.82367 
20.2828 10.0169 30.6202 29.305 9.77506 
19.6652 9.92909 31.5006 29.097 9.80816 
21.0313 9.85414 31.5232 27.7977 9.79367 
20.9194 9.89601 32.5318 26.787 9.86578 
21.2213 9.91489 31.1665 27.7975 9.89978 
22.1491 10.5664 30.4871 26.8795 9.91784 
22.5877 10.2174 30.0462 27.2555 9.89313 
23.2125 10.0506 30.4301 26.4185 9.88843 
24.563 10.0087 29.5008 25.9999 9.9276 
25.1847 10.4882 28.4601 25.9032 9.9638 
26.1706 10.1962 29.246 24.4532 9.93398 
24.6952 10.0517 30.5673 24.7653 9.92055 
24.9262 9.90004 32.2648 23.0745 9.83449 
24.836 10.0348 31.0476 24.2491 9.8325 
27.1616 10.1456 29.9469 22.8617 9.8842 
27.1292 10.0728 30.6186 22.2373 9.9421 
24.3138 10.411 32.4103 23.0079 9.85704 
27.1876 10.1135 30.6223 22.2402 9.8365 
27.1251 10.8323 30.1626 22.0112 9.86874 
26.1888 10.2983 29.2227 24.4736 9.81653 
26.2343 10.4393 29.9697 23.4996 9.85707 
27.6153 10.0523 30.7841 21.787 9.76125 
28.1694 9.99071 30.8176 21.1772 9.84516 
28.0022 9.97817 29.4981 22.6161 9.9054 
29.1209 9.92921 27.1742 23.8829 9.89282 
28.6229 10.6938 26.7816 24.0942 9.80752 
28.4723 10.242 29.2999 22.187 9.79887 
27.6666 12.5644 28.404 21.4495 9.91561 
28.0473 11.1317 28.7505 22.2632 9.80731 
27.9967 11.4581 29.5268 21.2326 9.78581 
28.0553 10.7113 28.2865 23.0718 9.87511 
27.477 11.6847 28.7002 22.2954 9.84262 
27.9052 10.8424 28.3501 22.981 9.92131 
27.3284 11.4721 28.984 22.3185 9.89696 
27.3434 10.6103 29.1146 23.109 9.82269 
27.7743 10.2731 28.4996 23.5737 9.8793 
27.4145 10.1023 29.6608 22.917 9.9054 
28.5902 9.90065 28.5428 23.1642 9.8022 
29.02 9.96651 28.349 22.909 9.75547 
27.6096 9.9648 30.4107 22.1556 9.85928 
29.3892 10.5019 30.3027 20.0064 9.79977 
29.6297 10.1211 32.1968 18.2824 9.77002 
28.8276 10.793 30.7481 19.81 9.82131 
31.4277 10.2576 31.3463 17.1967 9.77177 
31.6648 10.4969 32.3909 15.6535 9.79386 
29.8261 10.1227 31.7615 18.5186 9.77114 
27.9267 10.0271 32.6616 19.5333 9.85133 
29.3626 10.1466 29.4487 21.1735 9.86863 
28.3031 10.0413 29.3077 22.4457 9.90226 
27.0853 11.3298 29.6381 22.1061 9.84072 
26.2878 10.5669 30.6687 22.6544 9.82232 
26.706 11.0024 30.5304 21.9481 9.81312 
26.8981 10.3507 31.1515 21.8436 9.75606 
27.853 10.6389 30.1453 21.5178 9.84492 
25.8387 10.1784 30.5899 23.6116 9.78139 
24.7923 10.1059 29.509 25.8526 9.74019 
25.5449 9.89725 29.6334 25.21 9.71439 
27.0342 10.3178 31.4274 21.4976 9.72297 
29.1887 10.0096 32.3182 18.7712 9.71223 
31.4548 9.84977 34.5699 14.4244 9.70108 
32.3352 9.87188 34.4228 13.5726 9.79753 
32.4137 9.82553 33.9306 14.0418 9.78836 
31.9445 9.8308 33.6866 14.7258 9.81221 
30.5354 9.76977 32.2155 17.7189 9.76047 
30.5771 9.77088 32.883 17.0028 9.76623 
29.754 9.75965 32.7937 17.9353 9.75733 
29.4603 10.008 32.4225 18.2625 9.84661 
28.6563 9.86979 31.8153 19.8695 9.78908 
26.7559 11.2933 32.2371 19.9059 9.80783 
26.6776 10.5288 30.9334 22.0741 9.78607 
26.5495 11.9534 30.8513 20.9033 9.74253 
27.0205 10.9595 30.2023 21.9637 9.85409 
28.2721 11.194 29.3869 21.2993 9.84768 
28.9201 10.5804 27.6502 22.942 9.90723 
28.8313 10.2303 28.0467 22.9979 9.89373 
27.5386 10.0986 27.4785 24.9541 9.93026 
28.945 11.4391 28.4357 21.263 9.9172 
30.4797 10.5756 31.1243 18.0056 9.81472 
29.6907 12.2242 30.7356 17.5288 9.82065 
29.9273 11.0302 29.958 19.2562 9.82836 
28.3896 11.0706 31.337 19.3503 9.85245 
29.4046 11.1297 25.4587 24.1857 9.82133 
26.3972 12.6835 25.9497 25.1437 9.82592 
26.0961 11.2887 29.936 22.8192 9.85996 
27.4062 10.8809 29.6639 22.2204 9.82863 
28.0123 10.3746 28.1543 23.6102 9.84852 
26.4211 10.7996 29.2132 23.7099 9.85623 
27.8232 10.3294 29.7475 22.2423 9.85769 
26.4116 10.2322 32.1035 21.4252 9.8275 
26.687 10.0649 32.7753 20.6102 9.86255 
25.4794 9.88683 34.0252 20.8229 9.78565 
26.2671 9.90917 32.766 21.1991 9.85858 
25.7198 9.95459 33.452 20.9444 9.92929 
26.5265 9.97729 32.726 20.8055 9.96464 
26.054 9.97203 31.6454 22.3629 9.96571 
27.4532 9.90405 29.7571 22.9847 9.90089 
27.4521 9.85399 30.4014 22.4401 9.8524 
25.6933 10.1729 31.922 22.3676 9.84424 
23.6714 10.0693 31.9404 24.414 9.90494 
22.362 9.96884 32.582 25.2004 9.88668 
23.5539 9.89968 30.0198 26.668 9.85859 
22.7967 10.3775 29.4836 27.4787 9.86351 
22.3472 10.1157 29.8878 27.7905 9.85876 
23.466 10.2074 29.3957 27.0182 9.91277 
22.6163 10.151 30.6285 26.7583 9.84597 
21.5869 9.95355 30.9937 27.6649 9.80104 
19.8699 10.3908 30.465 29.4375 9.83682 
20.1738 10.1442 31.2735 28.5413 9.86722 
20.902 9.93103 30.527 28.8474 9.79254 
21.5425 9.89509 30.7565 27.9801 9.82585 
23.1896 10.0129 29.7573 27.2253 9.81489 
23.2615 10.0065 29.712 27.1127 9.90744 
21.9986 10.8561 31.244 26.0981 9.80322 
23.3431 10.428 30.4657 25.8616 9.90161 
21.7034 11.4242 29.7233 27.262 9.88711 
20.3111 10.6108 29.7265 29.5094 9.8422 
22.0053 10.2187 30.1812 27.7605 9.8344 
23.0428 10.4605 29.3046 27.4254 9.7667 
23.3059 10.1124 28.6254 28.1908 9.7655 
22.0426 10.738 31.8452 25.6214 9.75288 
22.8907 10.2652 32.2431 24.8285 9.77258 
23.1641 10.2888 31.9028 24.758 9.88629 
20 20 20 20 20 
23.4921 18.4656 20.8466 18.7302 18.4656 
25.2307 17.377 20.7704 19.0447 17.5773 
26.2946 16.1009 22.1103 19.1584 16.3358 
27.3288 15.668 24.1832 18.4933 14.3267 
28.9705 14.142 26.6556 18.152 12.0799 
25.7658 15.5059 24.9132 20.1533 13.6619 
24.901 18.2972 24.5881 19.1469 13.0668 
21.3394 18.5425 28.7587 19.5735 11.7859 
21.5828 17.6232 29.8582 18.25 12.6858 
20.7685 19.018 27.0851 20.2488 12.8796 
17.96 21.3055 27.3953 21.7045 11.6346 
17.0823 18.5419 28.9429 23.1124 12.3205 
15.8259 20.0877 29.5928 21.49 13.0035 
14.7562 20.3088 28.0415 23.6589 13.2347 
15.3508 20.1772 27.3465 24.244 12.8816 
13.5996 20.5151 27.7728 26.4585 11.6541 
12.8639 22.6145 27.8452 25.9295 10.7469 
13.0913 20.5867 27.2414 27.5936 11.487 
13.4901 17.8788 29.0053 28.113 11.5127 
13.9698 17.7697 29.0669 27.3593 11.8343 
12.894 19.2258 29.4198 26.7478 11.7126 
12.8397 21.1426 29.0935 24.3328 12.5915 
11.7729 19.9107 29.8087 24.6949 13.8128 
11.1246 18.8839 31.8091 25.2046 12.9778 
11.8265 19.4647 29.3442 27.2948 12.0698 
10.824 19.4422 30.2971 26.5938 12.8429 
11.8523 18.7375 28.2633 28.1681 12.9788 
12.4682 20.1164 27.3326 28.2196 11.8633 
12.7817 21.2487 26.2853 28.7526 10.9316 
11.3143 22.8782 26.2718 28.3807 11.1551 
12.0674 21.3458 26.306 27.4771 12.8037 
12.1538 20.2572 28.7419 26.3251 12.5219 
13.1674 20.8866 28.1852 25.2653 12.4957 
13.6623 20.5556 29.1488 25.1045 11.5287 
13.0959 20.6797 28.6406 26.3821 11.2017 
14.3127 18.5751 29.8497 25.8969 11.3656 
13.6312 16.6017 30.3925 27.217 12.1576 
12.6508 17.683 29.0406 28.5971 12.0285 
12.0126 18.7941 26.8426 29.3459 13.0048 
12.5484 17.1073 29.7764 27.9907 12.5771 
13.2218 17.2097 30.2641 26.5238 12.7806 
13.1013 18.8212 31.2378 24.4398 12.3999 
12.8469 18.4229 30.9275 26.4174 11.3851 
12.8188 19.0952 29.6498 25.9994 12.4368 
12.6739 18.7123 29.4421 26.1088 13.0629 
13.4256 18.3435 29.5312 24.9531 13.7467 
14.5213 17.8619 28.9973 26.8342 11.7852 
13.8579 18.306 30.0079 26.9588 10.8694 
12.2047 19.9443 28.9128 27.8679 11.0702 
12.3969 17.9294 29.7771 29.3734 10.5232 
11.6415 19.0913 29.4455 29.4968 10.3249 
11.8509 18.214 31.18 28.6931 10.062 
12.1148 18.8157 30.0318 27.5747 11.463 
12.9983 17.7626 28.255 29.8542 11.13 
13.4403 17.8225 26.7157 31.5153 10.5062 
13.0016 19.5896 26.9257 30.2049 10.2782 
14.1344 18.8279 27.585 29.3518 10.1009 
13.4554 20.5933 26.2004 29.4179 10.333 
13.4274 20.8426 24.2664 30.3417 11.1218 
12.6239 18.6955 23.8353 33.4924 11.3529 
12.0411 20.2853 24.4177 32.1108 11.1452 
11.2057 21.7476 24.5545 31.364 11.1282 
12.9558 20.9228 25.6351 29.0399 11.4464 
11.4162 20.9552 26.7682 30.0755 10.7849 
11.4295 19.806 28.6826 29.7144 10.3676 
11.9142 19.2022 28.8966 29.5472 10.4399 
11.9982 18.8556 28.5871 30.1978 10.3613 
11.7734 17.3018 29.7791 30.9781 10.1675 
11.9473 19.6358 29.6623 28.7467 10.008 
11.8049 18.7509 30.4639 29.0135 9.96678 
12.2367 18.2703 30.8654 28.6577 9.96992 
12.1943 18.5022 30.1162 29.2656 9.92167 
12.6189 17.5631 30.2755 29.5944 9.94805 
13.2466 17.1585 30.321 29.0642 10.2096 
14.2959 16.7634 31.273 27.5756 10.092 
15.148 16.3817 31.9222 26.2164 10.3317 
15.346 17.7763 30.8575 25.932 10.0881 
15.8524 17.0676 31.2599 25.8948 9.92534 
16.5801 15.2646 31.0146 27.2331 9.90772 
15.3342 16.8864 29.1813 28.6718 9.92624 
14.904 15.6801 30.2485 29.2043 9.96312 
13.7183 15.4118 30.529 30.0069 10.334 
15.0783 16.1991 29.3741 29.113 10.2355 
17.9501 15.3598 27.0158 29.625 10.0493 
17.0531 15.7579 28.4104 26.9295 11.8491 
16.6309 14.8844 30.8261 26.7889 10.8696 
17.2488 14.2422 30.7464 27.2611 10.5015 
15.9351 12.8652 31.8223 29.1658 10.2116 
16.5977 13.6929 31.6646 27.1856 10.8592 
15.6435 13.6261 30.6628 29.6945 10.3731 
15.6546 12.5572 32.6943 28.9465 10.1474 
16.9565 13.7224 32.4988 26.8328 9.98943 
17.3863 11.8899 34.4965 25.9164 10.3108 
18.9671 12.2463 34.2346 24.0541 10.4979 
16.6061 13.673 33.3566 26.1296 10.2347 
18.9967 14.929 26.7939 29.1053 10.1751 
19.8335 14.3081 29.0394 26.7035 10.1155 
20.8363 14.9127 29.0312 24.2713 10.9486 
20.1675 16.2307 27.8861 25.3668 10.3489 
20.354 15.0072 30.2944 24.1699 10.1745 
20.8913 14.9322 28.2901 25.7992 10.0872 
21.1699 14.987 29.4654 23.9024 10.4754 
23.5587 15.0737 27.8522 23.3215 10.194 
21.3947 14.9544 30.1349 23.4739 10.042 
20.307 14.0838 32.635 22.9982 9.97597 
19.728 14.4887 30.1473 25.7848 9.85121 
19.1763 14.5509 32.4089 24.0672 9.79666 
19.1189 12.2608 33.6531 25.0835 9.88367 
19.4449 12.1476 33.8753 24.7194 9.81289 
20.2109 11.2462 33.1733 25.5781 9.7915 
19.4461 13.3154 30.4603 26.9374 9.84081 
20.5862 11.7172 32.3432 25.5223 9.83112 
20.4626 12.0733 32.697 24.908 9.85906 
19.2947 11.0215 33.8712 25.8981 9.91443 
19.6167 11.339 33.3466 25.5257 10.1719 
19.749 10.5656 34.0324 25.6709 9.98211 
19.2676 12.2192 33.2012 25.4077 9.90435 
19.2374 12.0547 31.5396 27.338 9.83022 
18.7633 12.9595 31.5515 26.9433 9.78237 
20.1924 13.4054 30.6406 25.9717 9.78983 
21.2881 12.8074 31.454 24.6137 9.83678 
21.3348 11.3379 31.1875 26.2871 9.8526 
24.0308 11.2245 28.807 26.0565 9.88125 
23.3641 10.5465 30.5219 25.6927 9.87484 
21.8107 12.0256 31.1774 25.065 9.92134 
21.0641 10.9335 32.2553 25.8658 9.88131 
19.304 11.6071 31.7709 27.4066 9.91141 
20.5415 10.7115 31.5296 27.3536 9.86368 
21.5467 13.2193 28.5245 26.8816 9.82798 
20.8363 12.4272 28.2559 28.6923 9.78821 
20.8157 13.706 29.1127 26.5786 9.78707 
21.3556 12.2451 30.5694 26.0344 9.7955 
22.1929 13.0923 30.1332 24.6839 9.89775 
20.6602 11.4119 32.0129 26.1003 9.81465 
21.3893 12.4038 31.7385 24.5766 9.89175 
20.947 11.0915 31.6421 26.4839 9.83546 
19.8109 10.9674 32.9897 26.3444 9.88761 
21.3474 10.9696 32.0121 25.8681 9.80274 
19.6951 11.4481 32.5198 26.5426 9.79434 
21.5739 10.61 34.0124 24.0205 9.78316 
20.0963 10.26 35.6248 24.1724 9.84654 
21.0005 10.0506 36.3838 22.7211 9.8439 
23.4479 10.535 34.7208 21.4157 9.88063 
24.1002 10.218 31.5518 24.2392 9.89081 
25.424 10.2762 31.1255 23.3658 9.80863 
25.9339 10.1533 32.2801 21.8653 9.76754 
25.6213 10.6322 30.8005 23.124 9.82204 
25.5623 10.853 30.3331 23.4747 9.77679 
25.9887 10.3007 31.5188 22.4292 9.76261 
26.5328 11.6119 32.8363 19.2146 9.80438 
27.2347 10.7266 29.9102 22.3057 9.82283 
28.518 10.8269 29.6902 21.0866 9.8783 
27.7647 10.5858 30.3623 21.4629 9.82421 
28.4335 10.2465 30.0419 21.4125 9.86566 
28.3646 10.1072 29.1688 22.4426 9.91675 
29.5319 10.9806 27.1984 22.4675 9.8216 
30.2022 10.3561 27.8609 21.8042 9.77657 
27.4647 10.8144 29.385 22.5385 9.79738 
26.1897 10.356 28.0031 25.6037 9.84749 
24.937 11.3184 29.791 24.0592 9.89451 
27.0013 10.5035 30.1204 22.5832 9.79154 
27.3443 11.1149 30.3697 21.3893 9.78177 
29.2654 10.4727 31.2865 19.1692 9.80614 
28.2413 10.1293 32.9215 18.9118 9.79603 
29.218 9.93479 32.2075 18.8715 9.76815 
26.2054 10.3891 32.3688 21.1827 9.85395 
27.3639 10.1774 29.2428 23.3061 9.90979 
27.5978 10.4285 27.081 25.0835 9.80927 
26.4203 10.0686 27.6182 26.134 9.759 
26.5098 9.91646 28.6239 25.1882 9.76166 
24.6969 9.9739 30.1427 25.4468 9.73976 
25.9131 9.87654 28.1628 26.2881 9.75947 
26.8862 9.92361 28.011 25.3141 9.86507 
29.0363 9.87706 29.2598 21.9791 9.84779 
27.8732 9.98739 31.0794 21.2501 9.80989 
30.256 9.85481 30.123 20.0001 9.76606 
32.0246 10.0998 31.9581 16.0345 9.88303 
33.1329 9.91372 34.0724 13.0756 9.80533 
34.5877 9.90386 34.174 11.4848 9.84966 
33.8018 10.6662 32.96 12.7265 9.84546 
34.1647 10.2191 32.7667 13.0408 9.80873 
34.5596 10.1247 30.821 14.7271 9.76758 
33.1374 9.91674 31.2681 15.9396 9.73816 
32.7499 11.2691 29.3881 16.8695 9.72345 
31.875 11.1345 27.1941 19.9347 9.86172 
30.735 11.9536 26.8369 20.5593 9.91529 
31.2538 10.8263 27.7997 20.3131 9.80714 
32.5819 10.7765 31.2009 15.6929 9.74786 
