5 20000 100 200
16 16 16 16 16 16 
16.8235 14.6176 21.9706 19.7647 12.4118 12.4118 
18.6527 18.4534 17.913 19.5209 12.23 12.23 
19.0666 18.967 15.45 20.7994 12.6085 12.6085 
19.2392 18.8952 16.5485 20.6938 12.1866 12.1866 
17.5143 18.9871 14.8532 23.1759 12.6722 12.6722 
18.6987 19.1427 16.4909 21.2371 12.1841 12.1841 
20.2189 18.8881 16.9411 19.3142 12.3032 12.3032 
18.5334 19.4984 19.8836 18.8962 11.5864 11.5864 
17.9087 19.0085 20.4356 18.7074 11.966 11.966 
18.076 19.3015 17.9881 19.151 12.7398 12.7398 
18.9739 19.5867 17.9684 17.9088 12.7801 12.7801 
19.3084 19.6148 18.2104 18.1806 12.3425 12.3425 
18.4777 18.9577 17.6019 19.5478 12.7072 12.7072 
17.3639 18.2289 18.176 21.0239 12.6036 12.6036 
19.037 17.9902 17.9637 20.5711 12.219 12.219 
19.5795 16.9219 17.8233 21.2612 12.207 12.207 
18.4703 18.5304 16.8978 20.0056 13.048 13.048 
17.1822 18.5367 16.3959 21.5922 13.1465 13.1465 
17.8934 19.1521 17.5003 20.6798 12.3872 12.3872 
17.3842 18.6385 18.7501 20.3399 12.4436 12.4436 
17.4759 19.1166 18.1589 19.2916 12.9786 12.9786 
17.5815 20.1025 17.2427 18.4893 13.292 13.292 
20.3039 18.9328 15.8582 18.4552 13.2249 13.2249 
19.0691 18.0651 17.8017 19.1002 12.9819 12.9819 
18.6809 17.2643 20.1813 18.6964 12.5885 12.5885 
18.6262 18.6321 17.5907 18.2768 13.4371 13.4371 
18.7091 17.7053 18.5269 18.1988 13.43 13.43 
16.4974 20.7574 18.4471 17.2627 13.5177 13.5177 
17.4686 20.6624 18.4434 15.7235 13.8511 13.8511 
18.4745 19.0974 18.962 16.628 13.419 13.419 
18.2977 18.9447 18.2058 17.71 13.4209 13.4209 
17.5404 19.2626 16.7952 18.9948 13.7035 13.7035 
17.2118 20.0209 16.1898 19.887 13.3452 13.3452 
18.1129 17.7569 17.602 19.0984 13.7149 13.7149 
18.1806 17.6376 16.8302 19.0383 14.1567 14.1567 
19.0903 17.0947 16.3461 19.5191 13.9749 13.9749 
18.9607 17.9629 17.264 18.8505 13.481 13.481 
17.2268 17.4322 20.6038 17.1717 13.7827 13.7827 
17.86 17.2777 19.8909 17.49 13.7407 13.7407 
18.2403 19.3285 17.1869 17.7105 13.7669 13.7669 
17.4024 18.56 18.1026 19.8982 13.0184 13.0184 
18.1215 18.7003 17.747 17.9201 13.7556 13.7556 
19.1279 19.4173 16.5916 17.6849 13.5892 13.5892 
19.8476 18.2193 17.8703 16.2893 13.8868 13.8868 
20.7081 17.9332 17.4319 16.9682 13.4793 13.4793 
21.3541 18.2999 16.3826 17.1507 13.4063 13.4063 
19.0712 19.004 17.3154 16.6046 14.0024 14.0024 
17.5509 18.6623 16.2913 18.2259 14.6348 14.6348 
17.6407 18.9056 15.9471 18.6874 14.4096 14.4096 
17.4024 18.0349 16.5556 18.6721 14.6675 14.6675 
18.1215 17.7131 17.3358 17.6694 14.5801 14.5801 
18.9199 18.7157 16.4144 17.2854 14.3323 14.3323 
17.9215 17.4348 16.6687 18.2581 14.8585 14.8585 
18.2631 16.4693 17.6367 17.2686 15.1812 15.1812 
17.4049 16.508 17.8111 18.7062 14.7848 14.7848 
17.8241 17.3756 19.0407 17.4612 14.1492 14.1492 
16.8666 17.7787 19.3688 16.6852 14.6503 14.6503 
17.3222 18.1486 17.8326 17.2315 14.7326 14.7326 
17.2325 17.6457 18.202 17.9014 14.5091 14.5091 
16.4521 18.1512 17.6831 18.2791 14.7173 14.7173 
16.6876 17.5372 16.9185 18.7549 15.0509 15.0509 
17.3282 16.5811 17.053 18.3618 15.338 15.338 
16.9974 17.8143 16.463 17.5143 15.6055 15.6055 
17.0258 18.5971 15.9834 17.2843 15.5547 15.5547 
16.7096 17.4953 16.5983 17.2487 15.9741 15.9741 
18.1293 17.0183 16.9458 16.895 15.5058 15.5058 
18.367 17.4239 17 16.1994 15.5049 15.5049 
17.1835 17.1119 18.1 16.0997 15.7524 15.7524 
17.1283 17.0926 17.5866 16.1799 16.0063 16.0063 
16.7123 17.8055 17.3118 17.3492 15.4106 15.4106 
16.5529 17.0995 16.8526 17.691 15.902 15.902 
16.6098 16.8831 16.7596 17.1788 16.2843 16.2843 
16.6382 16.7749 16.7132 16.9228 16.4755 16.4755 
16.9805 17.4426 16.2306 17.1228 16.1118 16.1118 
16.6934 17.7057 16.3184 17.5458 15.8684 15.8684 
16.1592 18.2278 16.753 17.3666 15.7467 15.7467 
16.0796 17.5139 17.5765 17.0833 15.8733 15.8733 
17.5095 17.8479 17.1216 16.4962 15.5124 15.5124 
18.8946 18.3645 16.9524 16.2901 14.7492 14.7492 
17.3838 18.3092 16.8095 16.8752 15.3111 15.3111 
17.0252 17.4879 16.7381 16.7709 15.9889 15.9889 
17.174 17.4054 17.4242 16.2595 15.8685 15.8685 
16.5235 17.8297 17.4422 16.4631 15.8707 15.8707 
16.5295 17.1826 17.7762 16.893 15.8094 15.8094 
16.3293 17.8655 17.3559 16.511 15.9692 15.9692 
16.2947 17.4693 17.621 16.3856 16.1147 16.1147 
16.8775 17.4648 17.1438 16.5261 15.9939 15.9939 
16.8357 17.8927 18.1139 15.8966 15.6305 15.6305 
16.9544 17.8894 17.187 16.0784 15.9453 15.9453 
16.2897 17.1478 18.3591 16.633 15.7852 15.7852 
16.0814 17.3041 18.7034 16.253 15.8291 15.8291 
16.8868 17.4982 17.8132 16.588 15.6069 15.6069 
16.6401 17.7655 17.1033 16.4907 16.0001 16.0001 
16.4502 17.4193 17.4948 16.3754 16.1302 16.1302 
16.6928 17.1774 17.6183 16.2522 16.1296 16.1296 
16.4765 17.1253 17.7523 16.2562 16.1949 16.1949 
16.435 16.7594 17.0729 17.1445 16.2942 16.2942 
16.6852 16.8474 17.4074 16.6368 16.2116 16.2116 
16.6759 16.757 17.037 16.6517 16.4391 16.4391 
16.6713 16.7119 16.8518 16.6592 16.5529 16.5529 
16.669 16.6893 16.7593 16.6629 16.6098 16.6098 
16.599 16.6091 16.6441 17.0092 16.5694 16.5694 
18.2231 17.0832 16.719 16.1382 15.9183 15.9183 
17.3083 17.1481 16.9661 16.2658 16.1559 16.1559 
16.9875 16.9074 16.8164 16.4662 16.4113 16.4113 
17.4368 16.5838 16.9448 16.3632 16.3357 16.3357 
17.325 16.8984 16.6691 16.3783 16.3646 16.3646 
16.7926 16.9858 16.8711 16.7257 16.3124 16.3124 
16.593 17.0995 17.0421 16.5596 16.3529 16.3529 
16.561 16.8142 17.1987 16.5443 16.4409 16.4409 
16.4772 17.0137 17.2059 16.4689 16.4172 16.4172 
16.5719 16.8402 16.9363 16.5678 16.5419 16.5419 
16.6193 16.7534 16.8015 16.6172 16.6043 16.6043 
16.643 16.71 16.7341 16.6419 16.6355 16.6355 
16.6548 16.6884 16.7004 16.6543 16.6511 16.6511 
17.4544 17.0743 16.2867 16.6605 16.262 16.262 
17.0605 16.8705 16.4767 16.6636 16.4644 16.4644 
16.5948 16.903 17.1093 16.7995 16.2967 16.2967 
16.5619 16.716 16.8191 17.0775 16.4128 16.4128 
17.1519 16.8257 16.8773 16.6032 16.2709 16.2709 
16.9093 16.7462 16.772 16.635 16.4688 16.4688 
16.6514 16.5698 17.4024 16.5142 16.4311 16.4311 
16.5224 16.8915 17.3077 16.4538 16.4123 16.4123 
16.5945 16.7791 16.9872 16.5602 16.5395 16.5395 
16.6306 16.7229 16.8269 16.6135 16.6031 16.6031 
16.6486 16.6948 16.7468 16.6401 16.6349 16.6349 
16.6577 16.6807 16.7067 16.6534 16.6508 16.6508 
16.6622 16.6737 16.6867 16.66 16.6587 16.6587 
16.6644 16.6702 16.6767 16.6633 16.6627 16.6627 
16.6655 16.6684 16.6717 16.665 16.6647 16.6647 
16.4629 16.8708 16.8724 16.8691 16.4624 16.4624 
16.5648 16.7687 16.7695 16.7679 16.5645 16.5645 
16.6157 16.7177 16.7181 16.7173 16.6156 16.6156 
16.9144 16.9654 16.5558 16.5554 16.5045 16.5045 
16.7905 16.816 16.6112 16.611 16.5856 16.5856 
16.592 16.6047 16.9122 16.9121 16.4895 16.4895 
16.6293 16.6357 16.7894 16.7894 16.5781 16.5781 
16.648 16.6512 16.728 16.728 16.6224 16.6224 
16.8606 16.4557 17.3071 16.4941 16.4413 16.4413 
16.7636 16.5612 16.9869 16.5804 16.554 16.554 
16.7151 16.6139 16.8268 16.6235 16.6103 16.6103 
16.6909 16.6403 16.7467 16.6451 16.6385 16.6385 
16.6099 16.5846 17.051 16.587 16.5837 16.5837 
16.5694 16.97 16.79 16.558 16.5563 16.5563 
16.618 16.8183 16.7283 16.6123 16.6115 16.6115 
17.18 16.8769 16.8319 16.3707 16.3703 16.3703 
16.8545 16.7029 17.0936 16.4498 16.4496 16.4496 
16.7606 16.6848 16.8802 16.5582 16.5581 16.5581 
16.7136 16.6757 16.7734 16.6125 16.6124 16.6124 
16.6901 16.6712 16.72 16.6396 16.6395 16.6395 
16.6095 16.6001 16.6245 16.9975 16.5842 16.5842 
16.5692 16.5645 16.9899 16.7632 16.5566 16.5566 
16.6179 16.6156 16.8283 16.7149 16.6116 16.6116 
16.6423 16.6411 16.7475 16.6908 16.6391 16.6391 
16.6545 16.6539 16.7071 16.6787 16.6529 16.6529 
16.5917 16.5914 17.0312 16.6038 16.5909 16.5909 
16.4926 16.9023 16.7123 16.9085 16.4922 16.4922 
16.5108 17.1288 16.6206 16.7187 16.5106 16.5106 
16.5198 16.8289 16.988 16.6238 16.5197 16.5197 
16.5244 16.6789 17.1717 16.5764 16.5243 16.5243 
16.5955 16.6728 16.9192 16.6215 16.5955 16.5955 
16.5622 16.6009 16.7241 16.9884 16.5622 16.5622 
16.4112 16.837 16.8986 17.0308 16.4112 16.4112 
16.5389 16.7518 16.7826 16.8487 16.5389 16.5389 
16.4662 16.5726 17.4077 16.6211 16.4662 16.4662 
16.5664 16.6197 17.0372 16.6439 16.5664 16.5664 
16.6165 16.6432 16.8519 16.6553 16.6165 16.6165 
16.6416 16.6549 16.7593 16.661 16.6416 16.6416 
16.6541 16.6608 16.713 16.6638 16.6541 16.6541 
16.6604 16.6637 16.6898 16.6652 16.6604 16.6604 
16.6635 16.6652 16.6782 16.666 16.6635 16.6635 
16.6651 16.6659 16.6725 16.6663 16.6651 16.6651 
16.6659 16.6663 16.6696 16.6665 16.6659 16.6659 
16.6663 16.6665 16.6681 16.6666 16.6663 16.6663 
16.4632 16.4633 17.2771 16.8699 16.4632 16.4632 
16.5649 16.565 16.9719 16.7683 16.5649 16.5649 
16.6158 16.6158 16.8193 16.7175 16.6158 16.6158 
16.6412 16.6412 16.743 16.6921 16.6412 16.6412 
16.654 16.654 16.7048 16.6794 16.654 16.654 
16.5914 16.5914 17.0301 16.6041 16.5914 16.5914 
16.4924 16.9023 16.7118 16.9086 16.4924 16.4924 
16.5796 16.7845 16.6892 16.7876 16.5796 16.5796 
16.4199 16.5223 17.2877 16.9304 16.4199 16.4199 
16.4067 16.8677 16.8406 17.0718 16.4067 16.4067 
16.5367 16.7672 16.7536 16.8692 16.5367 16.5367 
16.6017 16.7169 16.7101 16.7679 16.6017 16.6017 
16.6342 16.6918 16.6884 16.7173 16.6342 16.6342 
16.6504 16.6792 16.6775 16.692 16.6504 16.6504 
16.6585 16.6729 16.6721 16.6793 16.6585 16.6585 
16.6626 16.6698 16.6694 16.673 16.6626 16.6626 
16.5958 17.0126 16.5992 16.601 16.5958 16.5958 
16.6312 16.8396 16.6329 16.6338 16.6312 16.6312 
16.6489 16.7531 16.6498 16.6502 16.6489 16.6489 
16.5889 16.641 17.0026 16.5896 16.5889 16.5889 
16.6278 16.6539 16.8346 16.6281 16.6278 16.6278 
16.6472 16.6603 16.7506 16.6474 16.6472 16.6472 
16.657 16.6635 16.7087 16.657 16.657 16.657 
16.6618 16.6651 16.6877 16.6618 16.6618 16.6618 
16.5954 17.0102 16.6083 16.5954 16.5954 16.5954 
16 16 16 16 16 16 
22.4737 13.9211 18.5263 17.8684 12.6053 12.6053 
19.2615 16.5284 19.4483 18.8108 12.4755 12.4755 
19.4522 18.0856 18.9504 18.6316 12.1901 12.1901 
18.4509 19.7811 17.8644 18.0406 12.8065 12.8065 
19.1057 19.4714 17.9143 18.6011 12.3913 12.3913 
16.5951 21.0033 17.4078 18.4555 13.2379 13.2379 
17.6382 19.8423 19.1435 19.1179 12.1134 12.1134 
15.5305 20.3238 19.9744 18.6193 12.7681 12.7681 
15.9285 19.3456 20.1913 18.1532 13.1868 13.1868 
17.0247 19.4043 18.1493 18.8081 13.3048 13.3048 
16.8457 19.7022 16.7413 20.0707 13.3191 13.3191 
18.9324 18.7683 17.9248 18.3156 13.029 13.029 
18.5571 18.4751 17.354 18.5984 13.5075 13.5075 
19.6011 18.2698 15.7738 19.9443 13.2054 13.2054 
20.1779 17.6255 16.3775 20.0351 12.892 12.892 
19.0485 18.0613 18.5934 19.8441 12.2263 12.2263 
19.9894 17.7516 18.0176 20.3872 11.9271 11.9271 
18.7044 19.5209 17.7185 19.2258 12.4152 12.4152 
19.5931 19.0978 16.9918 19.8539 12.2317 12.2317 
19.7325 19.8053 16.8292 18.5808 12.5261 12.5261 
20.2957 19.7186 16.3901 18.7996 12.398 12.398 
20.3963 18.2444 19.0646 17.4743 12.4102 12.4102 
20.1379 18.1583 19.4721 17.7733 12.2292 12.2292 
19.9416 17.9964 18.0163 19.0777 12.484 12.484 
18.3624 18.4387 17.0501 19.6787 13.235 13.235 
18.7702 17.781 16.7442 19.7709 13.4668 13.4668 
18.3255 16.8375 17.9748 20.1503 13.3559 13.3559 
17.7834 17.7291 16.5736 20.7648 13.5745 13.5745 
17.7353 18.0482 16.7902 20.2464 13.59 13.59 
17.4203 17.9057 18.9214 19.0048 13.3739 13.3739 
17.3432 18.3054 18.0938 18.4952 13.8812 13.8812 
18.8067 18.2743 16.4793 19.0449 13.6974 13.6974 
16.7026 17.5313 17.7287 19.7414 14.148 14.148 
18.0735 17.099 17.5449 19.2457 14.0184 14.0184 
19.1817 16.8828 16.3812 19.0431 14.2556 14.2556 
19.2923 16.6504 16.7727 18.1037 14.5905 14.5905 
19.5726 17.1487 16.8422 17.1401 14.6482 14.6482 
19.2754 17.3335 17.1802 16.9642 14.6234 14.6234 
18.3333 17.7247 17.6481 17.1777 14.5581 14.5581 
16.859 18.4777 16.901 17.8196 14.9713 14.9713 
19.0962 17.5722 17.7838 17.2432 14.1523 14.1523 
19.0551 16.8847 18.7511 17.0723 14.1184 14.1184 
19.6022 16.6513 17.9576 16.7451 14.5219 14.5219 
19.1996 16.9723 18.3773 15.8913 14.7797 14.7797 
18.6224 16.7568 17.4593 17.3442 14.9087 14.9087 
17.3264 17.157 17.5083 17.8324 15.0879 15.0879 
17.1998 17.1151 17.2907 17.0463 15.674 15.674 
17.127 17.8599 17.1725 16.6627 15.589 15.589 
16.9605 17.3269 16.9832 17.8733 15.4281 15.4281 
19.0642 17.0576 16.1558 17.6958 15.0133 15.0133 
18.1787 17.1754 17.4764 17.1186 15.0254 15.0254 
17.36 17.2343 17.7608 17.5818 15.0315 15.0315 
16.8831 17.9922 17.4741 16.994 15.3283 15.3283 
17.2877 17.8422 16.814 17.3432 15.3564 15.3564 
17.9722 17.8763 15.8697 17.9999 15.1409 15.1409 
17.9789 17.5713 15.8485 19.0719 14.7647 14.7647 
18.1806 17.6092 17.1154 17.6242 14.7353 14.7353 
17.9792 18.4342 17.0762 16.9602 14.7751 14.7751 
17.7017 17.9292 17.629 16.8135 14.9633 14.9633 
17.7656 17.1041 17.7292 16.9339 15.2336 15.2336 
17.1473 16.8165 17.1291 17.1446 15.8813 15.8813 
16.5889 16.4235 18.1065 17.7326 15.5742 15.5742 
16.5622 16.4795 18.1084 17.5277 15.6611 15.6611 
17.5834 16.3793 16.8061 18.0662 15.5825 15.5825 
17.3983 16.3864 17.0096 17.2298 15.988 15.988 
16.9636 16.4576 17.1825 16.8794 16.2584 16.2584 
17.0184 16.3589 17.1278 16.9763 16.2593 16.2593 
17.1157 16.786 16.7606 16.6849 16.3264 16.3264 
17.7182 17.1716 17.1589 16.3577 15.7968 15.7968 
17.1236 16.8503 16.8439 16.8565 16.1629 16.1629 
17.1683 17.0317 16.6187 16.625 16.2781 16.2781 
16.7809 17.1224 16.9159 16.5092 16.3358 16.3358 
16.6549 16.8257 16.7224 16.9323 16.4324 16.4324 
17.0576 16.7462 16.6945 17.1963 16.1527 16.1527 
16.2807 16.5126 17.262 18.2881 15.8283 15.8283 
16.2705 17.1994 17.1676 17.2741 16.0442 16.0442 
16.4686 16.933 16.9171 16.9704 16.3554 16.3554 
16.5676 16.7998 16.7919 16.8185 16.5111 16.5111 
16.6171 16.7333 16.7293 16.7426 16.5889 16.5889 
16.9151 16.5634 16.9712 16.568 16.4912 16.4912 
18.1591 17.2369 17.0677 16.1198 15.7083 15.7083 
17.2762 17.6348 16.7306 16.2566 16.0509 16.0509 
17.4381 17.2174 17.1653 16.1283 16.0254 16.0254 
17.1191 17.4087 16.9826 16.4642 16.0127 16.0127 
16.6896 17.2409 17.4344 16.3622 16.1364 16.1364 
16.4093 17.4914 17.1849 16.6488 16.1327 16.1327 
16.4014 17.7621 16.7892 16.5211 16.2631 16.2631 
16.4652 17.1455 17.0723 16.525 16.396 16.396 
16.2971 17.4437 17.4071 16.327 16.2625 16.2625 
17.2755 17.452 16.6401 16.4968 16.0678 16.0678 
16.7678 17.2626 16.8566 16.785 16.164 16.164 
16.7839 17.0313 16.8283 17.1925 16.082 16.082 
16.5887 17.1222 17.0207 16.793 16.2377 16.2377 
16.6277 16.8944 16.8437 16.7298 16.4522 16.4522 
16.6472 16.7806 16.7552 16.6982 16.5594 16.5594 
16.6569 16.7236 16.7109 16.6825 16.613 16.613 
16.6618 16.6951 16.6888 16.6746 16.6399 16.6399 
16.6642 16.6809 16.6777 16.6706 16.6533 16.6533 
16.6654 16.6738 16.6722 16.6686 16.66 16.66 
16.5972 16.6014 16.6006 17.012 16.5944 16.5944 
16.6319 16.634 16.6336 16.8393 16.6306 16.6306 
16.6493 16.6503 16.6501 16.753 16.6486 16.6486 
16.5891 16.5896 16.5895 17.0542 16.5888 16.5888 
17.4946 16.6948 16.2948 16.9271 16.2944 16.2944 
16.944 16.954 16.7539 16.6603 16.3439 16.3439 
16.8053 16.8103 16.7103 16.6635 16.5053 16.5053 
16.6671 16.6696 16.6196 17.0094 16.5171 16.5171 
16.9401 16.5315 16.9164 16.7014 16.4553 16.4553 
16.8034 16.5991 16.7915 16.684 16.561 16.561 
16.735 16.6329 16.7291 16.6754 16.6138 16.6138 
16.7008 16.6498 16.6979 16.671 16.6402 16.6402 
16.6838 16.6582 16.6823 16.6688 16.6535 16.6535 
16.6063 16.5936 16.6056 17.0121 16.5912 16.5912 
16.5676 16.9745 16.5673 16.7705 16.5601 16.5601 
16.7516 16.955 16.7514 16.853 16.3445 16.3445 
16.6402 16.742 17.0534 16.691 16.4367 16.4367 
16.6535 16.7043 16.86 16.6788 16.5517 16.5517 
16.9333 16.5489 17.0366 16.5361 16.4726 16.4726 
16.8 16.6078 16.8516 16.6014 16.5696 16.5696 
16.5967 16.5006 17.4422 16.4974 16.4815 16.4815 
16.5628 16.5148 17.3988 16.5132 16.5052 16.5052 
16.6147 16.5907 17.0327 16.5899 16.5859 16.5859 
16.6407 16.6287 16.8497 16.6283 16.6263 16.6263 
16.6537 16.6477 16.7582 16.6475 16.6465 16.6465 
16.6602 16.6572 16.7124 16.6571 16.6566 16.6566 
16.6634 16.6619 16.6895 16.6619 16.6616 16.6616 
16.5284 16.9375 16.9513 16.5277 16.5275 16.5275 
16.5975 16.8021 16.809 16.5972 16.5971 16.5971 
16.6321 16.7344 16.7378 16.6319 16.6319 16.6319 
16.6494 16.7005 16.7022 16.6493 16.6493 16.6493 
16.8613 16.8868 16.4812 16.8612 16.4547 16.4547 
17.8056 17.0372 16.4437 16.6337 16.0399 16.0399 
17.5094 16.7153 16.8284 16.5136 16.2167 16.2167 
17.088 16.691 16.7475 16.5901 16.4417 16.4417 
16.8773 16.6788 16.7071 16.6284 16.5542 16.5542 
16.8387 17.1394 16.7536 16.7142 16.2771 16.2771 
16.6838 16.8342 16.6412 17.0348 16.403 16.403 
17.0196 16.6815 16.5851 16.7819 16.466 16.466 
16.7065 17.3572 16.4893 16.5876 16.4297 16.4297 
16.6866 17.0119 16.578 16.6272 16.5482 16.5482 
16.6078 16.7704 16.9667 16.578 16.5386 16.5386 
16.6372 16.7185 16.8167 16.6224 16.6026 16.6026 
16.5831 16.6237 17.086 16.5756 16.5658 16.5658 
16.6249 16.6452 16.8763 16.6212 16.6162 16.6162 
16.6458 16.6559 16.7715 16.6439 16.6414 16.6414 
16.6562 16.6613 16.7191 16.6553 16.6541 16.6541 
16.4582 16.4607 17.7091 16.4577 16.4571 16.4571 
16.5624 16.5637 17.1879 16.5622 16.5619 16.5619 
16.6145 16.6152 16.9273 16.6144 16.6143 16.6143 
16.6406 16.6409 16.797 16.6405 16.6405 16.6405 
16.6536 16.6538 16.7318 16.6536 16.6536 16.6536 
17.0045 16.5914 16.6304 16.5913 16.5912 16.5912 
16.7667 16.9734 16.5796 16.5601 16.5601 16.5601 
16.7167 16.82 16.6232 16.6134 16.6134 16.6134 
16.6228 16.6745 16.576 16.9844 16.5712 16.5712 
16.918 16.534 16.8946 16.6889 16.4823 16.4823 
16.7923 16.6003 16.7806 16.6778 16.5745 16.5745 
16.5929 16.4969 16.587 17.3553 16.484 16.484 
16.5609 16.5129 16.558 17.3553 16.5064 16.5064 
16.6138 16.5898 16.6123 17.011 16.5866 16.5866 
16.5714 16.5594 16.9838 16.77 16.5577 16.5577 
16.4824 16.4764 17.5083 16.5817 16.4756 16.4756 
16.5057 16.9159 17.0186 16.5553 16.5023 16.5023 
16.5173 16.7224 16.7738 16.9553 16.5156 16.5156 
16.592 16.6945 16.7202 16.811 16.5911 16.5911 
16.5605 17.025 16.6246 16.67 16.56 16.56 
16.5447 16.7769 16.99 16.5994 16.5445 16.5445 
16.6057 16.7218 16.8283 16.6331 16.6056 16.6056 
16.6362 16.6942 16.7475 16.6499 16.6361 16.6361 
16.6514 16.6805 16.7071 16.6583 16.6514 16.6514 
16.659 16.6736 16.6869 16.6625 16.659 16.659 
16.6629 16.6701 16.6768 16.6646 16.6628 16.6628 
16.5959 17.0127 16.6028 16.5967 16.5959 16.5959 
16.6313 16.8397 16.6348 16.6317 16.6313 16.6313 
16.649 16.7532 16.6507 16.6492 16.649 16.649 
16.5212 16.9832 16.9319 16.5213 16.5212 16.5212 
16.5939 16.8249 16.7993 16.594 16.5939 16.5939 
16.6303 16.7458 16.733 16.6303 16.6303 16.6303 
16.6485 16.7062 16.6998 16.6485 16.6485 16.6485 
16.6576 16.6864 16.6832 16.6576 16.6576 16.6576 
16.6621 16.6766 16.675 16.6621 16.6621 16.6621 
16.6644 16.6716 16.6708 16.6644 16.6644 16.6644 
16.6655 16.6691 16.6687 16.6655 16.6655 16.6655 
16.6661 16.6679 16.6677 16.6661 16.6661 16.6661 
17.133 16.734 16.3339 17.133 16.333 16.333 
16.8999 16.7003 16.5003 16.8999 16.4999 16.4999 
16.7144 16.6146 16.5146 17.1276 16.5144 16.5144 
16.6217 16.5718 16.5218 17.2415 16.5217 16.5217 
17.1818 16.7536 16.7286 16.6853 16.3253 16.3253 
17.1975 16.5735 16.9709 16.5394 16.3594 16.3594 
16.9321 16.6201 16.8188 16.603 16.513 16.513 
16.7305 16.5745 17.0871 16.566 16.521 16.521 
16.6986 16.6206 16.8769 16.6163 16.5938 16.5938 
16.6138 16.5748 17.1161 16.5726 16.5614 16.5614 
16.6402 16.6207 16.8914 16.6196 16.614 16.614 
16.6534 16.6437 16.779 16.6432 16.6403 16.6403 
16.6601 16.6552 16.7228 16.6549 16.6535 16.6535 
16.5945 16.5921 16.6259 17.0051 16.5912 16.5912 
16.5617 16.9737 16.5774 16.767 16.5601 16.5601 
16 16 16 16 16 16 
19.194 12.4776 24.4179 16.9552 12.4776 12.4776 
19.0376 17.078 20.6006 15.8203 13.2318 13.2318 
18.3423 18.9965 17.163 18.6944 13.1519 13.1519 
18.5462 19.8107 17.644 18.0972 12.8259 12.8259 
17.8552 18.8606 17.7772 17.6307 13.8757 13.8757 
19.102 18.7326 17.6095 18.9898 12.7518 12.7518 
18.7867 18.602 18.9959 18.0936 12.7453 12.7453 
18.629 19.8105 17.4597 18.6009 12.7421 12.7421 
18.2317 19.7779 18.6025 17.8992 12.7405 12.7405 
20.5616 18.3227 19.241 17.0821 12.3943 12.3943 
20.003 18.1891 18.9955 16.5272 13.1416 13.1416 
18.7428 20.9827 17.1901 15.9559 13.5638 13.5638 
18.4909 21.4976 18.029 15.8396 13.0712 13.0712 
20.3883 20.1774 18.1574 16.7769 12.2499 12.2499 
20.2551 20.1497 17.3104 17.8397 12.2225 12.2225 
19.5026 19.7971 17.683 16.906 13.0557 13.0557 
18.7629 20.3636 17.8531 18.3367 12.3418 12.3418 
18.6763 19.1562 18.8625 18.1427 12.5812 12.5812 
19.8803 19.2166 18.7686 17.5051 12.3147 12.3147 
18.8806 18.8798 18.3247 18.3552 12.7799 12.7799 
19.1718 17.4936 18.2227 18.9091 13.1013 13.1013 
19.093 18.2538 17.21 18.2574 13.5929 13.5929 
19.4803 17.7362 16.8831 19.0625 13.419 13.419 
19.6692 17.0241 17.3068 18.3965 13.8017 13.8017 
19.1894 16.254 18.6534 19.1982 13.3525 13.3525 
19.0353 16.8683 17.7183 19.0397 13.6692 13.6692 
19.5896 16.7075 16.7728 18.8724 14.0289 14.0289 
19.4823 16.7913 19.0114 18.1862 13.2644 13.2644 
18.961 16.5517 18.7256 18.3129 13.7244 13.7244 
18.2833 15.6702 18.5177 19.7199 13.9045 13.9045 
17.1709 17.3241 17.2881 19.7139 14.2515 14.2515 
17.2811 16.9954 18.0643 18.9149 14.3721 14.3721 
17.8604 17.363 17.5428 18.6773 14.2783 14.2783 
16.9839 18.7486 17.8318 18.7346 13.8505 13.8505 
18.7659 17.9359 17.82 17.929 13.7746 13.7746 
18.2482 17.4786 18.4845 17.8297 13.9795 13.9795 
18.7908 18.0726 16.5756 19.2482 13.6564 13.6564 
17.8988 17.8799 17.4715 19.488 13.6309 13.6309 
18.1693 18.869 16.5371 18.6093 13.9077 13.9077 
19.0137 18.6544 16.7792 17.4607 14.046 14.046 
17.8961 18.7232 18.4567 17.4552 13.7344 13.7344 
16.4823 18.6082 17.79 19.6865 13.7165 13.7165 
16.517 18.2696 17.8605 19.8432 13.7548 13.7548 
17.798 17.3585 18.7987 19.1321 13.4564 13.4564 
18.1188 17.8991 18.2646 18.0767 13.8204 13.8204 
18.4797 16.9206 18.1903 18.0963 14.1566 14.1566 
18.7469 16.5589 17.5458 18.9073 14.1205 14.1205 
17.6537 16.5597 18.6455 20.2817 13.4297 13.4297 
16.2593 16.0501 19.4579 21.2895 13.4716 13.4716 
17.0185 15.8028 18.2475 20.6447 14.1432 14.1432 
16.8426 17.0284 17.4571 18.6557 15.0081 15.0081 
17.5816 16.9111 16.7438 18.4882 15.1376 15.1376 
17.3974 16.6523 16.5686 17.8506 15.7655 15.7655 
16.9664 16.9876 17.3394 17.193 15.7568 15.7568 
16.7509 17.5489 17.3311 16.8642 15.7524 15.7524 
17.2902 16.914 17.5803 16.9592 15.6281 15.6281 
16.722 16.9185 18.0209 17.3258 15.5064 15.5064 
16.5005 17.374 17.9252 17.19 15.5051 15.5051 
17.5786 16.896 17.5447 17.5502 15.2153 15.2153 
17.5195 16.3845 17.1057 17.9021 15.5441 15.5441 
16.8993 16.7194 18.2428 17.0906 15.524 15.524 
16.9112 17.2058 17.9675 17.0068 15.4543 15.4543 
16.2021 17.7578 18.4908 18.0105 14.7694 14.7694 
17.1919 17.2123 18.7151 16.9598 14.9605 14.9605 
17.4849 17.495 17.8761 17.3688 14.8876 14.8876 
17.2696 17.6622 17.4652 17.2115 15.1958 15.1958 
16.5713 18.3549 17.0659 16.9391 15.5344 15.5344 
16.5501 17.4419 17.2106 16.734 16.0317 16.0317 
16.6084 17.0543 16.9387 16.7003 16.3492 16.3492 
16.5009 17.1337 16.666 16.9567 16.3713 16.3713 
17.3774 17.297 16.2695 16.8117 16.1222 16.1222 
17.2159 17.1756 17.0495 16.933 15.813 15.813 
17.0079 16.9878 17.7247 16.4665 15.9065 15.9065 
17.304 16.8939 17.2624 16.6332 15.9533 15.9533 
16.5885 17.1771 17.7582 16.65 15.9131 15.9131 
16.6276 16.9219 17.2124 16.6583 16.2899 16.2899 
16.9203 16.6577 17.2128 16.5259 16.3417 16.3417 
16.9968 16.8654 17.143 16.393 16.3009 16.3009 
16.8317 16.766 16.9048 16.5298 16.4838 16.4838 
17.262 16.8446 16.9139 17.1111 15.9342 15.9342 
16.8955 17.1 16.7214 16.82 16.2316 16.2316 
17.1092 16.424 17.0221 17.4651 15.9898 15.9898 
16.5546 16.612 17.3111 17.5326 15.9949 15.9949 
16.8044 16.8331 17.9579 16.9058 15.7494 15.7494 
16.8022 16.8166 17.7789 16.8529 15.8747 15.8747 
16.7344 16.7416 17.2228 16.7598 16.2707 16.2707 
16.6317 16.6353 16.8759 17.0576 16.3998 16.3998 
16.6492 16.651 16.7713 16.8621 16.5332 16.5332 
17.1956 16.7932 16.4501 16.8988 16.3311 16.3311 
17.5409 16.5267 16.7617 16.5795 16.2956 16.2956 
16.9672 16.8699 16.5776 16.8963 16.3445 16.3445 
16.6803 16.6317 16.4855 17.4645 16.369 16.369 
16.6079 16.5836 17.6916 17 16.0585 16.0585 
16.434 17.2349 17.3824 16.6301 16.1593 16.1593 
16.4137 17.224 17.2977 16.5118 16.2764 16.2764 
16.4713 16.8765 16.9133 16.9336 16.4027 16.4027 
16.4324 17.0448 17.0632 16.6635 16.3981 16.3981 
16.6839 16.5869 17.4026 16.7995 16.2635 16.2635 
16.6753 16.6268 17.0346 16.7331 16.4651 16.4651 
16.671 16.6467 16.8506 16.6999 16.5659 16.5659 
16.5322 16.5201 16.622 17.3663 16.4797 16.4797 
16.5994 16.5934 16.6444 17.0165 16.5732 16.5732 
16.9063 16.9032 16.5189 16.705 16.4833 16.4833 
16.7865 16.785 16.5928 16.6858 16.575 16.575 
16.861 16.457 16.7641 17.2139 16.352 16.352 
16.7638 16.5618 16.7154 16.9403 16.5093 16.5093 
16.512 16.411 16.8943 17.4132 16.3848 16.3848 
16.7237 17.0765 16.9149 16.7711 16.2569 16.2569 
16.6952 16.8716 16.7908 16.7189 16.4618 16.4618 
16.5443 16.6325 17.4118 16.5562 16.4276 16.4276 
16.6055 16.6496 17.0392 16.6114 16.5471 16.5471 
16.6361 16.6581 16.8529 16.639 16.6069 16.6069 
16.5825 16.5935 17.1042 16.584 16.5679 16.5679 
16.6246 16.6301 16.8854 16.6253 16.6173 16.6173 
16.6456 16.6484 16.776 16.646 16.642 16.642 
16.8594 16.8608 16.9246 16.4531 16.4511 16.4511 
16.763 16.7637 16.7956 16.5599 16.5589 16.5589 
16.5782 16.5786 17.0044 16.8865 16.4762 16.4762 
16.6225 16.6226 16.8355 16.7766 16.5714 16.5714 
16.5757 16.989 16.6822 16.6528 16.5502 16.5502 
16.5523 16.759 17.0188 16.5908 16.5395 16.5395 
16.6095 16.7128 16.8427 16.6288 16.6031 16.6031 
16.6381 16.6897 16.7547 16.6477 16.6349 16.6349 
16.5835 16.6093 16.6418 17.0015 16.5819 16.5819 
17.2348 16.4347 16.8575 16.6309 16.421 16.421 
16.8819 16.4818 17.1064 16.5799 16.475 16.475 
16.6377 16.4376 17.5696 16.4867 16.4342 16.4342 
16.6522 16.5522 17.1181 16.5767 16.5504 16.5504 
16.6594 16.6094 16.8924 16.6217 16.6086 16.6086 
16.663 16.638 16.7795 16.6442 16.6376 16.6376 
16.6649 16.6524 16.7231 16.6554 16.6521 16.6521 
16.6658 16.6595 16.6949 16.661 16.6594 16.6594 
16.8695 16.8663 16.884 16.4606 16.4598 16.4598 
16.7681 16.7665 16.7753 16.5636 16.5632 16.5632 
16.6485 16.6477 17.0654 16.5463 16.5461 16.5461 
16.5887 17.0015 16.7971 16.5376 16.5375 16.5375 
16.5588 16.7652 16.663 16.9465 16.5332 16.5332 
16.6127 16.716 16.6649 16.8066 16.5999 16.5999 
16.6397 16.6913 16.6658 16.7366 16.6333 16.6333 
16.6532 16.679 16.6662 16.7016 16.65 16.65 
16.6599 16.6728 16.6664 16.6842 16.6583 16.6583 
16.6633 16.6697 16.6666 16.6754 16.6625 16.6625 
16.5284 16.5316 16.9398 16.9443 16.528 16.528 
16.5286 16.5303 17.1476 16.7366 16.5284 16.5284 
16.9945 16.9953 17.304 16.3048 16.2007 16.2007 
17.1587 16.3717 17.7071 16.8138 15.9744 15.9744 
17.3793 16.5858 17.6535 16.4069 15.9872 15.9872 
17.4897 16.6929 17.2268 16.6035 15.9936 15.9936 
17.3514 16.5432 17.2199 16.4984 16.1935 16.1935 
17.2823 16.8781 16.8067 16.4459 16.2935 16.2935 
16.9056 17.1168 16.6678 16.4874 16.4112 16.4112 
16.7861 16.8917 16.6672 16.5771 16.5389 16.5389 
16.7264 16.7792 16.667 16.6219 16.6028 16.6028 
16.6965 16.7229 16.6668 16.6443 16.6347 16.6347 
16.6816 16.6948 16.6667 16.6555 16.6507 16.6507 
16.9474 16.5441 16.9399 16.5245 16.5221 16.5221 
16.807 16.6054 16.8033 16.5956 16.5944 16.5944 
16.7368 16.636 16.735 16.6311 16.6305 16.6305 
16.7018 16.6513 16.7008 16.6489 16.6486 16.6486 
16.6153 16.5901 16.6149 17.0021 16.5888 16.5888 
16.641 16.6284 16.6408 16.8344 16.6277 16.6277 
16.585 16.5787 16.5848 17.0949 16.5783 16.5783 
16.4892 16.8959 16.4891 17.154 16.4859 16.4859 
16.5779 16.7813 16.5779 16.9103 16.5763 16.5763 
16.6223 16.724 16.6223 16.7885 16.6215 16.6215 
16.5079 16.5587 17.3275 16.591 16.5075 16.5075 
16.5873 16.6127 16.9971 16.6288 16.5871 16.5871 
16.5581 16.5708 16.763 16.9921 16.558 16.558 
16.8156 16.4155 17.3246 16.6261 16.4091 16.4091 
16.7412 16.5411 16.9956 16.6464 16.5379 16.5379 
16.635 16.535 16.7623 17.0009 16.5334 16.5334 
16.582 16.532 17.0588 16.7649 16.5312 16.5312 
16.6243 16.5993 16.8627 16.7158 16.5989 16.5989 
16.5766 16.5641 16.6958 17.0356 16.5639 16.5639 
16.5528 16.5465 16.6124 17.1955 16.5464 16.5464 
16.6097 16.6066 16.6395 16.9311 16.6065 16.6065 
16.5016 16.9099 16.9263 16.6623 16.5 16.5 
16.5153 16.7194 16.7276 17.0088 16.5145 16.5145 
16.3877 16.4898 16.9004 17.4475 16.3873 16.3873 
16.5272 16.5782 16.7835 17.0571 16.527 16.527 
16.5969 16.6224 16.7251 16.8619 16.5968 16.5968 
16.6318 16.6446 16.6959 16.7643 16.6317 16.6317 
16.6492 16.6556 16.6813 16.7155 16.6492 16.6492 
16.6579 16.6611 16.674 16.6911 16.6579 16.6579 
16.6623 16.6639 16.6703 16.6789 16.6623 16.6623 
16.6645 16.6653 16.6685 16.6728 16.6645 16.6645 
16.5967 16.5971 16.5987 17.0141 16.5967 16.5967 
16.6317 16.6319 16.6327 16.8404 16.6317 16.6317 
16.6492 16.6493 16.6497 16.7535 16.6492 16.6492 
16.6579 16.658 16.6582 16.7101 16.6579 16.6579 
16.9355 16.5257 16.9356 16.5518 16.5257 16.5257 
16.8011 16.5962 16.8012 16.6092 16.5962 16.5962 
16.7339 16.6314 16.7339 16.6379 16.6314 16.6314 
16.7003 16.649 16.7003 16.6523 16.649 16.649 
16.6146 16.589 17.0278 16.5906 16.589 16.589 
16.5718 16.559 17.1916 16.5598 16.559 16.559 
16.6192 16.6128 16.9291 16.6132 16.6128 16.6128 
16.5741 16.5709 17.1423 16.5711 16.5709 16.5709 
16.6204 16.6188 16.9045 16.6189 16.6188 16.6188 
16 16 16 16 16 16 
14.6038 16.4906 24.9811 16.4906 12.717 12.717 
16.2947 17.9575 20.0445 17.5978 13.5527 13.5527 
17.0126 18.5532 17.4691 18.728 13.8686 13.8686 
17.7242 19.6118 18.7904 18.5819 12.5209 12.5209 
16.7568 20.6612 17.9478 18.8304 12.8394 12.8394 
19.807 18.902 18.9739 17.9866 12.134 12.134 
18.7606 20.5939 19.2012 17.8505 11.7813 11.7813 
19.6076 18.5356 18.6915 20.0048 11.5725 11.5725 
18.7693 17.8885 18.3113 19.6576 12.6828 12.6828 
19.012 18.8821 19.7146 17.2822 12.5526 12.5526 
18.7775 19.3748 17.8043 18.2437 12.8988 12.8988 
18.8824 18.8646 18.3958 18.2991 12.7785 12.7785 
20.5899 17.5404 18.3195 17.2577 13.146 13.146 
19.884 17.6743 18.0639 17.5329 13.4223 13.4223 
17.9281 18.5594 18.0597 18.1415 13.6556 13.6556 
19.238 17.8413 18.9614 16.605 13.6771 13.6771 
18.0606 17.6869 17.9222 19.6661 13.3321 13.3321 
18.5541 19.0475 16.7842 18.6766 13.4688 13.4688 
17.2525 18.7262 18.2081 20.0745 12.8693 12.8693 
17.8035 19.4897 16.699 20.4803 12.7638 12.7638 
19.7841 19.7448 16.5848 19.3578 12.2642 12.2642 
21.1042 19.2664 16.7772 18.4668 12.1927 12.1927 
19.0369 19.6332 17.1765 19.8394 12.157 12.157 
20.278 18.6774 17.1326 19.0969 12.4076 12.4076 
20.139 17.9101 17.4948 17.7628 13.3467 13.3467 
18.7651 18.3753 16.7184 18.3017 13.9197 13.9197 
18.6774 18.8031 16.372 19.4072 13.3701 13.3701 
18.7727 18.2066 17.3055 19.7665 12.9744 12.9744 
17.8323 18.5627 16.7609 20.3562 13.2439 13.2439 
18.484 18.232 17.6397 20.0547 12.7948 12.7948 
18.2348 17.0297 17.4529 20.0993 13.5916 13.5916 
18.1778 16.9041 17.4513 20.4523 13.5072 13.5072 
17.1771 17.6432 16.8139 20.1526 14.1066 14.1066 
16.2528 17.5807 18.6259 18.8354 14.3525 14.3525 
17.373 18.0369 17.5321 19.0068 14.0256 14.0256 
17.9063 17.8837 16.9221 19.0778 14.105 14.105 
17.5863 18.2944 16.7344 18.8914 14.2467 14.2467 
17.884 17.5388 16.7588 19.5856 14.1164 14.1164 
17.7448 17.2201 16.478 20.3562 14.1004 14.1004 
17.2666 17.7341 16.2682 20.0321 14.3495 14.3495 
17.6937 18.263 17.1945 19.0765 13.8862 13.8862 
17.7754 17.7029 16.4544 19.8954 14.0859 14.0859 
18.0789 17.3074 17.0507 18.7712 14.3959 14.3959 
18.9685 17.1643 17.7452 17.5416 14.2902 14.2902 
18.4395 16.7911 18.9472 16.6066 14.6078 14.6078 
17.9984 17.5559 17.8706 16.7003 14.9375 14.9375 
19.7631 17.4585 16.5742 17.3779 14.4132 14.4132 
18.3231 18.1448 18.352 17.7799 13.7001 13.7001 
18.8167 16.6586 18.4864 18.5451 13.7466 13.7466 
18.0415 16.9624 18.5957 18.2654 14.0675 14.0675 
18.5952 17.7011 17.4539 17.9979 14.126 14.126 
17.2521 17.5627 17.8178 18.0899 14.6387 14.6387 
16.7656 16.9209 17.0485 19.1225 15.0713 15.0713 
17.6421 16.6086 16.302 19.5612 14.9431 14.9431 
16.4599 16.6376 18.9149 19.1556 14.416 14.416 
16.8237 17.3032 17.6606 18.1716 15.0205 15.0205 
17.0895 16.9161 17.0947 17.3502 15.7747 15.7747 
16.6843 17.3728 16.6869 17.9774 15.6393 15.6393 
16.1199 17.2049 19.4546 16.7665 15.2271 15.2271 
16.2567 16.7992 17.924 17.3996 15.8102 15.8102 
16.9519 17.2231 16.6826 18.6263 15.2581 15.2581 
16.6791 17.9866 16.935 17.5163 15.4415 15.4415 
17.3239 17.587 16.28 17.7425 15.5333 15.5333 
16.8651 17.3873 17.515 17.0744 15.5791 15.5791 
16.8325 16.6936 17.1575 17.7372 15.7896 15.7896 
17.647 17.5776 16.6557 16.9455 15.5871 15.5871 
17.2235 17.5888 17.1278 16.4728 15.7935 15.7935 
17.0118 17.9944 16.9639 16.2364 15.8968 15.8968 
16.5059 17.7972 16.882 16.9182 15.9484 15.9484 
16.7145 17.7448 17.6717 16.536 15.6665 15.6665 
17.0874 17.2057 17.9629 16.2045 15.7698 15.7698 
16.6738 17.1394 17.518 16.6388 16.015 16.015 
16.6702 17.2999 17.4892 16.6528 15.944 15.944 
16.5996 16.9144 17.4223 16.5908 16.2365 16.2365 
16.6331 16.7905 17.0445 16.6288 16.4516 16.4516 
16.8531 16.9319 17.0588 16.4445 16.3559 16.3559 
17.088 17.1273 16.4034 17.2773 16.0519 16.0519 
16.8773 16.897 16.535 16.972 16.3593 16.3593 
17.0324 16.6516 16.08 18.2516 15.9922 15.9922 
16.8495 16.6591 16.3733 17.4591 16.3294 16.3294 
16.7581 16.6629 16.52 17.0629 16.498 16.498 
16.7124 16.6648 16.5933 16.8648 16.5824 16.5824 
16.6895 16.6657 16.63 16.7657 16.6245 16.6245 
17.3291 16.9266 16.9088 16.586 16.1248 16.1248 
17.1323 16.5278 17.7286 16.3575 16.1269 16.1269 
16.7629 16.8705 17.4708 16.3755 16.2602 16.2602 
16.7148 16.7686 17.0688 16.5211 16.4634 16.4634 
17.4844 17.1144 16.4709 16.5939 16.1682 16.1682 
16.9389 17.5736 16.4322 16.4937 16.2808 16.2808 
16.5995 17.3234 16.7527 16.7834 16.2705 16.2705 
16.4965 16.8584 16.9829 16.9983 16.332 16.332 
16.3128 16.4937 17.7656 16.9669 16.2305 16.2305 
16.1564 17.8469 17.2828 16.4834 16.1153 16.1153 
16.4782 17.7234 17.4414 16.2417 16.0576 16.0576 
16.5724 17.195 17.054 16.4542 16.3621 16.3621 
16.6195 16.9309 16.8604 16.5604 16.5144 16.5144 
16.6431 16.7988 16.7635 16.6135 16.5905 16.5905 
17.0517 16.7327 16.3183 17.4338 16.2318 16.2318 
17.4689 16.4964 16.6957 16.847 16.246 16.246 
16.9989 16.9259 16.6123 16.6879 16.3874 16.3874 
17.0361 16.593 16.8427 16.8806 16.3238 16.3238 
16.5825 16.7643 17.2923 16.908 16.2264 16.2264 
16.6246 16.7155 16.9795 16.7873 16.4465 16.4465 
16.6456 16.6911 16.8231 16.727 16.5566 16.5566 
16.5873 16.61 17.0892 16.628 16.5428 16.5428 
16.8874 16.5081 18.3102 16.1265 16.0839 16.0839 
17.2437 16.6541 17.9551 16.0632 16.0419 16.0419 
16.9552 16.6604 17.3109 16.365 16.3543 16.3543 
16.8109 16.6635 16.9888 16.5158 16.5105 16.5105 
16.7388 16.6651 16.8277 16.5912 16.5886 16.5886 
17.5694 16.7325 16.4139 16.6956 16.2943 16.2943 
16.9814 16.9728 16.4037 16.9544 16.3439 16.3439 
16.824 16.8197 16.5352 16.8105 16.5053 16.5053 
16.6087 17.0164 16.8741 16.602 16.4494 16.4494 
16.6377 16.8415 16.7704 16.6343 16.558 16.558 
16.6522 16.7541 16.7185 16.6505 16.6123 16.6123 
17.0563 16.7104 16.2958 17.4522 16.2427 16.2427 
16.7926 16.6197 16.4124 17.4038 16.3858 16.3858 
16.6608 16.5743 16.4706 17.3796 16.4574 16.4574 
16.6637 16.6205 16.5687 17.0231 16.562 16.562 
16.6652 16.6436 16.6177 16.8449 16.6143 16.6143 
16.5971 16.5862 16.5733 17.1001 16.5716 16.5716 
16.563 16.5576 16.5511 17.2278 16.5503 16.5503 
16.6148 16.6121 16.6089 16.9472 16.6085 16.6085 
16.6407 16.6394 16.6378 16.8069 16.6376 16.6376 
16.3849 17.1907 16.7866 16.8712 16.3833 16.3833 
16.5258 16.9287 16.7266 16.7689 16.525 16.525 
16.5962 16.7977 16.6967 16.7178 16.5958 16.5958 
16.5626 16.6633 16.6128 17.0366 16.5624 16.5624 
17.0813 16.3316 17.1064 16.9183 16.2812 16.2812 
16.8051 16.8435 16.8177 16.7236 16.4051 16.4051 
16.667 16.6862 17.0865 16.6263 16.467 16.467 
16.6668 16.6764 16.8766 16.6465 16.5668 16.5668 
16.6668 16.6716 16.7716 16.6566 16.6167 16.6167 
16.5978 17.0135 16.6503 16.5927 16.5728 16.5728 
16.6323 16.8401 16.6585 16.6297 16.6198 16.6198 
16.6495 16.7534 16.6626 16.6482 16.6432 16.6432 
16.6581 16.71 16.6646 16.6574 16.6549 16.6549 
16.7968 16.8228 16.3968 17.1997 16.392 16.392 
16.6628 16.6758 16.8761 16.8643 16.4605 16.4605 
16.6648 16.6713 16.7714 16.7655 16.5636 16.5636 
16.5968 17.0133 16.6502 16.6472 16.5462 16.5462 
16.5629 16.7711 16.5895 17.0013 16.5376 16.5376 
16.6148 16.7189 16.6281 16.834 16.6021 16.6021 
16.5041 16.966 16.5108 17.0235 16.4978 16.4978 
16.5854 16.8163 16.5887 16.8451 16.5822 16.5822 
16.5572 16.6726 16.972 16.687 16.5556 16.5556 
16.543 16.6008 17.1637 16.608 16.5423 16.5423 
16.6049 16.6337 16.9152 16.6373 16.6045 16.6045 
16.6358 16.6502 16.7909 16.652 16.6356 16.6356 
16.6512 16.6584 16.7288 16.6593 16.6511 16.6511 
16.5223 16.9358 16.5611 16.9362 16.5223 16.5223 
16.5945 16.8012 16.6139 16.8014 16.5945 16.5945 
16.6306 16.7339 16.6403 16.7341 16.6306 16.6306 
16.6486 16.7003 16.6535 16.7004 16.6486 16.6486 
16.6576 16.6835 16.6601 16.6835 16.6576 16.6576 
16.3933 16.8095 16.3946 17.616 16.3933 16.3933 
16.53 16.7381 16.5306 17.1413 16.53 16.53 
16.5983 16.7024 16.5986 16.904 16.5983 16.5983 
16.6325 16.6845 16.6327 16.7853 16.6325 16.6325 
16.6496 16.6756 16.6497 16.726 16.6496 16.6496 
16.6581 16.6711 16.6582 16.6963 16.6581 16.6581 
16.5935 16.6 16.5935 17.0259 16.5935 16.5935 
16.5612 16.9777 16.5612 16.7774 16.5612 16.5612 
16.5451 17.1665 16.5451 16.6532 16.5451 16.5451 
16.6059 16.9166 16.6059 16.6599 16.6059 16.6059 
16.6363 16.7916 16.6363 16.6633 16.6363 16.6363 
16.6515 16.7292 16.6515 16.665 16.6515 16.6515 
16.5902 16.629 16.5902 17.0102 16.5902 16.5902 
16.5596 16.579 16.5596 17.1828 16.5596 16.5596 
16.5442 16.554 16.5442 17.2691 16.5442 16.5442 
16.5366 16.5414 16.9498 16.899 16.5366 16.5366 
16.465 16.4674 17.0815 17.0561 16.465 16.465 
16.5658 16.5671 16.8741 16.8614 16.5658 16.5658 
16.6163 16.6169 16.7704 16.764 16.6163 16.6163 
16.6415 16.6418 16.7185 16.7153 16.6415 16.6415 
16.5175 16.9274 16.9658 16.5544 16.5175 16.5175 
16.5921 16.7971 16.8162 16.6105 16.5921 16.5921 
17.096 17.1985 16.8081 16.3053 16.296 16.296 
17.2257 16.8637 16.6685 16.4171 16.4125 16.4125 
16.8773 16.6963 17.0119 16.473 16.4707 16.4707 
16.772 16.6815 16.8393 16.5698 16.5687 16.5687 
16.7193 16.6741 16.753 16.6183 16.6177 16.6177 
16.693 16.6704 16.7098 16.6425 16.6422 16.6422 
16.6798 16.6685 16.6882 16.6546 16.6544 16.6544 
16.6044 16.5987 16.6086 17.005 16.5917 16.5917 
16.6355 16.6327 16.6376 16.8358 16.6292 16.6292 
16.8543 16.8529 16.8554 16.548 16.4447 16.4447 
16.7605 16.7598 16.761 16.6073 16.5557 16.5557 
16.7136 16.7132 16.7138 16.637 16.6112 16.6112 
16.6901 16.6899 16.6903 16.6518 16.6389 16.6389 
17.1451 16.745 16.3451 17.1259 16.3195 16.3195 
16.9059 16.7058 16.5059 16.8963 16.4931 16.4931 
16.7863 16.6862 16.5863 16.7815 16.5799 16.5799 
16.9997 16.5398 16.8997 16.5875 16.4867 16.4867 
16.8332 16.6033 16.7832 16.6271 16.5767 16.5767 
16.7499 16.635 16.7249 16.6469 16.6217 16.6217 
16.7083 16.6508 16.6958 16.6568 16.6442 16.6442 
16.6875 16.6587 16.6812 16.6617 16.6554 16.6554 
16 16 16 16 16 16 
21.2184 15.4713 21.7931 14.3218 12.5977 12.5977 
19.5477 17.2328 21.2317 17.2168 11.8854 11.8854 
19.5141 19.006 18.4081 17.6993 12.4362 12.4362 
21.9522 18.9542 17.7406 16.4716 12.3157 12.3157 
20.7164 18.568 18.6106 16.6774 12.6513 12.6513 
19.6685 18.2495 17.926 17.649 13.2222 13.2222 
19.8972 18.2443 17.4536 18.5729 12.9004 12.9004 
20.7766 18.0393 17.3255 18.2037 12.8196 12.8196 
20.519 17.1896 16.5059 19.8861 12.9458 12.9458 
18.9552 18.0151 16.9486 18.6387 13.7193 13.7193 
19.5405 17.4981 17.5938 19.0678 13.1489 13.1489 
18.798 17.7768 17.1302 19.2561 13.5189 13.5189 
19.0657 17.2217 17.8984 18.9614 13.4261 13.4261 
20.1389 18.0048 18.9492 17.3595 12.7737 12.7737 
18.5662 18.1527 20.2589 17.1765 12.9228 12.9228 
18.4334 18.5535 18.953 18.0654 12.9973 12.9973 
19.743 18.1583 17.7002 18.2432 13.0776 13.0776 
17.3715 19.0792 18.2251 19.7466 12.7888 12.7888 
18.0608 18.5674 18.1403 18.5539 13.3388 13.3388 
18.2141 18.8075 16.5532 19.481 13.4721 13.4721 
19.107 17.4037 17.6099 19.0738 13.4027 13.4027 
18.7372 17.2053 17.6485 19.4009 13.5041 13.5041 
18.7889 17.6606 16.4329 19.1207 13.9984 13.9984 
17.7278 18.3 16.9286 17.8937 14.575 14.575 
18.3709 18.657 16.5629 17.7497 14.3297 14.3297 
19.3082 18.2242 16.2569 19.611 13.2998 13.2998 
17.771 18.203 17.544 20.1951 13.1434 13.1434 
16.8267 19.1015 18.4779 20.6858 12.4541 12.4541 
18.8029 18.317 16.7065 20.7325 12.7205 12.7205 
