5 80000 300 266
14 14 14 14 14 14 14 
15.5766 13.4781 15.5766 15.2117 14.4818 13.7518 10.9234 
16.9636 13.9555 17.1698 15.3378 15.9007 10.7934 9.3792 
16.6137 12.9118 20.7827 15.3612 15.6426 9.79232 8.64565 
16.1006 15.3288 19.0244 16.3137 15.9748 8.853 8.27966 
14.3003 16.8239 20.7191 16.2387 15.315 8.41357 8.1269 
14.9452 16.6525 20.2705 16.4713 15.564 8.10433 7.961 
13.4087 16.8879 20.5234 17.2539 15.887 8.0476 7.97593 
13.652 16.7583 19.6011 17.1691 16.8273 8.01013 7.9743 
11.8483 18.089 20.2916 17.7363 16.2262 7.91132 7.8934 
11.6161 18.3079 19.9672 17.9083 16.4836 7.86191 7.85295 
10.6072 17.8593 20.0283 17.7711 18.0632 7.8372 7.83272 
10.4984 16.5054 20.1873 19.2752 17.9061 7.81471 7.81247 
12.3438 15.4599 20.6792 18.4214 17.399 7.84879 7.84767 
12.5596 15.6595 18.9299 18.9023 18.1709 7.88915 7.8886 
10.9034 14.819 22.1531 19.3436 16.9349 7.92307 7.92279 
11.3878 14.2588 22.2638 17.891 18.2848 7.95697 7.95683 
10.5472 15.1429 20.4998 19.7807 18.1717 7.92882 7.92875 
10.8291 16.9397 21.361 18.2782 16.8201 7.88598 7.88595 
10.6716 16.6474 21.0777 17.7839 17.9895 7.91495 7.91494 
11.5305 14.9609 22.5964 18.184 16.8487 7.93978 7.93977 
10.4032 14.7203 22.4973 19.3861 17.1348 7.92916 7.92916 
11.0707 13.9064 22.1967 20.8669 16.1295 7.91492 7.91492 
10.457 13.4409 23.5145 20.165 16.6777 7.87245 7.87245 
11.3532 13.9588 24.0067 20.1048 14.909 7.83377 7.83377 
10.7539 13.7123 23.9239 20.6484 15.0704 8.00077 7.8904 
10.4906 12.9925 23.2119 23.1651 14.2397 7.97766 7.92247 
10.9628 12.438 23.9378 22.9054 13.9584 7.9126 7.885 
10.6657 13.1314 24.0657 22.8582 13.546 7.87335 7.85955 
10.1752 13.6603 24.9833 22.5778 12.4037 8.32857 7.87122 
10.5149 12.7193 24.3854 23.76 12.6683 8.09038 7.86171 
10.0519 13.5514 25.663 22.6106 11.9278 8.26893 7.92629 
11.2176 14.3692 23.1119 21.9361 13.3237 8.10643 7.93511 
11.9893 13.4491 22.8088 24.0771 11.7663 7.99753 7.91187 
11.7089 13.8674 22.952 24.4195 11.2403 7.92734 7.88451 
11.313 14.0298 23.4848 23.6726 11.7337 7.8938 7.87238 
11.3076 14.0173 22.676 23.7528 12.5007 7.8781 7.8674 
10.3942 14.2321 25.2206 21.4701 12.9095 7.88939 7.88404 
9.44239 14.5453 23.5773 22.6454 14.1199 7.8362 7.83353 
9.59648 13.962 24.7138 23.0007 12.9556 7.88636 7.88502 
10.408 15.0298 24.9179 21.7443 12.2095 7.84562 7.84495 
11.3668 16.2358 23.1566 20.9884 12.5001 7.8763 7.87596 
10.4238 18.2759 23.7679 20.0879 11.6677 7.88849 7.88832 
11.5226 17.1477 23.6558 20.7236 11.295 7.82774 7.82766 
12.8872 15.6997 23.4669 20.6943 11.5857 7.83311 7.83307 
12.997 16.2236 23.2626 20.9054 11.0113 7.80005 7.80003 
11.5911 16.5609 23.6683 20.8694 11.6399 7.83521 7.8352 
11.2201 17.2427 23.5087 21.5196 10.8907 7.80911 7.80911 
11.3654 17.9739 23.6248 21.3114 10.0017 7.86139 7.86139 
10.5136 18.0449 24.1313 21.2837 10.1941 7.9162 7.9162 
9.64706 20.12 24.5047 20.6418 9.36534 7.86054 7.86054 
10.3391 19.7722 23.2835 20.1531 10.6779 7.8871 7.8871 
10.8068 18.9547 23.1614 20.9834 10.2409 7.98767 7.86512 
9.98172 20.4412 21.8216 20.9736 10.9036 7.96974 7.90846 
10.2959 20.1676 22.0514 21.2295 10.359 7.96365 7.93301 
10.55 17.9984 23.4629 19.5344 12.7172 7.8763 7.86098 
9.23426 16.6915 22.8174 20.74 14.7296 7.89742 7.88977 
8.56115 16.2338 23.6224 22.0748 13.7261 7.89273 7.8889 
10.0688 16.8607 22.7718 20.6433 13.8828 7.88725 7.88534 
9.08501 14.7595 25.9429 21.3343 13.1439 7.86768 7.86672 
9.45857 14.8138 24.9618 21.5784 13.4065 7.89067 7.89019 
11.1892 15.0296 24.6256 19.9623 13.5508 7.82131 7.82107 
11.2736 16.7741 24.2881 18.7466 13.1951 7.86127 7.86115 
12.3552 15.493 25.1932 18.934 12.4115 7.8066 7.80654 
11.7912 15.3183 25.2598 19.3887 12.6026 7.81975 7.81972 
10.0514 15.4514 27.8247 18.5255 12.4052 7.93585 7.80596 
11.8885 15.4463 25.0643 20.0471 11.8399 7.88949 7.82455 
11.5708 15.14 24.8084 21.021 11.6744 7.90894 7.87647 
11.9498 15.6522 22.8151 21.6064 12.1386 7.92707 7.91084 
10.7131 15.9308 24.2505 21.4017 11.8049 7.95356 7.94544 
10.9576 15.7523 23.3274 22.0396 12.05 7.93853 7.93447 
11.1107 14.8816 22.6527 22.833 12.6184 7.95278 7.95075 
12.3086 14.5837 22.3653 22.3256 12.6728 7.87249 7.87148 
13.6666 15.1736 23.6211 20.6456 11.1394 7.87713 7.87663 
12.544 13.6782 25.7699 21.3634 10.5189 8.25329 7.87232 
12.234 13.6142 25.6221 22.0638 10.4085 8.19168 7.8657 
11.6726 14.7436 24.5835 22.8044 10.2307 8.0641 7.9011 
10.5317 13.717 25.2359 23.0773 11.5874 7.96606 7.88456 
10.3597 14.2311 26.1568 21.9944 11.5578 7.87043 7.82968 
12.2821 13.9338 26.8568 19.662 11.4607 7.91249 7.89211 
14.218 14.0182 25.4797 18.5489 11.8842 7.9306 7.92042 
14.3297 13.5486 25.0014 20.0374 11.2555 7.91625 7.91116 
15.2058 12.6222 26.682 18.7906 10.8909 7.9055 7.90295 
15.8909 11.0666 27.879 18.091 11.2878 7.89297 7.89169 
15.7751 11.1651 27.2637 17.8367 12.1 7.93 7.92936 
15.5602 11.2092 27.8262 18.7649 10.7814 7.92919 7.92888 
15.1171 11.7187 26.4131 19.8444 11.0972 7.90481 7.90466 
16.1607 11.1013 24.3625 20.9437 11.7314 7.85026 7.85018 
16.2071 11.0603 24.3024 21.0779 11.5131 7.91962 7.91958 
16.027 11.1312 26.4955 19.1455 11.3576 7.92156 7.92154 
15.3021 12.1254 26.513 20.0684 10.1978 7.89664 7.89663 
15.3956 12.992 26.1641 20.3603 9.31084 7.88854 7.88853 
15.6524 13.3142 26.0082 20.2654 8.91678 7.92154 7.92154 
16.3057 11.7741 26.4544 20.5128 9.13675 7.90814 7.90814 
15.4229 12.2669 25.5417 21.5324 9.61289 7.81164 7.81164 
15.6456 11.9717 27.4415 19.5985 9.74656 7.79803 7.79803 
15.8825 12.4038 27.1536 20.247 8.75388 7.77961 7.77961 
15.0182 12.6634 27.7306 19.9697 8.83848 7.88981 7.88981 
14.6088 11.9208 27.6115 21.012 9.10202 7.8724 7.8724 
16.0736 11.6527 25.9596 20.3522 10.0895 7.9362 7.9362 
16.9289 11.0742 26.8282 19.3598 10.001 7.90396 7.90396 
17.8984 11.5119 26.6217 18.4849 9.71748 7.8828 7.8828 
19.3923 12.5598 25.1779 17.3121 9.7638 7.89709 7.89709 
20.8568 11.1906 25.9818 15.7989 10.5367 7.8176 7.8176 
19.074 11.2149 24.9506 17.5536 11.6084 7.79929 7.79929 
17.9765 11.8176 26.8065 17.3755 10.2628 7.88054 7.88054 
17.6633 11.7448 26.6525 17.9938 10.1787 7.88349 7.88349 
17.7869 10.947 27.8038 17.8029 10.0147 7.82234 7.82234 
17.7258 11.6112 27.2253 17.4344 10.3966 7.80339 7.80339 
16.7808 11.8173 27.249 17.9547 10.4769 7.86064 7.86064 
15.9917 10.8073 26.9691 20.8017 9.79925 7.81545 7.81545 
14.1249 12.0166 26.7104 21.5299 10.0609 7.77869 7.77869 
13.7717 12.8773 26.7737 21.6276 9.18381 7.88296 7.88296 
13.5314 13.4007 25.4122 22.8391 8.70583 8.21363 7.89717 
14.114 13.4096 25.4856 21.6432 9.30499 8.10043 7.9422 
15.7871 13.054 25.7587 20.0279 9.4144 8.01847 7.93935 
15.2418 13.5558 26.1381 19.5986 9.49953 8.00284 7.96329 
15.8203 12.8872 27.0562 19.1241 9.41215 7.85994 7.84016 
16.326 14.6944 26.5644 17.8129 8.83149 7.89037 7.88048 
16.0499 13.002 26.5263 18.5791 10.2193 7.81423 7.80929 
16.6398 13.2577 24.9185 19.0868 10.5151 7.79225 7.78978 
15.9251 13.1014 25.7279 19.414 10.2737 7.77962 7.77838 
17.2873 13.4639 24.761 18.7102 10.2816 7.74833 7.74771 
16.4076 12.9431 26.3557 18.8271 9.95444 7.75615 7.75584 
18.1427 12.8936 26.1748 18.1292 8.95276 7.85361 7.85346 
18.3547 12.1471 27.2568 18.1851 8.38517 7.8356 7.83552 
16.6077 12.8847 27.5603 18.8449 8.52695 7.78777 7.78773 
18.4 11.5706 27.2417 18.3968 8.91091 7.74004 7.74002 
18.506 10.2017 27.1855 19.293 9.18732 7.81324 7.81323 
16.753 10.7675 28.0928 19.9799 8.59366 7.90662 7.90661 
18.0194 11.4552 26.5464 19.0971 9.11826 7.88188 7.88188 
17.9752 11.7621 27.5835 18.3416 8.52465 7.90646 7.90646 
17.6761 11.9466 27.0705 19.0069 8.52462 7.88766 7.88765 
17.5337 11.3245 27.9165 18.868 8.77736 7.78998 7.78998 
16.2063 10.8525 27.9721 19.8146 9.40598 7.87423 7.87423 
17.0257 10.4768 26.2756 21.1868 9.4168 7.80917 7.80917 
17.0937 10.1889 26.5041 21.1544 9.32886 7.86498 7.86498 
18.196 10.1822 27.8135 19.1737 9.05039 7.79214 7.79214 
18.313 10.2105 26.876 20.1671 8.79141 7.82098 7.82098 
17.9403 9.49716 27.965 19.7119 9.29435 7.79563 7.79563 
17.1583 9.45241 28.7909 20.3089 8.82836 7.73057 7.73057 
16.8028 9.49594 29.3625 20.3518 8.36155 7.81265 7.81265 
19.2122 9.64662 28.5326 18.9597 8.06591 7.79146 7.79146 
18.7934 9.41695 28.9306 19.0205 8.27324 7.78266 7.78266 
19.7527 10.0483 28.3812 17.6009 8.66736 7.77482 7.77482 
20.2859 9.8023 27.8425 18.1861 8.2586 7.81233 7.81233 
20.0439 9.52161 27.9476 18.664 8.08969 7.86656 7.86656 
19.2752 9.63094 29.3959 18.0982 7.94095 7.82938 7.82938 
18.2525 9.88304 29.3939 19.0153 7.85561 7.79983 7.79983 
18.5119 10.4023 28.0075 19.4053 8.02337 7.82483 7.82483 
17.3256 10.2644 29.5101 19.1963 7.96738 7.86811 7.86811 
16.4961 9.63221 30.0884 19.9315 7.98369 7.93406 7.93406 
17.7719 9.06781 28.9898 20.3399 8.07348 7.87859 7.87859 
19.3754 9.42901 27.6068 20.135 7.88289 7.78545 7.78545 
18.0211 9.2145 29.3034 19.4008 8.27478 7.89272 7.89272 
18.8697 9.18472 29.9686 18.1511 8.18669 7.8196 7.8196 
18.2186 8.81533 29.6802 19.5485 8.1474 7.79494 7.79494 
17.0827 10.2216 28.2953 20.4055 8.22652 7.88418 7.88418 
16.3705 10.271 29.2722 19.9892 8.38372 7.85668 7.85668 
17.471 10.1355 27.4932 19.9946 9.19186 7.85691 7.85691 
16.2172 11.0896 27.6152 20.5812 8.97549 7.76057 7.76057 
17.6068 10.742 26.8901 20.3265 8.78882 7.82294 7.82294 
16.6159 11.035 27.1169 19.9289 9.27722 8.20834 7.81772 
16.4394 10.0158 29.6484 19.307 8.61785 8.08341 7.8881 
17.0433 9.65186 29.0657 20.1798 8.33369 7.91167 7.81402 
18.8419 9.45226 29.3015 18.275 8.43731 7.87043 7.8216 
19.3525 9.34942 29.8905 17.5279 8.15701 7.87357 7.84916 
18.9855 8.57861 30.1104 18.6739 7.98241 7.84069 7.82848 
19.2648 8.1981 28.0845 20.7376 8.06287 7.82914 7.82304 
19.9111 8.45445 28.8506 18.9054 8.38683 7.74732 7.74427 
20.1757 8.47251 28.5763 19.0439 8.12423 7.80448 7.80295 
21.5909 8.53073 28.7053 17.344 8.04985 7.88997 7.88921 
19.7115 8.98565 28.3387 19.1615 8.22073 7.79114 7.79076 
20.8355 8.88471 28.0207 18.7024 7.9955 7.7807 7.78051 
22.2989 9.22784 27.0466 17.767 7.95815 7.85075 7.85065 
20.7023 9.49197 29.377 15.9973 8.24737 8.19367 7.99037 
20.1787 9.9184 29.1712 16.6194 8.0892 8.06235 7.9607 
20.909 11.6805 27.3725 15.5228 8.63476 7.9656 7.91478 
22.1761 10.9685 26.6899 15.4537 9.07929 7.82895 7.80354 
20.9062 10.9388 26.6177 16.8178 8.90328 7.91448 7.90177 
21.7545 9.75021 28.0349 16.2856 8.39 7.89559 7.88924 
20.5895 9.55136 28.4059 16.596 9.05111 7.90463 7.90146 
20.451 9.85381 28.0701 16.5011 9.21306 8.05388 7.85698 
21.9043 9.30647 28.2687 15.1849 9.71602 7.85906 7.76061 
19.6094 9.77691 28.2686 17.3098 9.45165 7.81645 7.76723 
19.2592 9.79754 28.3161 17.7458 9.08946 7.90823 7.88361 
19.7772 9.32682 28.9182 17.5445 8.78827 7.82865 7.81635 
18.7812 10.5359 28.8886 18.0004 8.2532 7.77339 7.76723 
17.9361 10.7225 28.2625 19.182 8.1266 7.88669 7.88362 
18.8193 9.45046 27.7 20.1858 8.15252 7.84669 7.84515 
19.174 10.4491 28.4965 18.1737 8.11666 7.7954 7.79463 
18.9733 10.2787 28.8692 18.1121 8.02945 7.86882 7.86843 
19.6685 10.2303 28.071 18.147 8.01473 7.93441 7.93422 
18.6903 9.54318 27.6886 20.5126 7.8819 7.84174 7.84165 
17.3523 10.2876 28.7909 20.0428 7.85554 7.83546 7.83541 
18.6399 10.2163 28.3447 19.0794 7.91328 7.90324 7.90321 
19.1381 9.28995 27.6269 20.0851 7.95664 7.95162 7.95161 
20.3465 8.5319 29.0078 18.5231 7.86525 7.86274 7.86273 
20.4394 8.25835 27.4317 19.1475 8.87559 7.92376 7.92376 
21.8928 8.60388 27.9182 16.9667 8.9125 7.85293 7.85293 
20.7646 8.8474 30.1409 15.3925 9.00171 7.92647 7.92647 
21.9765 9.315 29.382 14.5803 8.84868 7.94874 7.94874 
19.4753 9.08555 29.4512 17.9913 8.29888 7.84891 7.84891 
20.2913 9.38706 28.7394 17.6461 8.12868 7.90369 7.90369 
20.245 8.99817 27.9459 18.9224 8.03785 7.92536 7.92536 
21.733 8.61893 28.3924 17.1391 8.32604 7.89526 7.89526 
20.0916 8.73751 30.6169 16.8721 8.03756 7.82217 7.82217 
20.5543 8.77554 29.7152 17.2496 8.08658 7.80939 7.80939 
18.9102 8.70431 30.6849 17.9773 8.00012 7.86153 7.86153 
20.3642 9.07943 28.6152 18.0796 8.00006 7.93076 7.93076 
20.4658 8.44042 28.1374 17.3731 9.85109 7.86609 7.86609 
20.3805 9.01726 27.3528 18.4652 9.16909 7.80758 7.80758 
20.1512 9.58676 28.7155 16.8498 9.07673 7.81004 7.81004 
19.3147 9.68468 29.7563 16.9394 8.52387 7.89053 7.89053 
18.8485 10.7247 28.4811 17.1094 9.22517 7.80556 7.80556 
21.3646 10.0265 27.6734 16.7637 8.5305 7.82069 7.82069 
21.3966 9.33657 27.3705 17.9683 8.21262 7.85771 7.85771 
20.9501 8.98483 28.7932 16.718 8.243 8.42526 7.88569 
23.6893 8.42099 28.3252 15.5018 8.05007 8.1412 7.87142 
23.8281 8.75595 29.0386 13.536 8.36388 8.40944 8.06794 
25.4855 8.84226 28.6264 12.1252 8.8248 8.13329 7.96254 
24.3258 9.24738 28.985 13.0124 8.6595 7.92765 7.84227 
25.2064 8.97152 29.117 12.6327 8.28232 7.91639 7.87371 
24.5172 8.78263 29.0116 12.5663 9.02397 8.25507 7.8431 
24.3465 8.60377 29.5241 13.426 8.35814 7.97369 7.76771 
24.3406 8.67451 29.7811 12.9868 8.36158 7.97924 7.87625 
25.309 8.35185 31.3139 10.873 8.37787 8.00422 7.77024 
26.5889 8.11035 30.0832 11.1742 8.2873 7.93654 7.81955 
27.3456 8.25226 31.1 9.78417 7.97576 7.80038 7.74189 
26.1289 7.98578 31.3395 11.2079 7.84753 7.75984 7.73059 
25.8978 7.99289 30.3364 11.7706 8.2571 7.87992 7.8653 
27.1381 8.0505 29.3574 11.6285 8.1826 7.8251 7.81778 
27.3988 7.92596 31.1681 9.89229 7.99201 7.81326 7.8096 
25.2629 8.19751 32.8479 9.66927 8.3934 7.81542 7.8136 
24.528 8.06427 30.7343 12.076 8.85187 7.87323 7.87231 
24.8076 8.38754 31.5692 11.2645 8.4329 7.76937 7.76891 
25.5425 9.48574 28.9233 12.3841 8.23105 7.7168 7.71657 
25.1475 10.1884 28.158 12.7927 8.07592 7.8188 7.81868 
26.5597 8.94036 29.2888 11.8159 7.88411 7.75555 7.75549 
26.2498 8.79349 31.5617 9.85533 7.88943 7.82514 7.82512 
26.8041 8.79926 30.4035 10.4308 7.87553 7.84339 7.84338 
28.3868 8.37517 29.1161 10.4142 7.9133 7.89723 7.89722 
27.8638 8.12017 30.6629 9.70147 7.88923 7.8812 7.8812 
27.9583 8.51553 29.6879 9.4712 8.56508 7.901 7.90099 
27.5574 8.73061 29.7002 9.52793 8.59564 7.94411 7.94411 
27.7939 8.53197 30.0016 9.12003 8.65388 7.94933 7.94933 
27.0055 8.76037 31.6675 8.4926 8.25952 7.90725 7.90725 
25.4788 9.6197 31.702 9.18642 8.32138 7.84584 7.84584 
24.5239 9.01861 31.0025 11.3272 8.53779 7.79497 7.79497 
23.8004 8.87993 30.3614 13.0063 8.4647 7.74364 7.74364 
24.7127 9.12747 29.0869 13.3781 8.1386 7.77807 7.77807 
23.6104 8.58303 29.8168 14.5669 7.92782 7.74756 7.74756 
23.177 8.62364 30.4319 14.1426 7.93503 7.8449 7.8449 
22.2909 8.3252 31.1022 14.4292 8.31534 7.7686 7.7686 
23.8905 8.08417 29.44 14.8943 8.07924 7.80587 7.80587 
23.4837 8.38991 30.1046 14.4706 8.053 7.74909 7.74909 
23.7497 9.31307 30.0129 13.3377 7.96351 7.81155 7.81155 
23.0451 9.79838 30.6093 13.0518 7.88246 7.80649 7.80649 
23.1423 8.77243 31.5018 13.216 7.81447 7.77648 7.77648 
24.1585 8.40719 29.9118 14.3003 7.75339 7.73439 7.73439 
22.3783 8.85476 30.4044 14.7914 7.86341 7.85391 7.85391 
22.3575 9.06655 29.4634 15.4713 7.88359 7.87884 7.87884 
23.409 8.49011 28.7605 15.6493 7.89863 7.89626 7.89626 
24.6675 8.62216 29.0267 14.222 7.82137 7.82018 7.82018 
23.1585 8.77843 29.29 15.1866 7.86257 7.86198 7.86198 
23.9448 8.69029 29.6988 14.0449 7.87394 7.87364 7.87364 
25.387 8.35211 28.264 14.688 7.76972 7.76957 7.76957 
14 14 14 14 14 14 14 
17.4205 12.4845 16.5978 13.6728 14.6782 11.7532 12.3931 
16.867 14.6109 18.2565 14.6754 15.1781 9.79609 10.116 
14.7932 13.994 19.8739 16 17.1285 8.95506 9.00538 
15.7661 14.9318 19.7195 16.4782 16.173 8.39058 8.41573 
14.6029 16.3497 19.7687 15.984 16.6286 8.40941 8.1942 
13.4658 16.7365 19.4734 16.4395 17.5609 8.20014 8.09253 
12.5625 18.4579 18.9295 16.7399 17.0764 8.24805 7.97003 
11.5686 18.0795 18.2004 19.0596 17.1589 8.03207 7.89306 
12.9272 18.5245 17.8824 18.7804 15.9565 7.9973 7.9278 
12.5611 19.1292 19.5842 17.4833 15.2953 7.98978 7.95503 
11.4889 19.2868 20.4403 17.8852 15.0551 7.93008 7.9127 
13.2211 18.2883 20.851 18.0547 13.7191 7.937 7.92831 
12.4012 17.162 22.7863 18.2701 13.6524 7.86605 7.86171 
11.587 17.5974 21.8147 18.3857 14.4375 8.26558 7.91212 
9.94043 17.8034 23.2296 19.7378 13.3799 8.04274 7.86601 
9.42456 19.0353 22.1939 19.6685 13.9282 7.91892 7.83056 
11.234 18.1046 21.7491 19.2908 13.9206 7.8725 7.82832 
11.867 18.4273 21.3313 17.9386 14.5324 8.02279 7.88051 
10.063 18.3654 22.6076 19.3488 13.6278 8.14086 7.8465 
9.36938 18.5435 23.2901 19.9484 12.8641 8.06586 7.91869 
9.31024 18.4127 23.5393 19.6658 13.1501 7.99769 7.9241 
9.07373 18.1598 24.3278 18.0887 14.482 7.95233 7.91554 
10.2637 18.4412 23.067 18.9563 13.4084 7.94092 7.92253 
9.11417 17.2958 24.2547 19.3233 14.1157 7.95276 7.94356 
9.78096 16.8569 22.202 18.6169 16.635 7.95648 7.95188 
9.56019 17.4261 22.4905 18.7617 15.8346 7.96457 7.96227 
10.3483 17.3494 21.5862 19.3809 15.4173 7.95956 7.95841 
10.4253 16.4373 21.2954 19.7361 16.1561 7.97521 7.97464 
11.5319 15.9792 21.2907 19.9567 15.2843 7.97874 7.97845 
11.4242 16.6501 20.807 20.371 14.917 7.91547 7.91532 
10.8092 15.8493 22.1754 22.2001 13.2837 7.84123 7.84116 
10.5416 15.9155 22.5032 21.8306 13.377 7.91605 7.91601 
10.2225 16.5326 21.155 22.7511 13.4518 7.94353 7.94351 
10.0758 17.368 21.5704 21.4228 13.5817 8.10888 7.87247 
9.6162 18.443 20.6647 21.7957 13.5378 8.03034 7.91214 
10.4403 17.7273 21.5967 19.8634 14.2402 8.26805 7.86411 
10.9846 16.7584 23.5803 18.7036 14.1376 8.01873 7.81677 
10.1911 16.331 21.7902 20.5566 15.2616 7.98527 7.88429 
9.81252 17.1278 21.2724 21.0094 14.9421 8.00207 7.83365 
8.82331 17.8957 22.2722 20.9886 14.2683 7.91809 7.83388 
8.43057 18.6405 22.3654 20.778 14.1081 7.85975 7.81765 
9.13135 19.632 23.4129 18.5425 13.5289 7.88671 7.86566 
9.03626 20.4042 21.5888 19.2712 13.4703 8.2963 7.93283 
9.26813 20.2021 21.7944 20.6356 11.9852 8.14815 7.96641 
8.5909 19.9332 21.089 20.9893 13.0669 8.39062 7.94004 
8.46212 19.5254 21.5739 22.1368 12.2933 8.11688 7.89159 
8.21657 18.9415 21.8981 22.4211 12.5476 8.04395 7.9313 
8.89944 18.5616 22.1284 22.267 12.2935 7.95318 7.89685 
9.7766 18.6029 21.9601 21.1819 12.5632 7.97175 7.94358 
8.98259 18.8548 22.2704 21.8813 12.1129 7.9561 7.94202 
9.4913 18.4274 23.3852 19.8156 12.9314 7.97805 7.97101 
9.79372 19.1897 23.4714 19.7636 11.8744 7.95537 7.95185 
9.88439 18.5724 25.8255 18.61 11.1741 7.96771 7.96595 
10.2121 17.3839 25.3806 21.0016 10.0858 7.96843 7.96755 
10.0056 16.9834 23.9968 22.8124 10.4449 7.87869 7.87825 
10.7057 15.7861 23.9348 22.9447 10.7927 7.91812 7.9179 
11.5047 15.6156 22.1768 23.9069 11.0246 7.88576 7.88565 
10.6117 15.0968 24.1319 23.4624 10.8832 7.90708 7.90702 
10.2053 15.9655 24.2519 23.7915 9.9642 7.97364 7.84798 
10.0022 15.3948 25.945 22.0716 10.2585 8.50943 7.81846 
10.8435 14.7626 26.5595 21.7695 10.0205 8.19493 7.84945 
10.7063 15.3759 25.0684 22.1314 10.4303 8.43351 7.85426 
9.49822 16.8848 25.358 22.076 10.267 8.10277 7.81314 
8.86222 16.1545 23.733 22.7347 12.5885 8.03596 7.89115 
9.14315 16.8469 24.3011 21.8385 12.0534 7.94468 7.87228 
8.90831 14.5459 24.2679 22.5264 13.9349 7.92642 7.89022 
9.38373 15.7236 25.2325 21.5449 12.1787 8.04772 7.88877 
10.4139 16.3087 22.8342 22.7615 11.8114 7.97481 7.89534 
11.3912 16.707 22.075 22.1702 11.8268 7.93477 7.89504 
11.8514 15.263 22.8466 22.3917 11.9435 7.86186 7.84199 
11.0608 16.9558 22.7746 21.7364 11.7826 7.84985 7.83991 
11.8307 17.7273 21.9771 21.3239 11.5213 7.81232 7.80736 
11.8994 18.3051 21.4939 21.9652 10.5479 7.89552 7.89304 
12.301 19.2877 21.828 21.6583 9.19286 7.86668 7.86544 
12.224 17.271 22.3547 22.1286 10.2461 7.88814 7.88752 
12.2638 15.8344 24.0046 21.7973 10.3587 7.87077 7.87046 
13.1671 16.3343 24.3138 20.4464 10.0788 7.82986 7.8297 
13.6874 15.271 25.8181 19.3762 10.0941 7.87668 7.8766 
13.5104 14.0123 25.9525 21.1374 9.68471 7.85138 7.85134 
12.4496 16.1728 24.9207 20.4298 10.3979 7.81458 7.81456 
12.5762 15.3837 25.2982 19.9446 11.1449 7.82621 7.8262 
13.544 15.8713 24.9182 19.471 10.4537 7.87089 7.87088 
13.2509 16.5272 22.7408 20.158 11.5649 7.87911 7.8791 
12.979 16.5509 23.5251 21.1287 10.2023 7.80696 7.80696 
12.9411 16.0711 24.5314 21.5859 9.26783 7.80133 7.80133 
12.1227 15.5718 24.1497 23.1118 9.41653 7.81371 7.81371 
11.968 16.5771 22.7892 22.4075 10.4775 7.89037 7.89037 
12.3579 15.3707 23.8592 22.5352 10.0546 7.91119 7.91119 
11.6042 15.4566 23.8064 23.4377 9.86602 7.91454 7.91454 
11.0891 15.1301 23.9878 23.8034 10.22 7.88476 7.88476 
12.5526 13.3602 24.3928 24.3006 9.69222 7.85074 7.85074 
12.3677 13.6598 23.9984 24.2062 10.0492 7.85938 7.85938 
12.3772 13.1743 24.537 23.5834 10.6137 7.85718 7.85718 
13.623 12.8554 24.2218 23.0162 10.5547 7.86445 7.86445 
12.846 12.7495 26.4787 21.7093 10.5934 7.81154 7.81154 
13.0098 13.1113 25.0657 22.5313 10.6859 7.79798 7.79798 
11.5508 13.4364 24.7653 23.1922 11.3063 7.87453 7.87453 
12.0059 12.1699 24.5322 23.2784 12.351 7.83134 7.83134 
12.6593 11.9673 27.4364 21.5463 10.8194 7.78564 7.78564 
13.4725 12.1061 27.8581 21.2688 9.63713 7.82868 7.82868 
13.8146 12.2277 24.7724 23.285 10.2402 7.83 7.83 
13.884 12.4262 26.0075 22.606 9.27295 7.90171 7.90171 
13.8865 12.2316 27.5099 21.4882 9.2661 7.80888 7.80888 
12.7426 12.2287 26.9211 22.4996 9.96221 7.82294 7.82294 
12.9338 13.1456 26.5856 22.3435 9.3561 7.81772 7.81772 
14.3447 13.3252 25.9937 21.6219 9.17966 7.76738 7.76738 
15.3441 14.4188 25.7393 20.5063 8.46795 7.76181 7.76181 
15.6525 12.4211 27.5276 20.0251 8.79423 7.7897 7.7897 
14.9208 11.4471 27.7841 21.1612 9.12685 7.77998 7.77998 
14.1172 11.1969 28.9808 20.6398 9.29715 7.88407 7.88407 
15.2653 11.9814 27.1044 21.2621 8.59994 7.89341 7.89341 
15.4452 12.2407 25.8959 21.4123 9.29997 7.85295 7.85295 
16.1663 11.0872 26.6897 21.6333 8.6235 7.89999 7.89999 
15.4361 10.9358 27.2337 21.601 9.05031 7.87156 7.87156 
16.1373 11.138 25.6444 22.6562 8.64887 7.88767 7.88767 
16.5377 11.1065 25.2 22.7287 8.72183 7.85263 7.85263 
15.9491 10.8824 26.5499 22.4929 8.43615 7.84481 7.84481 
15.7145 10.7043 27.5164 21.7728 8.70724 7.79237 7.79237 
15.9569 11.2712 26.5308 21.9456 8.71499 7.79027 7.79027 
16.7663 10.7871 26.7502 21.2758 8.75143 7.83453 7.83453 
16.416 11.2952 27.3095 20.31 8.80195 8.01562 7.85169 
17.514 10.8526 27.5349 19.6187 8.65965 7.95103 7.86906 
15.9917 10.8926 28.2369 20.7418 8.50989 7.83404 7.79305 
15.4877 10.3323 28.2878 21.6087 8.65234 7.82581 7.80532 
16.0251 11.2599 28.5189 19.3981 9.16992 7.81916 7.80891 
16.8073 10.6788 26.963 20.6111 9.30809 7.81837 7.81325 
15.7245 11.4142 27.656 20.8975 8.70389 7.80327 7.80071 
17.0263 11.6556 26.0466 20.7381 9.01432 7.76015 7.75887 
19.8088 10.9773 25.4818 19.5053 8.49387 7.86679 7.86615 
17.9291 12.2788 26.4755 19.3205 8.4136 7.79142 7.7911 
15.379 11.7315 26.889 21.9958 8.31864 7.84308 7.84292 
15.3408 10.4921 27.8573 22.2079 8.42978 7.83613 7.83605 
15.4262 9.70149 28.1201 22.3251 8.67034 7.87846 7.87842 
17.0154 10.1664 27.0169 21.2954 8.65411 7.92594 7.92592 
16.5663 10.5777 28.1604 20.3547 8.72266 7.80912 7.80911 
17.1267 10.3909 27.6857 20.8916 8.27289 7.81613 7.81612 
19.2776 10.1274 28.4687 18.439 8.04801 7.81963 7.81963 
19.3561 10.1874 28.5453 18.4068 7.91093 7.79674 7.79674 
20.046 9.27429 30.1589 16.7285 8.30329 7.74452 7.74452 
20.5587 8.74429 30.0795 16.9357 8.08022 7.80083 7.80083 
21.4682 8.2183 29.0257 17.9084 7.88626 7.74657 7.74657 
22.2601 8.97928 28.6363 16.7464 7.83924 7.76939 7.76939 
22.4541 9.01926 28.7781 15.8645 8.44923 7.71745 7.71745 
22.9403 8.70543 29.2492 15.6246 8.07077 7.70488 7.70488 
21.2861 10.0276 27.3546 17.6282 8.02312 7.84017 7.84017 
22.8141 9.45457 27.9865 16.051 7.95893 7.86745 7.86745 
23.9071 9.00811 28.2056 15.2173 7.91782 7.87208 7.87208 
23.8501 8.46957 28.758 14.6776 8.26925 8.07397 7.90156 
21.729 8.48315 31.2091 14.6917 8.0562 7.95855 7.87235 
22.2739 8.43621 29.8663 15.9029 7.88716 7.83834 7.79523 
24.5852 8.18362 28.3814 15.1928 7.9091 7.88469 7.86313 
24.3118 7.93796 27.8125 15.2887 9.08275 7.7885 7.77772 
24.4721 8.38075 27.8768 14.6297 9.13696 7.75454 7.74915 
25.9203 8.05002 28.3244 13.8061 8.42813 7.73692 7.73423 
25.2978 8.24579 30.396 12.4225 8.11017 7.76456 7.76322 
23.0794 8.09641 29.9331 15.1517 8.02859 7.85579 7.85512 
24.0845 8.34928 29.4827 14.0274 8.31537 7.87055 7.87021 
24.9733 8.31257 29.7413 13.0482 8.1232 7.90079 7.90062 
25.6445 9.25497 27.3707 13.7609 8.17344 7.89776 7.89768 
25.4163 9.32673 28.159 13.2714 8.03409 7.89625 7.89621 
24.1807 9.45789 29.6617 12.6289 8.29787 7.88648 7.88646 
24.8974 9.46579 28.1642 13.5074 8.35946 7.80289 7.80288 
23.5598 9.91808 30.3784 11.9389 8.62417 7.79033 7.79033 
24.5072 9.50449 29.9165 11.7876 8.49391 7.89517 7.89516 
24.0183 9.94256 28.6261 12.8142 8.74522 7.92682 7.92682 
23.6646 9.86993 29.009 13.3328 8.42667 7.84855 7.84855 
23.1286 9.74978 28.7637 14.4442 8.28741 7.81316 7.81316 
22.4057 8.75838 29.2686 15.96 8.0272 7.79008 7.79008 
21.9537 10.0106 26.5797 17.7069 8.10916 7.81995 7.81995 
19.5535 10.4797 26.976 18.7075 8.79911 7.74209 7.74209 
21.6815 9.63548 28.3232 16.1303 8.79516 7.7172 7.7172 
23.4687 9.5959 28.8373 14.2085 8.32249 7.78351 7.78351 
22.989 9.7795 30.2858 13.3773 8.03579 7.7663 7.7663 
23.3502 9.52892 28.3732 14.9361 8.1416 7.83504 7.83504 
22.7328 9.4119 27.8084 15.9616 8.55798 7.76367 7.76367 
22.6973 9.38221 29.5517 13.9161 8.77539 7.83867 7.83867 
22.6962 8.94642 29.4921 14.9368 8.28841 7.82004 7.82004 
22.8131 8.4541 28.5996 16.2263 8.12509 7.89091 7.89091 
20.5615 9.15663 28.7364 17.6202 8.2879 7.8187 7.8187 
21.6778 9.35773 29.0741 16.163 8.18807 7.76964 7.76964 
20.4134 10.3526 28.3668 17.3014 7.99474 7.78553 7.78553 
22.5331 9.6902 27.7251 16.116 8.16404 7.88582 7.88582 
22.7006 9.30246 29.9478 14.2595 8.15179 7.81888 7.81888 
24.124 8.66583 30.3024 13.5166 7.90801 7.74156 7.74156 
24.8137 8.35976 31.2586 11.7919 8.31642 7.72984 7.72984 
25.1728 9.19508 29.763 12.1269 8.10958 7.81629 7.81629 
24.6659 9.18469 28.7959 13.5558 8.03032 7.88368 7.88368 
25.1901 8.5606 28.6837 13.762 7.98342 7.91009 7.91009 
25.1342 8.51228 28.9186 13.7776 7.9102 7.87354 7.87354 
24.0898 9.60593 27.628 14.0904 8.27609 8.25776 8.052 
25.2393 8.79602 27.8765 13.6424 8.30471 8.12193 8.01905 
25.4028 9.576 27.6923 13.4555 8.03585 7.94446 7.89302 
24.3293 9.43916 28.1872 13.3169 8.66909 8.2358 7.82248 
22.5305 9.59763 30.1505 12.9593 8.39958 8.38619 7.97628 
21.8107 8.98063 30.5298 13.7524 8.38161 8.55673 7.98814 
22.8457 8.78136 30.0037 13.5926 8.66842 8.19628 7.91198 
23.4228 9.11795 29.5473 13.1599 8.69784 8.09814 7.95599 
24.3377 8.59938 28.5784 14.4924 8.22098 7.92112 7.85005 
23.4433 9.20165 29.6487 13.7822 8.19546 7.88213 7.84659 
22.1979 9.204 29.9037 14.6689 8.22471 7.90932 7.89155 
24.0498 8.70036 29.0502 14.3836 8.04678 7.88909 7.8802 
23.5633 9.53413 28.0703 15.3858 7.86954 7.7907 7.78625 
24.2323 9.70777 28.2644 14.017 8.08497 7.84792 7.8457 
24.7922 9.2553 28.0406 14.4029 7.91572 7.7972 7.79609 
24.4822 8.93228 28.7554 14.1551 7.93137 7.87211 7.87155 
24.4927 8.43965 29.1128 14.1967 7.9392 7.90956 7.90929 
24.835 8.82975 28.7408 14.0133 7.87031 7.85549 7.85535 
24.5487 8.51324 28.4688 14.8755 7.86958 7.86217 7.8621 
24.0684 8.90778 28.5201 14.7467 7.9215 7.9178 7.91776 
21.6161 8.28664 30.1137 16.0842 8.31615 7.79165 7.79163 
22.9791 8.25516 28.5437 16.4302 8.10544 7.84319 7.84319 
23.9457 8.33811 29.3596 14.8818 7.91237 7.78125 7.78124 
22.8343 9.03797 29.8483 14.7443 7.88877 7.82321 7.82321 
22.0336 9.14227 28.9653 16.2762 7.88274 7.84996 7.84996 
22.2973 8.53455 29.1168 16.3698 7.90479 7.88839 7.88839 
22.5821 8.19219 27.869 17.3999 8.2186 7.86911 7.86911 
20.3163 8.42822 27.6529 19.5303 8.26093 7.90568 7.90567 
21.0957 8.90161 28.4098 17.5776 8.12352 7.94589 7.94589 
19.208 9.02597 27.767 19.2463 8.96372 7.89452 7.89452 
18.6799 9.29846 28.57 19.1941 8.44226 7.90765 7.90765 
18.2747 9.46023 28.3743 19.9063 8.17302 7.90572 7.90572 
18.0789 10.387 26.9609 20.7196 8.28359 7.78498 7.78498 
17.4364 9.96452 27.4117 20.4743 8.91279 7.90012 7.90012 
18.9069 9.88792 28.2342 18.539 8.60734 7.91232 7.91232 
19.8701 10.3259 27.6588 17.9501 8.29672 7.94922 7.94922 
18.1542 10.1287 27.1855 20.2764 8.42918 7.91297 7.91297 
17.8132 9.52532 27.905 20.733 8.30381 7.85983 7.85983 
18.1951 9.70337 27.7865 20.0503 8.3021 7.88248 8.08011 
18.0201 9.39714 28.7081 20.1262 8.02311 7.8133 7.91211 
18.1166 8.65046 28.6152 20.8878 7.96344 7.85854 7.90794 
17.7792 9.36399 28.0673 21.1028 8.05149 7.80524 7.82994 
16.9931 8.81993 29.7233 20.5514 8.16368 7.86814 7.88049 
17.0726 8.61708 27.9684 22.7353 7.96533 7.81756 7.82374 
16.6544 8.92109 27.6374 22.6222 8.59521 7.78332 7.78641 
16.3809 9.15853 28.9194 21.0427 8.99559 7.75072 7.75226 
16.4686 9.87728 28.0358 21.4485 8.47131 7.84887 7.84964 
17.9619 9.21879 27.442 20.6464 8.90491 8.01004 7.81587 
18.9061 9.66558 27.3914 19.6865 8.57231 7.9376 7.84052 
19.3857 9.20989 27.6688 19.9443 8.15821 7.84086 7.79231 
18.932 9.31509 28.146 19.7547 8.06461 7.90594 7.88166 
19.2221 9.18716 28.0103 20.1561 7.86506 7.78572 7.77358 
19.8759 8.89822 27.0846 20.0118 8.40273 7.86637 7.8603 
21.521 9.27536 27.2489 16.9557 9.22067 7.79419 7.98421 
22.6923 8.99374 28.0184 15.6748 8.777 7.87437 7.96938 
22.66 8.87643 26.9654 16.4141 9.31551 7.95178 7.8168 
21.33 9.22988 28.066 15.082 9.65775 8.35089 8.2834 
22.3557 8.93149 28.7812 14.7353 8.96557 8.13228 8.09854 
22.9834 8.97963 28.2795 15.1801 8.47584 8.0592 8.04232 
21.9835 8.42424 29.3857 15.6229 8.66415 7.96402 7.95559 
21.5622 8.23897 29.9613 16.0329 8.52671 7.84107 7.83685 
22.013 8.28615 28.5676 17.0744 8.24886 7.90604 7.90393 
22.0591 8.17816 29.3715 15.7302 9.03671 7.81267 7.81162 
21.1341 8.96713 29.6683 16.4017 8.35111 7.73909 7.73856 
22.1329 8.93196 28.1794 17.0976 8.09014 7.78413 7.78387 
23.5664 9.61304 28.0603 14.7988 8.45684 7.75236 7.75223 
20.6765 9.74723 29.4452 15.8974 8.37862 8.02638 7.82868 
21.0525 9.9488 27.8805 17.1592 8.13668 7.96056 7.86171 
20.6386 9.84332 28.7342 16.4448 8.56272 7.91286 7.86344 
20.6286 9.21719 28.6283 16.8135 8.92054 7.90832 7.88361 
20.1256 8.94822 30.1632 15.9539 8.98857 7.91642 7.90407 
21.8275 9.0697 28.5007 16.4328 8.5384 7.81851 7.81233 
21.5804 9.36818 28.2504 16.7164 8.2692 7.90925 7.90616 
22.9995 9.52905 29.2415 14.5598 8.01057 7.8306 7.82905 
22.8024 8.97909 27.8391 16.6669 8.21984 7.74672 7.74594 
21.5227 9.7527 27.8872 16.2282 8.76579 7.92194 7.92155 
22.2998 9.12736 28.1136 14.9967 9.2412 8.21198 8.00936 
14 14 14 14 14 14 14 
16.6189 13.3521 17.8893 13.8966 12.4446 13.8058 10.9927 
17.4779 13.1792 20.9916 13.8779 13.685 10.8475 9.44093 
17.6205 13.2782 21.0221 14.724 15.0662 9.3711 8.66783 
17.1062 14.823 19.5918 14.9853 16.5017 8.60932 8.25768 
18.0509 13.9617 20.7129 14.6979 16.2203 8.23479 8.05897 
18.4637 14.5089 19.5699 15.4388 15.9753 8.04998 7.96207 
16.438 15.6802 19.3193 16.256 16.3025 8.01612 7.97217 
16.0516 16.1019 20.4966 16.4971 14.8036 8.08531 7.95604 
14.5031 17.2555 21.271 17.1122 13.8791 8.01993 7.95529 
13.1837 17.7379 22.1821 16.7129 14.3548 7.92946 7.89714 
13.508 15.1048 23.2226 17.5401 14.547 8.15974 7.91682 
12.4649 15.2447 21.6346 17.9775 16.7141 8.04257 7.92112 
11.9628 16.3864 20.5926 18.8764 16.3346 7.95387 7.89314 
11.851 16.128 21.4919 18.8947 15.8847 7.88998 7.85961 
11.0647 16.094 21.2385 19.9399 15.8652 7.90645 7.89126 
11.9025 16.5806 19.7539 20.5469 15.3845 7.91957 7.91198 
10.9406 18.4814 20.1742 19.0845 15.5479 7.8876 7.8838 
10.7159 19.397 18.5692 19.5869 16.0329 7.85005 7.84815 
9.91349 18.5874 19.7291 20.2379 15.6831 7.92502 7.92408 
9.26513 17.4569 21.3158 22.0237 14.0774 7.93077 7.93029 
10.0871 18.1603 20.2033 22.1482 13.516 7.94266 7.94242 
9.22811 19.5952 20.6167 19.9797 14.6979 7.94128 7.94117 
8.76203 18.7662 20.7344 20.6401 15.3086 7.89441 7.89435 
8.33706 21.471 20.2573 19.8805 14.2477 7.90325 7.90322 
8.25944 20.0537 20.1286 19.713 15.9875 7.9289 7.92888 
8.23339 20.178 20.8635 19.7917 15.0132 7.96013 7.96012 
8.15257 20.2908 20.4093 20.0976 15.242 7.90383 7.90383 
9.2754 21.0967 19.1648 19.4515 15.1431 7.93422 7.93421 
10.1807 20.0506 18.9716 17.7574 17.187 7.92638 7.92638 
9.53479 19.9142 18.0413 16.3231 19.7046 8.51875 7.96319 
10.2325 20.7711 19.1369 15.4872 18.2244 8.21286 7.93508 
9.72455 19.7173 20.1676 17.421 17.0615 8.02348 7.88459 
9.0381 21.1773 20.3036 17.7215 15.8934 7.96778 7.89834 
9.47297 20.8421 19.2532 18.1925 16.472 7.90094 7.86622 
9.1043 19.1567 20.5461 18.1767 17.3165 7.85852 7.84116 
9.53003 21.0828 20.0076 18.7123 14.8529 7.91156 7.90288 
9.94148 19.8355 19.5332 19.7091 15.0735 7.95578 7.95144 
11.4925 19.4588 20.8777 18.4294 13.817 7.9634 7.96123 
10.841 21.4593 20.8654 19.1673 11.8848 7.89165 7.89057 
13.0856 19.574 20.6921 19.4893 11.4848 7.83734 7.83679 
13.0594 19.3841 20.5356 19.8157 11.5481 7.82862 7.82835 
11.7306 18.7937 21.7335 20.428 11.6842 7.81502 7.81488 
12.1293 17.898 22.2762 19.8337 12.2179 7.8225 7.82243 
12.9043 18.1471 21.0437 20.2942 12.0052 7.80276 7.80272 
12.1631 19.2134 21.1279 19.8208 11.9467 7.86408 7.86407 
10.6792 17.8826 23.7824 20.9449 11.0308 7.84009 7.84008 
10.6794 16.951 23.9057 21.3948 11.462 7.80354 7.80353 
9.577 16.829 24.7858 21.2301 11.7843 7.89693 7.89692 
9.14685 16.4048 23.5309 23.0848 11.9454 7.94362 7.94362 
10.6237 16.6499 23.0668 21.8164 11.9088 7.96724 7.96724 
9.63282 17.9546 22.768 21.6489 12.1272 7.93424 7.93424 
9.95995 18.3074 21.3122 22.7862 11.8052 7.91449 7.91449 
9.69012 18.8156 22.0088 21.6588 11.9413 7.94275 7.94275 
10.8451 17.6578 22.0044 20.7044 12.8456 7.97138 7.97138 
10.7797 18.1146 22.6689 20.3522 11.78 8.39045 7.91426 
11.3177 18.2068 22.0303 20.872 11.4312 8.19007 7.95197 
12.7502 17.7572 21.5921 20.8927 11.0041 8.06138 7.94233 
12.0262 18.2152 23.6953 18.0631 12.1359 7.96189 7.90237 
12.8591 18.3986 23.2168 16.8555 12.9139 7.89293 7.86317 
12.4597 18.8727 21.1562 18.8549 12.9896 7.84094 7.82606 
11.7463 18.3565 23.0194 17.8781 12.5981 8.49793 7.90364 
11.8528 16.4302 23.7234 20.3895 11.5153 8.19299 7.89584 
10.7982 15.7792 23.0156 22.5024 11.3987 8.58367 7.92228 
10.4359 15.2606 23.7928 23.1677 11.2276 8.22304 7.89234 
10.0039 14.5573 25.2465 23.9264 10.2738 8.14175 7.85045 
10.5999 14.2761 25.8548 23.0319 10.3532 8.01489 7.86925 
10.702 15.6808 25.4902 22.9481 9.44794 7.90192 7.8291 
9.94416 15.9769 24.6874 24.0725 9.05468 8.4129 7.85156 
10.4014 14.6803 25.6013 23.5261 9.83037 8.12059 7.83992 
10.0059 15.1324 25.5279 23.841 9.72038 7.9564 7.81606 
9.5249 16.0933 25.0379 23.0316 10.6741 7.85417 7.784 
10.1023 14.3573 26.4752 23.409 10.0701 7.81058 7.7755 
10.4667 14.4835 26.084 23.0395 10.3247 7.80957 7.79203 
10.6902 14.3483 27.509 22.3066 9.47708 7.8388 7.83003 
11.8085 15.5888 25.3399 21.885 9.73854 7.82184 7.81745 
11.8409 15.4461 23.8837 23.4755 9.61861 7.8687 7.86651 
11.6115 14.7691 23.4594 24.0684 10.3649 7.86389 7.86279 
11.8705 14.5274 23.0505 24.7026 10.169 7.8403 7.83975 
10.8533 14.2309 23.9569 25.1929 10.0025 7.8819 7.88163 
10.7742 14.201 25.4811 23.6927 10.2152 7.81795 7.81782 
10.9427 14.2434 25.9681 23.222 9.86948 7.87723 7.87716 
11.2406 12.4788 26.4456 23.6989 10.2919 7.92213 7.9221 
12.6664 11.1175 27.5859 22.8251 10.024 7.89061 7.89059 
11.3604 12.2163 26.4288 23.2332 10.9903 7.88552 7.88551 
11.8135 12.1082 26.0144 22.6833 11.4951 7.94276 7.94276 
11.5102 11.2265 27.0877 23.5543 10.92 7.85069 7.85069 
10.5679 10.5598 27.1802 24.7451 11.3423 7.80235 7.80235 
11.1411 10.5656 28.5901 23.6582 10.2426 7.90118 7.90117 
13.1909 10.8978 26.7282 23.4601 10.0678 7.82759 7.82759 
12.4621 13.5822 24.4308 23.4634 10.2339 7.9138 7.9138 
12.8695 15.1244 24.6448 20.4888 11.0492 7.9117 7.9117 
13.4347 13.5622 25.4652 19.673 11.9532 7.95585 7.95585 
13.384 13.4478 25.1964 21.1408 11.049 7.89097 7.89097 
12.9607 12.2463 25.434 22.5107 11.1962 7.82608 7.82608 
13.3375 11.5517 27.4313 21.2554 10.5981 7.91304 7.91304 
16.2118 11.0178 25.678 21.5148 9.86893 7.85437 7.85437 
16.2384 11.2318 25.6402 20.6971 10.5068 7.84285 7.84285 
15.1573 12.654 25.4301 20.7591 10.2387 7.88037 7.88037 
13.359 13.8415 24.4202 22.0848 10.6107 7.84192 7.84192 
13.6996 14.8004 23.8147 21.7874 10.3197 7.78915 7.78915 
14.1414 16.3288 25.5978 18.7806 9.62412 7.76362 7.76362 
14.3435 15.8917 26.1322 16.9661 11.0242 7.82121 7.82121 
14.2714 14.8945 25.906 17.8486 11.4033 7.8381 7.8381 
13.2333 14.307 28.6542 17.4609 10.5797 7.88246 7.88246 
13.1448 11.6045 28.8672 21.045 9.7409 7.7988 7.7988 
12.1747 11.8247 27.4588 22.9875 9.91246 7.82097 7.82097 
12.9555 11.5442 28.8393 21.5212 9.35184 7.894 7.894 
13.8901 10.8934 28.9749 21.2727 9.25813 7.85536 7.85536 
15.0846 10.3886 28.1502 21.8282 8.84418 7.8521 7.8521 
15.1542 10.8659 27.2094 22.4067 8.75045 7.80665 7.80665 
14.5572 10.5612 26.7101 23.454 8.93363 7.89193 7.89193 
12.8341 12.0057 26.9516 24.0077 8.41418 7.89333 7.89333 
12.9322 11.1544 26.9606 24.5796 8.60103 7.88606 7.88606 
14.2247 10.0312 28.7102 23.0657 8.3235 7.82234 7.82234 
13.8771 10.7509 27.4433 23.0034 9.16175 7.88176 7.88176 
14.1027 10.1516 27.453 23.442 9.20774 7.82148 7.82148 
14.3462 10.243 26.4925 23.8791 9.31512 7.86211 7.86211 
14.7093 10.9186 27.8839 21.5047 9.29524 7.8441 7.8441 
15.8483 10.267 27.4035 21.3293 9.61557 7.7682 7.7682 
15.943 11.4228 25.4942 21.3565 10.1537 7.81492 7.81492 
15.908 12.5368 24.3344 20.6782 10.7911 7.87571 7.87571 
15.147 11.5316 25.8514 21.9181 9.95697 7.79751 7.79751 
16.5139 12.3883 25.0118 20.8928 9.44868 7.87226 7.87226 
16.0595 11.6082 26.5186 20.6375 9.34218 7.91702 7.91702 
17.5839 10.5812 27.7498 18.9175 9.28892 7.9394 7.9394 
16.9938 10.0224 29.0168 19.5534 8.58768 7.91292 7.91292 
17.2319 10.4329 29.4181 18.9634 8.2095 7.87212 7.87212 
17.5865 10.3635 29.1208 19.0405 8.07534 7.90665 7.90665 
19.7995 9.42704 27.139 19.7404 8.12572 7.88414 7.88414 
18.0431 9.76238 27.7389 20.1308 8.62312 7.85087 7.85087 
18.5533 10.734 27.4146 18.2594 9.49551 7.77159 7.77159 
18.0515 10.665 26.4556 19.0635 10.0458 7.8593 7.8593 
17.1855 11.0617 26.4223 19.9484 9.53677 7.92271 7.92271 
19.6677 10.254 26.2404 19.2576 8.84005 7.87015 7.87015 
19.2801 10.6644 26.1495 19.075 9.14315 7.84387 7.84387 
19.9679 11.0699 26.3535 18.39 8.506 7.85636 7.85636 
20.7683 10.7637 27.8826 15.7309 9.15496 7.84975 7.84975 
18.9511 11.4566 29.0503 16.1209 8.78309 7.81896 7.81896 
17.4147 11.6405 27.8698 18.8713 8.61452 7.79461 7.79461 
17.6478 10.456 28.1733 19.0383 8.94302 7.87082 7.87082 
17.8204 11.1104 26.5434 19.7268 8.96978 7.91465 7.91465 
19.0857 11.5201 27.3068 17.9336 8.51998 7.81697 7.81697 
18.8676 10.744 27.1582 19.2562 8.44005 7.76701 7.76701 
19.8948 10.3365 26.5224 19.3799 8.29804 7.78421 7.78421 
18.5805 10.0244 27.6497 19.582 8.46557 7.84894 7.84894 
18.1338 10.2843 27.9405 19.4849 8.48448 7.83604 7.83604 
17.6762 9.94347 27.712 20.0073 8.878 7.89153 7.89153 
17.3415 9.56357 27.1213 21.5683 8.6907 7.85733 7.85733 
17.0325 10.2425 27.5538 21.0231 8.44091 7.85358 7.85358 
18.3438 10.1213 27.0528 19.8219 8.87563 7.89231 7.89231 
17.0844 10.6162 27.6678 20.1803 8.81492 7.81821 7.81821 
16.6178 10.6346 28.6105 19.7121 8.70299 7.86099 7.86099 
17.5856 10.3487 28.4562 19.4473 8.43955 7.86131 7.86131 
17.2998 11.0771 28.4642 18.5778 8.73366 7.92371 7.92371 
19.0665 11.5992 27.4897 17.0541 8.72289 8.12852 7.93913 
20.9571 10.932 26.9899 16.8052 8.33496 8.03777 7.94307 
19.0594 10.2515 29.6666 16.8184 8.29289 7.97928 7.93193 
20.5467 9.87151 29.2401 16.3753 8.21424 7.88795 7.86427 
20.9876 8.86433 29.2629 16.9377 8.21426 7.87254 7.86071 
22.3089 9.39792 30.0424 14.2907 8.21672 7.87463 7.86871 
21.3157 8.89251 29.8599 16.3389 7.97933 7.80828 7.80532 
20.9228 8.58533 29.9962 16.7787 7.96317 7.87765 7.87617 
20.8004 9.03843 29.2354 17.0334 8.21888 7.83713 7.83639 
23.3631 9.06467 28.0857 15.5874 8.31819 7.79062 7.79025 
24.9628 8.90733 26.8554 15.6062 8.06535 7.80156 7.80137 
23.4303 9.19819 30.3985 13.6425 7.86479 7.7329 7.7328 
23.687 9.88079 29.2837 13.5114 8.15775 7.73969 7.73964 
23.4476 9.5479 27.6112 15.8001 8.00379 7.79476 7.79474 
21.8302 9.20657 28.1673 17.2972 7.9026 7.79809 7.79808 
20.4714 9.04015 28.5888 18.3756 7.87622 7.82396 7.82395 
21.4221 9.60482 28.3622 16.9844 8.0059 7.81028 7.81028 
21.8586 10.3762 28.4434 15.7053 7.93738 7.83957 7.83957 
19.7946 10.6845 28.4061 17.6044 7.8694 7.82049 7.82049 
20.599 9.90368 27.8873 18.2759 7.79435 7.7699 7.7699 
18.0044 9.86987 28.8617 19.7937 7.8316 7.81937 7.81937 
16.4675 10.3169 28.3197 21.008 8.08247 7.90274 7.90274 
18.3032 9.67233 28.2224 19.879 8.03429 7.94443 7.94443 
18.6516 10.1695 26.4445 19.9395 8.85048 7.97221 7.97221 
