5 80000 300 266
14 14 14 14 14 14 14 
13.7613 12.5927 18.7696 14.5125 11.9249 14.596 12.8431 
15.0936 11.9822 21.1177 16.2815 11.5581 12.5327 10.9342 
16.0298 12.0789 22.6347 17.522 10.9687 11.0567 9.4591 
14.6618 12.4879 22.23 18.1856 12.2304 11.3815 8.6978 
13.1609 13.0621 23.8621 19.1719 11.7476 10.6315 8.30147 
12.6244 11.8058 24.1288 20.6848 12.7969 9.82124 8.10678 
11.7235 12.5046 24.6185 20.6238 13.7577 8.80672 7.94949 
10.9822 14.7864 22.751 21.5569 13.5054 8.51983 7.89041 
9.4707 15.6585 21.7837 23.5335 12.9772 8.64767 7.9248 
8.97089 17.0235 22.4621 22.7172 12.4803 8.45607 7.88802 
9.19856 17.6306 20.9647 22.6291 12.2852 9.35098 7.93991 
8.51232 17.2936 21.3519 22.4015 12.6644 9.89288 7.883 
8.62992 17.0961 21.1133 22.4334 13.5886 9.2208 7.91764 
8.23445 17.6582 21.2558 22.5514 13.8918 8.52989 7.87831 
9.27073 18.0396 21.0446 20.9248 14.402 8.43161 7.88652 
8.65599 17.9889 23.3058 20.05 13.799 8.33952 7.86079 
8.58331 16.8668 23.5678 21.5144 12.4314 9.16976 7.86656 
8.78145 16.4946 25.6614 21.4715 10.7055 8.97263 7.91287 
9.39073 16.2681 25.1224 20.5274 11.2902 9.48632 7.91477 
10.3087 17.0738 25.7629 18.7876 11.4663 8.69326 7.90749 
9.26826 16.3428 26.5945 19.5204 12.1678 8.24958 7.8567 
10.4583 15.4241 25.6049 20.0899 12.3476 8.19073 7.88439 
11.1687 17.3233 25.0055 17.7123 12.5453 8.30703 7.93788 
11.8075 16.2797 23.5543 20.1223 12.1739 8.12347 7.9389 
11.6085 17.7595 21.7324 18.786 13.6932 8.53601 7.88444 
10.3904 18.4994 21.4926 18.5652 13.7817 9.41342 7.85721 
11.0285 17.1664 22.6213 18.9701 13.4534 8.87338 7.88694 
11.0462 18.9023 21.6298 18.634 13.5352 8.37286 7.87964 
10.2401 18.4658 23.708 19.4847 12.0087 8.16966 7.92305 
10.12 17.2091 24.1159 20.2185 12.0758 8.37054 7.8901 
9.21757 18.4514 22.9989 20.9408 12.3836 8.124 7.88378 
8.72134 17.1261 23.9453 22.9163 11.3866 8.06633 7.83799 
8.88605 18.0553 22.3479 21.5023 12.7573 8.55855 7.89251 
8.40136 18.8193 23.049 21.4803 12.1078 8.23761 7.90459 
8.10363 18.7979 23.0224 22.1326 12.0666 8.02176 7.85525 
8.05182 18.6621 23.827 21.8031 11.7175 8.01088 7.92762 
8.57136 18.3111 23 22.0989 12.0672 7.99657 7.95494 
8.41412 16.495 24.2293 21.9439 12.7996 8.2414 7.87655 
9.68952 14.1685 23.5182 23.0334 13.6367 8.06807 7.88565 
9.66275 13.5083 24.3929 22.7587 13.5635 8.20962 7.90428 
9.21936 13.4516 24.6676 23.9659 12.7864 8.03091 7.87824 
8.64018 12.826 26.0593 23.4209 12.9291 8.26382 7.86069 
9.19814 14.5061 26.3334 22.7969 11.1209 8.12304 7.92147 
9.30759 13.6432 26.5075 22.9455 11.7264 7.98529 7.8845 
8.58898 14.9235 27.1426 21.8894 11.1873 8.39079 7.87744 
9.17772 13.9373 28.5395 20.4989 11.5384 8.44168 7.86653 
8.50385 14.4631 29.5941 20.8758 10.4672 8.24769 7.84825 
9.63834 12.8521 31.8931 18.6346 10.9713 8.10511 7.90539 
11.4936 14.3886 27.0707 20.9098 10.1695 8.03382 7.93396 
10.3473 14.095 25.6419 23.53 10.4116 8.01207 7.96214 
9.54147 13.0245 25.3497 25.673 10.6081 7.91408 7.88911 
9.94315 13.064 26.2381 25.1354 9.90176 7.86509 7.8526 
9.59445 14.0746 27.1093 23.3949 10.182 7.82549 7.81925 
8.92458 14.3486 27.116 22.6644 11.341 7.80425 7.80113 
9.17493 15.1053 25.0522 24.6656 10.3831 7.81017 7.80861 
9.64629 15.3174 25.232 22.6857 11.3092 7.90509 7.90431 
10.4306 14.4344 25.2328 22.441 11.6126 7.92451 7.92412 
10.2602 12.3741 26.0693 24.7855 10.4027 8.22234 7.88582 
10.2646 13.522 24.4039 25.1067 10.8248 8.02315 7.85489 
9.09267 14.558 25.5683 24.9296 9.99162 7.97197 7.88784 
8.4937 13.858 27.0186 25.1442 9.66088 7.93335 7.89129 
8.21881 13.9383 27.7616 25.0721 9.15287 7.93864 7.91761 
9.55964 14.5521 26.3216 24.1474 9.31577 8.23472 7.86876 
9.07958 16.4898 26.92 22.0246 9.57189 8.04857 7.86558 
8.53522 16.4641 27.2728 21.6287 10.1512 8.01972 7.92822 
9.74025 16.0679 25.9498 22.0084 10.2995 7.98996 7.94421 
10.6991 15.1583 27.8713 20.8488 9.68343 7.88099 7.85812 
9.59714 15.8316 28.0133 21.4681 9.45337 7.82399 7.81255 
9.12549 14.8869 27.7086 23.234 9.29399 7.87834 7.87262 
8.47473 14.1672 27.7907 25.3089 8.55898 7.85115 7.84829 
9.1982 15.1776 26.1669 24.1427 9.63197 7.84202 7.8406 
10.3981 13.9032 25.97 24.1848 9.71289 7.91586 7.91514 
9.9254 14.9118 24.8009 24.0327 10.4535 7.93803 7.93767 
10.6018 13.5963 24.9318 25.0489 10.1139 7.85373 7.85355 
10.4029 12.5379 26.2414 24.8969 10.159 7.88094 7.88086 
11.4058 11.8651 26.8677 24.6139 9.58072 7.83342 7.83337 
11.135 11.4881 29.1128 22.6773 9.85209 7.86733 7.8673 
12.8402 12.6272 26.1149 23.1568 9.60137 7.82977 7.82976 
14.2868 11.7802 25.7241 23.3118 9.06735 7.91488 7.91488 
13.4553 13.0683 25.6096 22.4232 9.60793 7.91784 7.91783 
12.5416 11.8313 25.9831 23.0979 10.8763 7.83489 7.83489 
12.1132 9.85588 27.9372 24.049 10.3295 7.85766 7.85766 
11.5444 11.6353 27.2613 24.2196 9.67693 7.83127 7.83127 
10.733 12.4756 27.4688 23.9897 9.66875 7.83208 7.83208 
10.7281 12.8463 26.3279 24.339 9.94659 7.90607 7.90607 
11.63 12.9449 25.568 24.5736 9.449 7.91723 7.91723 
11.1047 12.2659 26.1341 24.7553 10.0142 7.8629 7.8629 
11.4347 13.2941 26.3663 23.7587 9.35491 7.89564 7.89564 
11.4615 12.1301 27.2824 24.0204 9.3772 7.86427 7.86427 
11.6952 13.1716 26.4584 23.3046 9.51093 7.99305 7.86615 
11.6704 12.4086 28.4191 23.0447 8.67952 7.92058 7.85712 
11.5296 13.1487 27.2651 22.7724 9.61754 7.84918 7.81745 
13.1178 12.7241 27.1352 21.4129 10.0227 7.80159 7.78573 
13.5789 10.9466 28.4673 22.5976 8.87953 7.76899 7.76106 
13.9323 10.8618 27.2662 22.9529 9.4523 7.76921 7.76524 
11.1554 11.1066 28.2277 24.8548 9.05047 7.80352 7.80154 
11.3263 11.3019 26.9481 25.9301 8.937 7.77877 7.77778 
10.3549 12.6215 26.3427 26.2358 8.89209 7.77678 7.77629 
11.6042 11.9663 27.1816 25.0716 8.43062 7.87297 7.87272 
10.7728 12.4159 26.7487 26.1323 8.16268 7.88385 7.88373 
10.1617 12.2473 28.5429 25.2853 8.01392 7.87451 7.87445 
10.5475 10.7903 26.5381 27.0426 9.20696 7.93726 7.93722 
10.3462 10.1778 28.4864 26.2749 8.95131 7.88167 7.88166 
11.4058 10.2135 27.2626 26.5724 8.90779 7.81895 7.81894 
11.8673 10.1753 27.7409 24.93 9.52239 7.88208 7.88207 
10.6955 10.2697 29.4167 23.9496 9.94327 7.86261 7.86261 
11.3996 10.1781 28.6853 24.799 9.2944 7.82179 7.82179 
12.6891 10.5998 27.6491 24.8995 8.54505 7.80875 7.80875 
13.5491 9.19039 29.0983 24.4094 8.16301 7.79486 7.79486 
14.2458 10.055 28.6296 23.5553 7.96082 7.77674 7.77674 
14.3068 9.4815 28.3953 24.4213 7.85972 7.76768 7.76768 
13.6469 9.67582 30.0418 21.9509 9.12466 7.77994 7.77994 
14.0506 10.0002 27.8528 23.2173 9.1346 7.87227 7.87227 
15.0085 9.62192 27.0916 24.0737 8.48887 7.85771 7.85771 
14.2839 8.76576 28.5176 24.4662 8.19924 7.88365 7.88365 
15.3718 9.50711 26.3706 24.8107 8.29217 7.82382 7.82382 
15.3782 10.079 28.422 21.8728 8.43602 7.90599 7.90599 
14.7687 11.2342 27.4853 21.7034 8.93778 7.9353 7.9353 
15.042 10.1216 28.9078 21.8126 8.37279 7.87155 7.87155 
14.2071 10.8748 29.5702 21.5168 8.11081 7.86019 7.86019 
15.8056 9.56717 27.617 23.1478 8.03771 7.9124 7.9124 
14.7144 9.42127 26.9969 24.4724 8.65654 7.86924 7.86924 
15.4317 8.7479 26.6972 25.2797 8.21026 7.81661 7.81661 
16.2405 9.45592 26.6273 23.2956 8.69529 7.84273 7.84273 
15.4732 8.69855 29.3431 22.3831 8.31823 7.89195 7.89195 
16.1685 10.1185 28.1331 21.3986 8.30113 7.94006 7.94006 
17.9569 9.04014 27.7608 21.2089 8.13146 7.95092 7.95092 
17.7844 9.14694 29.4028 19.5597 8.39409 7.85606 7.85606 
17.4096 8.67442 27.7929 22.2404 8.14026 7.87125 7.87125 
16.0577 9.19015 28.6023 22.2967 8.04072 7.90621 7.90621 
16.1034 8.47706 28.7422 23.1049 7.90235 7.83509 7.83509 
17.1566 9.33112 28.26 21.8919 7.8092 7.77557 7.77557 
16.4991 8.95599 27.9914 22.9922 7.865 7.84818 7.84818 
17.0033 8.6323 27.9423 23.0688 7.79006 7.78166 7.78166 
18.1535 9.85412 26.7876 21.5027 8.00896 7.84653 7.84653 
18.8488 8.83586 27.5632 21.1748 7.91327 7.83206 7.83206 
17.9871 8.39346 28.9192 20.985 7.93217 7.89156 7.89156 
16.9623 8.10298 28.9909 21.7425 8.49734 7.85203 7.85203 
18.0723 7.98231 26.6023 22.9782 8.65118 7.85683 7.85683 
17.8136 7.90965 25.8404 24.4985 8.24409 7.84691 7.84691 
17.3139 8.08462 28.1119 22.5737 8.10434 7.90576 7.90576 
18.5077 7.92291 28.6828 21.2869 7.93277 7.83348 7.83348 
17.4109 8.64423 28.6919 21.6706 7.89388 7.84423 7.84423 
17.767 8.69105 26.9673 23.133 7.83043 7.80561 7.80561 
17.1666 8.41179 28.2427 21.9581 8.58389 7.81847 7.81847 
15.8341 8.13339 26.9612 25.1784 8.21944 7.83673 7.83673 
15.9916 8.5698 26.8346 24.701 8.30227 7.80035 7.80035 
16.5032 8.1655 27.4472 24.2908 8.03173 7.78077 7.78077 
16.1304 8.02214 29.4812 22.7515 7.95526 7.82978 7.82978 
18.005 7.92673 28.596 21.9179 7.89329 7.83055 7.83055 
18.4161 7.82139 28.3412 22.0701 7.80467 7.7733 7.7733 
17.6826 8.57171 28.1537 22.052 7.85714 7.84145 7.84145 
18.5592 8.20435 29.9075 19.8034 7.84706 7.83922 7.83922 
19.6901 8.06112 28.4435 20.1656 7.88248 7.87856 7.87856 
21.7291 7.9436 26.8305 19.9379 7.85428 7.85232 7.85232 
21.295 7.94531 25.998 20.7305 8.23178 7.89967 7.89967 
20.9865 8.37944 28.9312 17.8229 8.01419 8.01763 7.84814 
20.2615 9.15661 28.8696 17.6863 8.14617 7.98233 7.89758 
20.3188 8.4968 29.7953 17.6206 7.99158 7.90966 7.86729 
20.3831 8.88099 29.5941 17.117 8.14914 7.94844 7.92725 
21.6154 8.414 27.711 18.3267 8.04808 7.94773 7.93714 
21.4399 8.22999 29.0854 16.7783 8.76542 7.85318 7.84788 
19.3187 8.41436 28.0777 20.0134 8.3636 7.90748 7.90483 
21.0837 8.06475 27.5403 19.3539 8.3361 7.81131 7.80998 
21.6529 7.8904 26.4245 20.4794 8.02608 7.76368 7.76302 
20.6598 7.9452 27.5456 20.073 8.01304 7.88184 7.88151 
21.0006 8.54577 28.4069 18.2682 7.96993 7.90433 7.90417 
21.6654 8.15638 28.7666 17.872 7.86846 7.83566 7.83558 
22.3152 8.29331 29.4996 16.3488 7.85865 7.84225 7.84221 
24.6192 7.99281 28.2113 15.8667 7.77548 7.76728 7.76726 
27.6429 7.9964 28.2723 12.4333 7.88774 7.88364 7.88363 
27.6676 7.9982 30.1362 10.3705 7.94387 7.94182 7.94181 
28.0966 8.00551 28.6899 11.7558 7.81809 7.81706 7.81706 
28.6167 8.3193 29.0931 10.1944 8.04573 7.86537 7.86537 
29.4419 8.01722 30.1252 8.95478 7.88043 7.79025 7.79025 
30.727 7.97202 28.9346 8.74568 7.90363 7.85854 7.85854 
29.9789 7.98601 28.9288 9.29592 7.95182 7.92927 7.92927 
28.6943 7.90867 30.7295 9.01543 7.89157 7.8803 7.8803 
28.419 8.29565 30.1851 9.59754 7.838 7.83236 7.83236 
28.5886 8.06939 27.6742 12.1517 7.84057 7.83775 7.83775 
27.5956 8.36162 28.9012 11.5246 8.08695 7.76503 7.76503 
27.2653 8.20558 29.4661 11.6446 7.91344 7.75248 7.75248 
27.284 8.05016 28.7133 12.4013 7.90409 7.82361 7.82361 
27.7486 7.94357 29.0902 11.6865 7.87054 7.8303 7.8303 
29.7204 7.97179 28.2374 10.3048 7.93527 7.91515 7.91515 
27.9037 8.1665 30.005 10.3363 7.98101 7.80373 7.80373 
26.9953 7.9294 29.2165 12.526 7.83666 7.74802 7.74802 
28.3295 7.94024 27.911 12.2263 7.89387 7.84954 7.84954 
27.9352 7.90454 29.5293 11.0312 7.88136 7.8592 7.8592 
27.8938 7.81133 31.5432 9.37466 7.79974 7.78866 7.78866 
27.9767 8.23402 29.9507 10.5082 7.78047 7.77493 7.77493 
28.095 8.03551 30.0224 10.4265 7.80873 7.80596 7.80596 
27.4621 8.59092 29.3405 11.0059 7.86778 7.86639 7.86639 
27.5242 8.21396 27.9931 12.713 7.85238 7.85169 7.85169 
27.694 7.97695 28.7024 12.2389 7.79616 7.79582 7.79582 
26.9963 7.88458 29.1239 12.6129 7.79418 7.79401 7.79401 
26.2674 7.94229 28.8697 13.2295 7.89709 7.89701 7.89701 
26.9891 7.88681 27.5372 13.9943 7.86421 7.86417 7.86417 
27.0592 7.88662 26.3869 15.0413 7.87532 7.8753 7.8753 
27.5048 7.8253 27.3239 13.8871 7.81965 7.81964 7.81964 
27.0742 7.89189 28.3678 12.9989 7.88906 7.88906 7.88906 
27.8004 7.86444 30.3281 10.418 7.86303 7.86302 7.86302 
26.9843 7.8263 30.8961 10.8165 7.82559 7.82559 7.82559 
27.7123 7.88869 29.0566 11.6773 7.88833 7.88833 7.88833 
29.3081 7.8802 28.0852 11.0865 7.88003 7.88003 7.88003 
26.9641 7.89147 28.1763 13.294 7.89138 7.89138 7.89138 
26.0217 7.91399 28.6913 13.6311 7.91394 7.91394 7.91394 
26.7422 7.83759 27.9278 13.9797 7.83757 7.83757 7.83757 
26.284 8.4233 27.6275 14.1971 7.82269 7.82269 7.82269 
26.3253 8.07017 28.1225 14.0117 7.93064 7.76987 7.76987 
25.3883 8.26706 28.9515 13.9024 7.88381 7.80343 7.80343 
26.732 8.07675 28.1982 13.4181 7.88512 7.84493 7.84493 
24.8118 8.40584 28.5569 14.691 7.85822 7.83813 7.83813 
24.0623 8.19065 27.622 16.3946 7.91684 7.90679 7.90679 
25.8393 8.01974 26.7471 15.7554 7.88284 7.87782 7.87782 
25.6555 7.94069 29.254 13.5381 7.87224 7.86973 7.86973 
26.0899 7.93376 28.9563 13.3239 7.89953 7.89828 7.89828 
26.1793 7.84748 28.3587 14.1246 7.83036 7.82974 7.82974 
24.6732 7.88268 28.8421 14.9802 7.87413 7.87381 7.87381 
24.3496 7.83745 29.0315 15.2823 7.83317 7.83301 7.83301 
26.2323 7.91233 27.455 14.3504 8.22968 7.91012 7.91012 
28.6 7.82713 27.9211 12.0139 7.98581 7.82603 7.82603 
28.2344 8.66767 28.3868 10.7611 8.2552 7.84744 7.84744 
28.5771 8.51502 30.047 9.3875 7.96035 7.75647 7.75647 
29.6509 8.17055 29.5163 9.1865 7.89322 7.79128 7.79128 
29.569 7.93143 29.8222 9.40094 7.79276 7.74179 7.74179 
29.3742 8.22103 29.5008 9.41172 7.84775 7.82226 7.82226 
28.9509 8.09825 28.4007 10.8408 7.9116 7.89886 7.89886 
26.3504 8.58037 29.6691 11.3579 8.3308 7.85568 7.85568 
27.4609 8.37182 29.2903 11.1211 8.07697 7.83941 7.83941 
26.8024 8.10748 31.3118 10.1357 7.96005 7.84127 7.84127 
26.7139 7.92371 30.0522 11.879 7.84999 7.7906 7.7906 
26.3932 8.08727 28.7225 13.2002 7.88539 7.8557 7.8557 
27.5779 8.05701 29.7459 11.2824 7.78885 7.774 7.774 
27.4794 7.89755 30.0515 11.296 7.76347 7.75605 7.75605 
27.5762 8.35129 30.1201 10.5222 7.81255 7.80884 7.80884 
26.9894 8.30106 30.2416 10.8717 7.86667 7.86482 7.86482 
27.2447 8.36928 28.402 12.4671 7.83959 7.83866 7.83866 
26.4429 8.03079 28.7843 13.4451 7.76595 7.76548 7.76548 
24.1648 9.10974 31.9393 10.8735 8.2226 7.84501 7.84501 
25.351 8.43836 30.371 12.2329 7.99479 7.806 7.806 
24.5941 8.57965 31.3192 11.9304 7.92182 7.82742 7.82742 
24.1477 8.67294 29.296 14.4067 7.85701 7.80981 7.80981 
23.3591 8.25497 28.5978 16.2943 7.847 7.8234 7.8234 
23.7539 7.99745 28.2308 16.6611 7.79347 7.78167 7.78167 
25.0935 7.97962 26.695 16.6108 7.87763 7.87173 7.87173 
23.8008 8.0091 27.3346 17.4694 7.79733 7.79438 7.79438 
22.5387 7.90526 28.9156 17.068 7.79938 7.97521 7.7979 
21.7442 7.86324 28.1449 18.4502 8.08963 7.89822 7.80957 
21.24 7.77778 29.1226 18.4224 7.89097 7.79526 7.75094 
23.2368 7.78297 28.58 16.9994 7.83957 7.79171 7.76955 
21.5346 8.50042 28.8151 17.7176 7.8304 7.80647 7.79539 
21.5365 8.25021 28.8691 17.0126 8.53058 7.90324 7.89769 
22.9676 8.9361 27.8366 16.2383 8.21718 7.90351 7.90074 
22.8335 8.60916 26.6484 17.9351 8.09632 7.93948 7.9381 
21.3846 8.1631 28.4367 18.4531 7.90668 7.82826 7.82757 
24.3765 7.9412 28.078 16.2441 7.81299 7.77378 7.77343 
25.4669 8.06896 28.957 14.0237 7.84092 7.82132 7.82114 
24.0899 7.9777 28.9896 15.3715 7.86368 7.85388 7.85379 
24.2741 7.85882 28.1171 16.1997 7.95661 7.79691 7.79686 
26.1101 7.80146 28.705 13.9921 7.85036 7.77051 7.77049 
27.1998 7.8481 27.5104 13.9039 7.87255 7.83262 7.83261 
26.8202 7.82235 28.162 13.7316 7.83458 7.81462 7.81461 
28.5143 7.90423 27.6227 12.2478 7.91034 7.90036 7.90036 
28.5189 7.81118 29.0798 11.1574 7.81423 7.80924 7.80924 
29.0962 7.76316 28.6348 11.2167 7.76468 7.76219 7.76219 
14 14 14 14 14 14 14 
13.1644 13.25 15.3048 14.5342 14.8767 15.1336 12.7363 
15.5374 14.5023 17.9343 13.1544 15.1498 12.8736 10.3483 
14.2697 15.9509 20.6306 14.321 14.3627 11.1213 9.09382 
13.6181 15.5393 22.2996 14.9208 14.4505 10.5705 8.47618 
12.2747 16.9802 22.9919 15.8612 13.0957 10.5484 8.18546 
12.1641 17.9767 21.3174 17.3056 13.0211 10.1849 7.99898 
10.8391 16.8831 23.0069 17.3573 13.798 10.1532 7.94686 
12.2946 16.7749 23.4826 16.2828 13.3573 9.86826 7.93176 
11.7145 17.316 23.7161 16.2296 13.5064 9.55598 7.95748 
10.0701 16.862 24.8292 16.8731 13.6268 9.7669 7.96987 
9.94772 15.9637 25.1875 18.3711 13.2545 9.35943 7.91507 
9.03088 16.7538 24.8745 19.3829 12.6579 9.39463 7.9049 
8.4854 18.1409 24.4544 19.9919 11.6938 9.31105 7.92241 
8.66657 19.2556 24.5729 19.2552 11.7111 8.66787 7.87067 
8.28065 18.231 26.4565 18.3321 12.1308 8.68616 7.8827 
9.49747 16.4685 25.4131 19.2501 12.6831 8.75485 7.93295 
9.28437 15.3617 24.3696 21.0721 13.577 8.3731 7.96215 
8.59252 15.5815 23.2458 21.2584 14.2377 9.15269 7.93142 
8.36372 15.132 23.5276 22.6332 12.476 9.93349 7.93396 
8.25911 14.6476 24.8539 22.9046 11.3882 10.0097 7.93694 
8.90663 13.587 26.0151 22.1742 11.9574 9.46343 7.89628 
8.36452 13.3474 26.3268 22.6093 12.8497 8.64292 7.85935 
8.31532 12.5205 27.2763 24.0063 10.9612 9.05936 7.86112 
8.77305 12.4141 26.1656 24.4207 11.6344 8.70551 7.88661 
8.47041 14.5956 24.3411 24.0205 12.3294 8.32626 7.91681 
8.18531 13.5348 25.4762 25.4198 11.1543 8.32114 7.90851 
8.01422 13.3033 25.1564 24.4746 11.7863 9.38933 7.87582 
8.00301 12.082 25.488 23.6103 13.1677 9.71515 7.93381 
8.53714 11.3326 26.2429 23.6842 12.7394 9.50121 7.96259 
8.39228 12.3673 27.4514 22.5637 12.6583 8.66813 7.89882 
9.07419 12.5029 28.5816 22.1466 11.429 8.3252 7.94054 
10.5105 12.778 27.2333 21.8034 10.9136 8.80862 7.95257 
9.14678 15.5871 27.5317 20.4536 10.5276 8.88544 7.86779 
8.99516 16.0702 24.9904 21.2245 10.9327 9.8849 7.90215 
9.82367 15.3177 25.2126 22.4601 10.0316 9.29027 7.86412 
11.0343 16.5024 24.3977 20.4137 9.89107 9.86056 7.90031 
11.098 15.7683 24.0439 20.913 10.6403 9.59998 7.93649 
11.4792 15.6748 24.115 21.9681 9.62247 9.2186 7.92173 
11.0143 16.7385 25.2443 21.5335 8.98706 8.56534 7.91691 
9.63339 16.1362 25.1222 23.8736 9.10518 8.28753 7.84195 
8.78495 14.4173 28.4341 22.2542 9.88139 8.33877 7.88923 
8.63559 14.2041 27.7492 23.5124 9.98657 8.06847 7.8437 
9.0797 14.2449 27.3666 24.4546 8.96154 8.00249 7.8901 
8.60684 13.821 28.2766 23.591 9.02622 8.78593 7.89242 
8.27932 15.7057 25.3431 24.3256 10.0553 8.36887 7.92211 
8.06123 15.2603 24.7631 24.9079 10.3653 8.7596 7.88263 
8.02123 14.9071 24.4707 25.9516 10.347 8.37041 7.93192 
7.98412 13.745 24.9285 24.5652 12.5686 8.26909 7.93947 
9.41242 13.9521 25.2961 23.3445 11.9259 8.11685 7.95204 
9.01856 13.5029 25.1189 23.3273 12.7229 8.37078 7.93872 
10.6477 13.113 25.0595 22.7128 12.4998 8.09164 7.87561 
9.68164 11.8317 25.4884 24.8885 12.0985 8.17426 7.83689 
8.9973 12.2728 28.1476 22.5909 12.0395 8.12136 7.83042 
8.49381 13.1582 26.3014 24.7337 11.3466 8.05584 7.91037 
8.66218 14.3357 24.4872 25.2547 11.4012 7.96587 7.89313 
8.54945 14.2398 24.6506 25.6546 11.0356 7.95316 7.91679 
8.73017 14.2981 23.8352 25.9461 11.3346 7.93697 7.91879 
8.53175 13.6806 25.4311 25.4731 11.0727 7.90993 7.90084 
8.40458 14.3347 24.9079 26.1594 10.4581 7.86995 7.86541 
8.59927 13.4488 25.8962 25.6425 10.3798 8.20633 7.82718 
8.47597 14.961 26.1732 23.8421 10.6423 8.04748 7.8579 
8.18832 15.0426 25.6148 25.2393 10.0616 7.97408 7.87929 
8.06852 13.8033 26.91 26.0812 9.13335 8.0896 7.914 
8.65511 13.5367 27.1991 26.0738 8.71359 7.95475 7.86695 
8.4141 12.8982 26.0995 27.0994 9.64526 7.94372 7.89982 
9.64183 12.367 25.1271 26.7139 10.2574 7.95737 7.93542 
9.97167 13.3443 25.252 25.0404 10.6563 7.87316 7.86218 
8.91441 13.815 26.9117 22.7583 11.8758 7.86515 7.85966 
9.38331 14.543 25.4017 24.3102 10.6177 7.87346 7.87072 
8.68681 13.6879 26.6233 24.7459 10.3936 7.93189 7.93052 
9.44049 12.6692 28.1175 24.1448 9.92981 7.84944 7.84875 
9.87247 11.721 29.2812 24.2504 9.06326 7.90598 7.90564 
10.1923 12.5991 27.7134 24.3893 9.38338 7.86135 7.86118 
9.77529 12.583 26.8246 25.1626 10.0393 7.80768 7.80759 
10.1629 12.8282 27.4031 23.7051 10.2949 7.80292 7.80288 
12.2419 11.7227 28.0226 22.0995 10.2092 7.85208 7.85206 
13.0315 11.4169 26.8839 23.5159 9.44063 7.85558 7.85557 
14.264 11.8828 26.8802 22.1696 8.9576 7.92295 7.92294 
14.8976 11.5272 27.2003 22.1202 8.42975 7.91243 7.91242 
13.5658 11.6147 27.164 22.7622 9.00211 7.94558 7.94557 
13.6184 11.5035 26.7466 22.7735 9.56435 7.89684 7.89684 
13.4487 11.3073 27.7364 22.0914 9.66022 7.87796 7.87796 
11.4558 11.6639 28.3183 22.5546 10.201 7.90317 7.90317 
11.9936 11.9723 27.5677 23.8086 8.98519 7.8363 7.8363 
12.2151 12.8389 27.3625 22.4373 9.44183 7.85216 7.85216 
13.9533 12.1376 25.6493 21.591 10.8379 7.91544 7.91544 
14.5238 12.5378 25.0888 22.251 9.86641 7.86608 7.86608 
14.2063 13.4911 23.9333 22.6533 10.0721 7.82193 7.82193 
13.4057 13.8884 24.9919 22.111 9.93801 7.83253 7.83253 
15.4222 13.075 24.6213 21.8184 9.32868 7.86722 7.86722 
14.2619 12.2862 27.2839 21.337 9.20979 7.81062 7.81062 
13.5412 11.4137 28.7417 21.6372 8.8784 7.89391 7.89391 
13.7812 12.4529 27.5983 21.9297 8.40745 7.91521 7.91521 
14.4837 10.6677 26.8364 24.2886 8.07192 7.8258 7.8258 
13.1574 11.1085 26.376 25.6654 7.97962 7.85656 7.85656 
12.1342 10.9743 27.1446 26.1119 7.91935 7.85782 7.85782 
11.8312 10.581 28.9879 24.8522 8.11517 7.81631 7.81631 
10.9156 10.2905 28.9225 25.8547 8.20044 7.90815 7.90815 
10.7285 9.41875 27.994 26.745 9.22843 7.94268 7.94268 
10.3642 10.5202 26.6997 27.0211 9.61421 7.89026 7.89026 
10.7219 10.3737 26.8442 27.431 8.78438 7.9224 7.9224 
11.083 11.1814 27.3185 25.8409 8.75186 7.91215 7.91215 
11.6427 11.3943 26.0105 26.4621 8.84022 7.82513 7.82513 
12.9236 11.663 26.6416 24.0265 8.96556 7.88984 7.88984 
12.4175 11.5102 26.8942 25.1711 8.3609 7.82303 7.82303 
11.7806 10.4472 27.0835 26.6618 8.28602 7.87046 7.87046 
12.0863 12.14 26.7982 23.9937 9.33033 7.82572 7.82572 
13.166 12.0756 26.8069 23.1701 9.13444 7.82347 7.82347 
13.2691 10.5436 28.9558 22.9222 8.63699 7.83616 7.83616 
14.0588 10.8779 26.4476 24.3399 8.56092 7.85747 7.85747 
13.7986 9.59278 28.6084 23.4007 8.742 7.92874 7.92874 
15.1185 9.86488 26.496 24.3031 8.3436 7.93697 7.93697 
13.4599 10.5225 28.6207 23.6422 8.05379 7.85047 7.85047 
12.8461 10.9187 28.3776 24.0535 8.00243 7.90077 7.90077 
14.2882 9.53241 29.7787 22.7009 7.9338 7.88297 7.88297 
14.9436 9.3623 29.2348 22.9104 7.86662 7.84121 7.84121 
13.814 9.84339 29.3666 22.6646 8.50558 7.9029 7.9029 
15.0641 10.0576 27.9764 22.5106 8.63346 7.87894 7.87894 
14.7379 8.99941 27.9588 24.1965 8.28732 7.91006 7.91006 
13.9756 9.30451 28.2437 24.5607 8.19771 7.85893 7.85893 
15.5505 8.62779 26.813 25.1244 8.07439 7.905 7.905 
16.1086 9.82237 24.8472 24.4266 8.9807 7.9073 7.9073 
15.1971 9.88013 27.0199 23.5487 8.6829 7.83564 7.83564 
16.6477 9.08117 27.3136 22.6639 8.48255 7.90555 7.90555 
16.2948 8.74348 28.8742 21.9117 8.44417 7.86582 7.86582 
15.5004 8.34233 30.6136 21.1029 8.63385 7.9035 7.9035 
17.5393 8.38803 28.5598 21.5454 8.23259 7.86741 7.86741 
17.152 8.1646 28.1034 22.6845 8.08688 7.90429 7.90429 
16.5306 8.05957 29.5347 21.9956 8.02071 7.92942 7.92942 
17.2508 7.94283 27.376 23.7514 7.9234 7.87775 7.87775 
15.914 8.34459 26.8075 25.141 8.04333 7.87474 7.87474 
16.4676 8.12366 26.3217 25.1845 8.12501 7.88874 7.88874 
14.5461 9.04522 26.616 25.7152 8.21533 7.93108 7.93108 
14.9538 8.43827 26.4104 26.1106 8.32453 7.8812 7.8812 
16.0439 8.73627 25.822 24.7375 8.99093 7.83468 7.83468 
16.7643 8.35587 29.1687 21.4179 8.48319 7.90507 7.90507 
15.2732 8.98562 28.6869 22.8884 8.56852 7.79869 7.79869 
16.5363 8.86174 28.4211 22.4474 8.16775 7.78284 7.78284 
15.6168 8.32136 27.323 25.0566 8.11846 7.78191 7.78191 
16.4403 8.55808 29.7853 21.6488 7.96802 7.79975 7.79975 
15.0858 8.30889 28.9225 24.108 8.01386 7.78047 7.78047 
16.6597 8.14305 28.8487 22.5953 7.99554 7.87884 7.87884 
14.4355 8.03192 30.761 23.0138 7.95816 7.89982 7.89982 
15.1125 8.84052 28.0998 23.6414 8.51125 7.89728 7.89728 
13.491 8.27783 27.8481 26.5091 8.11319 7.95457 7.8062 
11.4933 8.73832 29.206 27.0528 7.91416 7.83485 7.76067 
12.753 8.35005 28.4565 26.743 7.93797 7.89832 7.86123 
13.7433 8.407 27.3944 26.8511 7.88748 7.86765 7.84911 
16.6787 8.06202 27.6843 23.8757 8.12381 7.79235 7.78308 
16.0554 8.96928 28.3483 23.049 8.07425 7.7542 7.74956 
18.4852 8.40621 27.2461 22.3088 7.95869 7.79867 7.79635 
19.0252 9.32733 28.3746 19.8501 7.86133 7.78132 7.78016 
18.3911 8.86927 29.1406 20.2054 7.82475 7.78474 7.78416 
18.9358 8.33074 28.5313 20.817 7.80848 7.78847 7.78819 
19.9441 8.60981 27.1228 20.726 7.87249 7.86249 7.86235 
17.7575 8.28415 28.7863 21.4356 7.91549 7.91048 7.91041 
17.6089 8.90398 28.3614 21.0353 8.24346 7.9235 7.92346 
17.6652 8.40769 27.7883 22.2265 8.07742 7.91744 7.91743 
16.3401 8.70835 27.4077 22.6748 9.14382 7.86263 7.86262 
16.9936 8.22414 27.7905 22.9473 8.44188 7.80128 7.80128 
16.8301 8.3545 27.0771 23.8979 8.16033 7.84003 7.84003 
19.1963 8.0835 27.9135 21.1677 7.98642 7.82627 7.82627 
19.0409 7.91172 27.8887 21.1102 8.48237 7.7831 7.7831 
18.449 7.85196 28.7171 21.2694 8.13729 7.78766 7.78766 
18.7146 7.89199 26.8231 22.816 8.03465 7.85983 7.85983 
18.1623 7.87681 28.5059 21.7854 7.94814 7.86073 7.86073 
18.1272 7.88577 28.7266 21.5835 7.92144 7.87774 7.87774 
17.4778 8.47363 29.0882 21.4713 7.84422 7.82236 7.82236 
17.7626 8.2309 29.7808 20.499 7.91619 7.90526 7.90526 
17.6162 8.03111 27.2398 23.0507 8.32557 7.86829 7.86829 
17.9443 8.00227 27.9056 22.1566 8.14949 7.92086 7.92086 
16.6994 8.24356 29.1043 22.1389 8.01414 7.89982 7.89982 
16.6319 8.10951 28.3558 22.4191 8.6083 7.93764 7.93764 
18.4137 7.96355 26.5558 23.0988 8.21294 7.87762 7.87762 
18.662 8.46895 28.0215 21.3251 7.95263 7.78496 7.78496 
18.1545 8.21372 29.0626 20.8701 7.95555 7.87172 7.87172 
17.6442 8.77976 29.0173 21.027 7.87186 7.82994 7.82994 
19.8254 8.27337 27.6154 20.8695 7.81942 7.79847 7.79847 
18.3211 8.64119 27.9218 20.6449 8.86467 7.80314 7.80314 
18.1605 8.3206 26.9609 22.3225 8.43233 7.90157 7.90157 
19.1764 8.00645 27.583 21.5779 8.06232 7.79694 7.79694 
19.4295 8.13021 28.7121 19.9953 7.99941 7.86672 7.86672 
19.3478 8.80517 27.5059 20.5481 7.97524 7.9089 7.9089 
20.785 8.74286 27.4682 19.1282 7.98068 7.9475 7.9475 
23.0791 8.84904 26.7192 17.7731 7.87094 7.85435 7.85435 
22.7435 9.1068 27.9081 16.9133 7.78162 7.77333 7.77333 
22.1194 8.44748 27.9727 17.9582 7.94066 7.78075 7.78075 
24.2264 8.22374 26.9864 16.8124 7.97033 7.89037 7.89037 
24.8377 8.45319 27.1159 16.0409 7.87738 7.8374 7.8374 
26.0243 8.13816 27.1634 15.1633 7.85025 7.83027 7.83027 
28.6372 8.1132 27.7361 11.9934 7.96924 7.77543 7.77543 
27.7255 8.31527 28.2214 12.1481 7.92784 7.83093 7.83093 
28.9269 8.00379 29.335 10.401 7.81007 7.76162 7.76162 
28.7716 7.93271 29.2902 10.5464 7.83585 7.81163 7.81163 
28.4808 7.82392 31.2623 9.13077 7.77549 7.76338 7.76338 
27.415 7.88022 30.7105 10.4384 7.856 7.84994 7.84994 
28.035 7.88748 29.8289 10.6286 7.87537 7.87234 7.87234 
27.9333 7.82723 29.8012 10.9777 7.82118 7.81967 7.81967 
26.3547 9.1375 28.9305 12.2053 7.79119 7.79043 7.79043 
25.0676 8.53216 28.6421 14.1819 7.85901 7.85863 7.85863 
25.5208 8.16219 28.1197 14.7208 7.82561 7.82542 7.82542 
24.8343 8.05837 28.1224 15.315 7.89008 7.88998 7.88998 
26.2267 7.99744 27.2358 14.8003 7.91329 7.91324 7.91324 
26.5813 7.87077 27.4226 14.6392 7.8287 7.82868 7.82868 
25.9643 9.31733 28.6419 11.4863 8.77546 7.90739 7.90739 
27.7172 8.63218 29.3872 10.0478 8.36124 7.92721 7.92721 
28.3537 8.22488 30.4916 9.09555 8.08942 7.8724 7.8724 
27.884 8.00652 31.4452 9.06491 7.93879 7.83028 7.83028 
25.3057 7.98053 32.1999 10.7825 7.94667 7.89241 7.89241 
25.1528 7.84829 29.6802 12.953 8.75728 7.80423 7.80423 
25.2409 7.87151 28.8204 14.0423 8.32601 7.84948 7.84948 
24.5097 8.33315 29.0682 13.3729 9.049 7.83354 7.83354 
23.1244 8.04856 28.6645 16.1585 8.40649 7.79876 7.79876 
25.3886 8.20435 27.3548 15.4748 8.06176 7.7579 7.7579 
26.8177 7.99828 28.1254 13.5815 7.92699 7.77505 7.77505 
27.5782 7.90793 28.7207 12.3282 7.87229 7.79632 7.79632 
26.6181 8.23028 28.834 12.5786 8.04799 7.84553 7.84553 
26.296 8.01125 28.8651 13.2698 7.9201 7.81887 7.81887 
25.7593 7.86319 29.121 13.6082 8.11435 7.767 7.767 
27.0711 8.05701 27.7618 13.4048 8.01757 7.8439 7.8439 
26.615 8.00201 28.1193 13.4905 7.9823 7.89546 7.89546 
26.9998 8.46255 29.2904 11.3606 7.99115 7.94773 7.94773 
26.992 8.19953 29.4071 11.5533 7.96383 7.94212 7.94212 
26.205 8.28037 29.9209 12.1312 7.82807 7.81721 7.81721 
27.5953 8.05323 28.2938 12.5873 7.82708 7.82165 7.82165 
27.1624 8.11466 28.7695 12.4257 7.84436 7.84164 7.84164 
26.296 8.00922 31.0514 11.0239 7.87407 7.87271 7.87271 
26.7417 7.91086 30.5257 11.2932 7.84328 7.84261 7.84261 
23.4338 7.88625 31.3006 13.8227 7.85246 7.85212 7.85212 
23.9162 7.89501 28.8805 15.6742 7.87812 7.87795 7.87795 
23.8225 8.1848 27.8301 16.6507 7.83737 7.83728 7.83728 
23.6958 8.8062 26.2046 17.7529 7.95909 7.79069 7.79069 
22.0909 8.91699 28.3801 16.8626 7.9726 7.8884 7.8884 
20.8494 8.38006 29.2227 17.9084 7.90787 7.86577 7.86577 
20.6693 8.16557 28.2199 19.1989 7.92947 7.90842 7.90842 
17.5654 8.69817 29.033 20.8302 7.96473 7.95421 7.95421 
19.2765 8.97871 27.3252 20.9089 7.84039 7.83513 7.83513 
18.0013 8.58188 27.8975 22.0203 7.83479 7.83216 7.83216 
17.2342 8.63226 28.6194 21.0401 8.85751 7.80829 7.80829 
18.2576 8.2377 29.179 20.324 8.35033 7.82572 7.82572 
19.1288 8.05328 28.36 20.162 8.60139 7.84728 7.84728 
18.7073 8.02664 27.6086 21.5096 8.3007 7.92364 7.92364 
18.3598 8.20587 28.2453 21.4691 8.03234 7.84381 7.84381 
18.8466 8.10293 27.1226 22.0679 8.01617 7.9219 7.9219 
18.659 8.03236 27.8925 21.5435 7.98898 7.94184 7.94184 
17.3736 9.53668 27.5109 20.8664 8.88408 7.91414 7.91414 
17.8063 8.85639 27.4347 21.7539 8.37286 7.88789 7.88789 
19.2427 8.74918 26.3717 21.9881 8.04445 7.80197 7.80197 
18.2367 8.37459 27.1858 22.3787 8.02223 7.90098 7.90098 
17.6754 8.21414 26.848 23.4377 8.20574 7.80955 7.80955 
18.1514 8.02864 27.4763 22.6665 8.02444 7.82634 7.82634 
19.2527 8.73408 27.0125 21.2153 7.99452 7.89547 7.89547 
20.3406 8.29561 27.0777 20.6076 7.92583 7.87631 7.87631 
20.2398 8.14086 27.2541 20.3733 8.12958 7.93121 7.93121 
22.3034 8.18436 25.6524 19.9968 8.02049 7.9213 7.9213 
21.7936 7.97731 27.5221 19.12 7.89538 7.84579 7.84579 
21.0343 8.79965 30.9432 15.5737 7.89958 7.87478 7.87478 
21.7549 8.30862 29.4781 16.9074 7.85858 7.84619 7.84619 
20.6697 10.6825 30.021 15.2786 7.78686 7.78066 7.78066 
22.9611 9.38165 29.4886 14.8784 7.76548 7.76238 7.76238 
24.8367 8.62918 29.2991 13.7748 7.8211 7.81955 7.81955 
24.4554 8.17262 28.3841 15.3751 7.76857 7.7678 8.07644 
22.259 8.0048 29.2391 16.6217 8.11626 7.80239 7.95672 
22.9418 7.8859 29.9917 15.5924 7.94163 7.78469 7.86185 
21.5574 7.97753 29.9814 16.874 8.0054 7.78284 7.82142 
24.3329 7.90443 27.6413 16.5695 7.91836 7.80708 7.82637 
14 14 14 14 14 14 14 
12.6918 16.0193 14.5306 15.056 12.3415 16.7198 11.641 
12.864 16.5905 18.4039 15.2013 12.0288 14.6305 9.78089 
10.7311 17.7345 19.8562 17.9745 11.6219 13.0162 8.81568 
9.76806 16.3096 21.2488 19.9935 11.9954 12.1685 8.39107 
8.78698 17.2265 21.4894 20.7563 12.7488 10.8311 8.09849 
8.61884 17.2652 22.0123 22.5512 12.2094 9.33908 7.97278 
8.39331 16.9107 23.0371 22.2027 12.8376 8.64305 7.9599 
8.18825 16.6486 23.2832 21.3955 12.9314 9.57363 7.97155 
9.11505 17.4247 21.3697 21.0534 13.3695 9.70313 7.96067 
9.40666 17.7641 20.8141 20.0095 14.1201 9.91622 7.9674 
8.92144 18.5528 20.3865 20.7043 14.2617 9.2791 7.89317 
8.39447 17.4545 20.5452 21.1182 15.2054 9.40145 7.88033 
8.49171 17.2139 21.7245 19.8638 14.2489 10.5289 7.9279 
8.19885 18.3292 21.6529 19.9746 12.7868 11.1405 7.91694 
8.02724 18.5064 20.699 21.0277 12.9752 10.8781 7.88628 
8.01362 18.9374 19.8232 20.9349 12.8034 11.5443 7.94314 
8.20849 19.6578 22.4116 19.7111 12.074 9.97384 7.96317 
8.19907 19.5272 23.4903 17.6142 14.2266 8.97399 7.96865 
8.03571 19.1253 23.5537 17.8496 14.6665 8.8487 7.9205 
8.80509 19.2435 23.2662 17.5418 14.8864 8.36052 7.89642 
8.78289 19.985 21.3553 19.5615 14.2808 8.13325 7.9012 
8.31498 20.0529 21.1404 21.4508 13.076 8.09077 7.87414 
8.66299 19.9165 20.4603 20.8353 14.2303 8.00143 7.89311 
8.2734 20.0205 20.4999 21.5172 13.8579 7.94262 7.88847 
8.4254 19.1107 20.1872 22.5787 13.8327 7.94621 7.91913 
8.18096 18.0587 22.2251 22.5138 12.9254 8.16811 7.92782 
8.42452 17.6974 22.6348 22.5677 11.5367 9.26376 7.87511 
8.28324 16.7819 25.3048 22.6617 10.4656 8.59848 7.90415 
8.71609 16.1569 24.5673 21.9692 11.8286 8.87371 7.88825 
8.93185 17.9537 24.134 21.2756 11.4236 8.38696 7.89423 
8.88769 16.8 25.2189 22.2024 10.5871 8.38849 7.91537 
8.92815 17.5928 25.5018 21.6393 10.3384 8.11801 7.88145 
9.55763 16.2808 26.5763 21.3186 10.3667 8.00911 7.89083 
10.0605 16.7085 26.3163 20.4011 10.5824 7.99517 7.93602 
11.5424 15.7494 26.5136 20.1343 9.81659 8.30222 7.94152 
9.7712 17.1688 25.2568 20.5378 10.5554 8.73934 7.97076 
9.69109 18.1954 23.8412 20.9096 11.2273 8.25983 7.87554 
9.81383 18.0829 23.7599 21.1313 11.3219 8.04112 7.84898 
8.85725 18.1837 23.5052 22.5296 11.0786 7.9709 7.87483 
9.70441 17.4851 23.5032 20.977 12.4937 7.94228 7.89425 
11.2933 15.8386 23.3237 21.4055 11.7054 8.55629 7.87725 
11.5547 16.672 23.8063 19.7837 12.089 8.21688 7.87736 
11.6332 15.9937 24.9662 19.0135 12.4634 8.04988 7.88012 
11.8977 17.6815 23.6317 18.6284 12.3128 7.96638 7.8815 
9.94884 18.8408 24.8159 17.8697 12.0453 8.53875 7.94075 
10.8633 16.7537 25.4079 18.8238 11.9115 8.26937 7.97038 
10.2163 15.0754 24.7853 20.7755 13.1328 8.08206 7.93256 
10.5354 14.6971 25.4412 20.8958 12.3401 8.19807 7.89238 
10.9522 15.4692 26.0616 20.4247 11.1584 8.04335 7.8905 
10.3978 15.9001 25.5588 20.1676 12.1788 7.93666 7.86024 
10.2234 15.6707 24.299 23.074 10.9913 7.8899 7.85169 
10.9802 16.0513 23.6518 22.922 10.5426 7.93556 7.91645 
10.3563 16.0548 24.113 23.5048 9.89418 8.22569 7.85117 
9.8883 16.1192 23.2884 23.5881 11.1065 8.09835 7.91109 
9.85599 15.9941 23.8608 23.381 10.9689 8.0794 7.85983 
9.14486 15.1055 24.7015 22.8953 12.2314 8.0156 7.90582 
9.73675 14.2429 24.0878 22.5979 13.158 8.23315 7.94352 
10.7232 13.913 24.5732 22.306 12.4338 8.09784 7.95302 
9.91766 13.1481 25.6044 22.2511 13.1094 8.02088 7.94847 
8.84899 14.24 24.5871 23.9402 12.6188 7.9006 7.8644 
8.74693 15.648 24.0926 22.8346 12.8514 7.92226 7.90416 
8.66268 15.0544 25.8943 23.182 11.4502 7.8827 7.87365 
9.60095 13.287 26.6727 22.9881 11.6075 7.98547 7.85839 
10.8864 13.4454 26.7015 21.9952 11.1737 7.93068 7.86714 
11.6106 13.1104 27.0071 22.121 10.3225 7.9301 7.89833 
12.3647 14.2285 24.0234 22.5704 10.9781 7.92545 7.90956 
12.0417 15.4476 25.8138 20.3998 10.5672 7.86897 7.86103 
10.9827 16.7569 24.3573 22.4136 9.73651 7.87851 7.87454 
10.4281 16.7329 26.1027 21.7131 9.29864 7.8633 7.86132 
11.5122 15.5644 25.5192 22.1676 9.4051 7.91623 7.91524 
10.8323 16.1578 24.8154 21.6168 10.7939 7.89212 7.89163 
10.5443 16.6687 23.3052 21.7058 11.9354 7.92042 7.92017 
10.0222 16.5843 24.4026 21.4779 11.5927 7.96021 7.96009 
10.076 15.5649 25.1883 21.7779 11.6405 7.87621 7.87615 
9.98725 13.8738 26.2997 23.8331 10.2619 7.87211 7.87208 
9.96875 14.3996 26.9558 22.4887 10.3548 7.91616 7.91614 
10.0461 13.9899 28.4162 22.1085 9.62185 7.9087 7.90869 
10.949 12.674 27.6649 22.6592 10.243 7.90497 7.90496 
9.5876 12.8923 28.4854 22.5121 10.6485 7.93706 7.93706 
10.4088 13.9328 25.8737 23.8229 10.2708 7.84553 7.84553 
10.5262 13.6495 25.9319 23.0501 11.076 7.88316 7.88316 
10.1726 13.2847 27.307 23.7989 9.80156 7.81755 7.81755 
12.0094 12.5398 26.474 23.1815 10.029 7.88313 7.88313 
12.9013 11.4423 27.0301 23.3945 9.39115 7.92035 7.92035 
13.2569 11.2185 25.9496 23.87 9.93118 7.88688 7.88688 
14.1285 11.5815 25.6137 23.4628 9.54892 7.83233 7.83233 
14.9798 10.8039 25.076 23.4728 9.91958 7.87395 7.87395 
13.4639 11.6357 26.6938 23.5546 8.98576 7.83308 7.83308 
14.002 11.4558 26.4033 23.0533 9.53739 7.77411 7.77411 
14.4938 11.3475 25.3054 22.6217 10.6765 7.77754 7.77754 
13.6208 11.9061 27.3836 21.3675 10.0125 7.85478 7.85478 
14.2323 12.203 28.0147 20.4494 9.43331 7.83364 7.83364 
13.7557 11.1151 27.964 22.1488 9.3237 7.84636 7.84636 
13.479 11.4564 27.0438 22.1699 10.1394 7.85576 7.85576 
12.8728 10.5282 29.5219 22.0183 9.20302 7.92788 7.92788 
13.2003 10.5691 28.1562 23.2107 8.97817 7.94272 7.94272 
12.8502 9.72902 28.1059 25.0776 8.51686 7.86025 7.86025 
14.8928 9.70322 27.3594 23.8291 8.55951 7.82797 7.82797 
13.3047 10.0287 27.9849 24.4486 8.50319 7.86494 7.86494 
14.0319 9.68303 28.1491 23.8207 8.61906 7.84813 7.84813 
13.5319 10.4266 25.5107 23.7455 10.9585 7.91343 7.91343 
13.4125 9.44292 27.2569 24.2594 9.8599 7.88421 7.88421 
13.0802 10.5288 27.9344 23.6028 8.89595 8.04975 7.90811 
12.0806 10.1293 29.1023 24.5041 8.3669 7.94379 7.87297 
13.014 10.3278 29.1564 23.0415 8.65713 7.91927 7.88386 
13.4635 9.80158 28.6362 24.1295 8.24161 7.87268 7.85497 
12.9818 10.1565 27.2442 25.7011 8.09808 7.91361 7.90476 
13.4273 8.97997 28.651 25.2783 7.95077 7.85854 7.85411 
13.8976 10.2371 27.9749 24.4208 7.8547 7.80858 7.80637 
14.9544 9.47249 28.1729 23.8677 7.85993 7.83687 7.83577 
12.4359 10.2459 28.8247 24.3305 8.33768 7.91293 7.91237 
12.7586 9.04736 27.6391 26.4095 8.38396 7.88088 7.88061 
12.3386 9.17484 28.6451 25.414 8.69779 7.86486 7.86472 
12.3373 8.52443 28.2333 26.8802 8.2859 7.86944 7.86937 
13.7958 8.64075 28.6647 25.022 8.09775 7.88952 7.88949 
14.1895 8.93347 28.0228 25.3086 7.91792 7.81381 7.81379 
15.0557 8.93601 27.2796 24.8052 8.28857 7.81752 7.81751 
15.121 8.47947 27.8232 25.01 8.01248 7.77695 7.77695 
15.2756 8.69077 27.2647 25.413 7.86381 7.74604 7.74604 
15.0242 8.32266 26.5585 26.4849 7.90918 7.85029 7.85029 
14.3097 8.08882 27.6297 26.3845 7.88208 7.85264 7.85264 
12.9241 9.01236 28.879 24.7307 8.74873 7.93273 7.77247 
13.2344 8.39667 29.7133 24.7573 8.26486 7.85685 7.77673 
13.2238 8.25239 29.1209 24.9913 8.78708 7.83233 7.79227 
13.5301 8.05701 29.6548 24.7598 8.32436 7.84698 7.82695 
15.4607 7.91049 28.1814 24.3364 8.51001 7.80548 7.79546 
15.8732 8.0981 27.9479 23.8825 8.39786 7.90274 7.89773 
14.6764 8.75125 29.4912 23.2265 8.11743 7.86987 7.86736 
14.905 8.52993 28.8405 24.2245 7.91628 7.7925 7.79125 
15.0872 8.15718 29.0909 24.238 7.85036 7.78847 7.78784 
13.0349 9.85894 28.7073 24.6913 8.11593 7.79597 7.79565 
14.4463 8.81296 27.6223 25.6142 7.94146 7.78148 7.78132 
14.7155 9.75816 26.8081 24.4279 8.55789 7.86627 7.8662 
14.9106 9.4108 28.0566 23.6943 8.20644 7.86063 7.86059 
14.3622 8.90961 28.8932 24.0093 8.15727 7.83422 7.8342 
15.7572 9.14736 28.3624 23.1697 7.96213 7.8006 7.80059 
13.3682 9.61819 29.018 24.3445 8.13537 7.75787 7.75786 
14.9653 8.71535 27.634 24.6722 8.44268 7.78518 7.78518 
13.9552 9.05023 27.4092 25.9284 8.10484 7.77609 7.77609 
14.3904 9.32163 26.35 26.3363 7.97684 7.81246 7.81246 
14.3827 9.03581 27.2375 25.8244 7.89467 7.81248 7.81248 
15.4192 8.4736 27.5428 24.9375 7.90303 7.86194 7.86194 
16.118 8.14071 28.4861 23.73 7.85542 7.83487 7.83487 
16.9005 8.03377 27.2004 24.2126 7.89112 7.88085 7.88085 
17.5256 8.12647 27.2988 22.894 8.39762 7.87878 7.87878 
17.182 8.01513 27.9106 22.959 8.1507 7.89128 7.89128 
17.4435 7.94199 27.07 23.7746 8.00978 7.88007 7.88007 
17.1677 8.02505 27.0485 24.0495 8.05894 7.82517 7.82517 
19.0734 8.55798 26.9858 20.4163 8.92458 7.75874 8.28321 
18.7674 9.20207 28.8775 17.9005 9.23152 7.87937 8.14161 
19.3837 8.60103 29.2721 18.1169 8.61576 7.93968 8.0708 
20.2573 8.61599 28.9218 18.2846 8.17693 7.83889 7.90445 
20.4272 8.33785 29.0877 18.5453 7.96906 7.80004 7.83282 
20.3906 8.15122 28.8507 18.8597 7.96683 7.88232 7.89871 
21.1278 7.93413 27.9302 19.5585 7.84194 7.79968 7.80788 
21.9341 7.90293 27.0846 19.546 7.85683 7.8357 7.8398 
22.1321 7.83496 27.1345 19.4817 7.81191 7.80135 7.80339 
22.2116 7.78745 26.7252 19.9576 7.77592 7.77064 7.77167 
21.3751 7.76578 28.009 19.5748 7.76002 7.75737 7.75789 
19.751 7.96144 31.074 17.7934 7.8075 7.80618 7.80644 
19.9046 8.34118 29.3451 18.9258 7.82817 7.82751 7.82764 
18.8208 8.14613 28.434 20.9308 7.88962 7.88929 7.88935 
20.5711 7.94211 28.8004 19.2452 7.81386 7.81369 7.81372 
20.0417 8.23935 27.9672 20.1409 7.87034 7.87026 7.87028 
20.241 8.05049 27.8201 20.2906 7.86599 7.86595 7.86596 
20.5509 8.49544 28.8107 18.4234 7.9065 7.90648 7.90649 
20.8495 8.32627 27.5474 19.6347 7.88074 7.88073 7.88074 
20.5165 8.75029 27.5351 19.4504 7.91591 7.9159 7.9159 
20.0622 8.29671 26.8395 21.1631 7.87952 7.87952 7.87952 
20.6323 8.42051 27.502 19.4423 8.21191 7.89546 7.89546 
21.1495 8.21025 28.251 18.3878 8.10596 7.94773 7.94773 
20.5038 8.89236 28.1326 18.5911 8.13099 7.87457 7.87457 
21.4945 8.44026 26.1965 19.9464 8.05958 7.93137 7.93137 
21.4252 8.45742 27.844 18.2783 8.26708 7.86399 7.86399 
23.1716 8.16314 27.3646 17.4998 8.06797 7.86642 7.86642 
26.9453 8.32993 26.4274 14.4689 8.11895 7.85478 7.85478 
24.1434 8.73814 29.3722 13.9417 8.02289 7.8908 7.8908 
