5 80000 300 266
20 20 20 20 20 
18.0263 20.1316 25.2632 18.1579 18.4211 
16.2632 20.1908 25.7566 18.9539 18.8355 
15.6138 20.1904 28.7928 19.0969 16.3061 
15.6083 18.8422 31.8905 19.2411 14.4178 
16.71 19.9809 30.4491 19.5442 13.3158 
15.4809 19.3729 31.7328 20.1047 13.3087 
16.4202 19.3441 31.3921 20.4435 12.4001 
16.8225 19.3611 31.8444 20.8677 11.1043 
15.7539 18.888 31.3068 21.5061 12.5452 
14.4325 18.3329 33.3201 22.5308 11.3837 
14.4132 15.6058 35.9782 22.8816 11.1211 
14.3992 15.6915 34.3464 25.0139 10.549 
12.4695 14.5296 35.0395 27.674 10.2873 
12.4848 14.1158 35.9092 26.938 10.5523 
13.0606 14.5074 34.2425 27.8629 10.3267 
13.6369 13.3451 33.9994 28.9061 10.1126 
12.374 13.4627 36.8762 26.9222 10.3649 
14.1297 14.4136 34.3235 27.0028 10.1304 
14.2077 13.5022 35.9269 26.3343 10.0289 
12.6594 14.7614 34.1133 28.025 10.4408 
14.2624 15.4336 34.4845 25.6712 10.1483 
14.3915 15.525 33.6806 26.3972 10.0056 
14.0139 14.7322 33.6585 26.6835 10.9119 
14.3904 14.8791 34.0572 26.2951 10.3782 
12.8485 15.1028 35.7472 26.2129 10.0886 
11.9798 14.6574 36.3491 26.8015 10.2123 
12.5656 13.5322 35.7924 27.6688 10.4411 
14.6974 13.3514 35.2133 26.5173 10.2206 
13.3169 15.1638 35.5111 25.9907 10.0174 
13.8736 15.1768 34.0847 26.9194 9.94543 
12.6018 16.086 34.7763 26.5139 10.022 
14.0357 16.054 32.8578 26.931 10.1215 
14.1231 15.527 34.192 26.0971 10.0607 
13.7032 15.2823 34.5146 26.5824 9.91759 
12.7815 16.1317 32.2169 28.9246 9.94532 
12.3758 13.6768 34.0635 29.9237 9.96019 
12.057 13.2718 35.2033 29.0702 10.3977 
11.5245 13.6064 35.8322 28.8783 10.1586 
11.4651 13.4345 35.2901 29.8237 9.98648 
12.4585 13.9508 34.6501 28.9982 9.94248 
13.6366 13.642 34.8559 27.9559 9.90951 
14.6269 14.6296 33.297 27.58 9.86659 
14.8134 15.3703 33.3152 26.5678 9.9333 
13.0057 15.107 34.1055 27.8672 9.91457 
13.5735 16.2656 33.9719 26.3073 9.88153 
14.7597 15.295 34.2833 25.7212 9.94076 
14.4312 15.468 35.8596 24.2709 9.97038 
14.7753 15.9568 35.1712 24.2044 9.89235 
14.1795 15.3483 35.0711 25.5415 9.85947 
15.451 15.5337 33.2546 25.9815 9.77923 
15.2187 15.9412 32.9761 26.0697 9.79425 
13.3628 16.0528 33.8853 26.8705 9.82863 
12.0522 15.4433 34.0782 28.5248 9.90153 
12.8697 14.9842 35.4749 26.8322 9.83903 
14.3296 13.8633 35.189 26.7125 9.90567 
13.9567 14.3016 34.502 27.3736 9.86613 
15.768 14.4995 35.6948 24.2055 9.8322 
16.6049 14.2265 34.5625 24.7481 9.85796 
16.4325 13.3463 34.4899 25.9242 9.80703 
17.6502 13.0074 34.6304 24.8219 9.89004 
17.6747 12.4034 35.1618 24.9478 9.81228 
17.6609 12.6443 35.5081 24.3787 9.8081 
17.1638 12.4419 36.504 24.0383 9.85197 
17.6987 12.3463 35.2036 24.8397 9.91174 
16.6872 12.3894 36.2504 24.7171 9.95587 
18.2273 12.154 36.0031 23.6958 9.91979 
17.3939 12.7649 35.3583 24.5867 9.8962 
16.2776 13.3179 34.9372 25.1966 10.2707 
17.3607 12.1345 36.2006 24.2698 10.0345 
17.4879 12.1648 36.935 23.517 9.89529 
14.9759 12.4592 36.8733 25.8165 9.87518 
14.7134 12.01 35.1996 28.2262 9.85088 
15.4212 11.4888 35.0192 28.1453 9.92544 
15.1511 11.6968 35.3667 27.912 9.87344 
14.6976 12.8251 33.6717 28.9269 9.87858 
13.089 11.8506 35.2649 29.8713 9.92418 
15.5228 11.0337 34.6603 28.8675 9.91565 
15.1747 11.5105 35.7844 27.3675 10.1629 
14.9541 12.8086 34.9768 26.6932 10.5673 
16.9308 13.7572 33.4548 25.5315 10.3257 
17.4523 13.9048 34.3745 24.0402 10.2282 
18.7968 13.6662 33.9717 23.5042 10.0611 
20.0567 14.6701 33.4435 21.9402 9.88948 
20.4935 13.9242 33.9698 21.8228 9.7897 
22.6292 13.3884 34.2263 20.0023 9.75379 
22.7475 13.4015 35.2534 18.8426 9.75494 
21.3435 13.1962 34.9983 20.5996 9.86237 
19.4096 12.4234 35.7839 22.5975 9.78555 
19.9697 11.1786 33.6204 25.3716 9.85966 
20.2372 12.3716 34.0027 23.5691 9.81942 
20.8569 11.3872 34.6188 23.3617 9.77548 
20.2004 11.7196 34.899 23.4072 9.77373 
21.0758 11.7832 34.1742 23.2019 9.76492 
20.3561 12.9825 34.7235 22.1464 9.79155 
21.2713 13.4044 33.9212 21.5234 9.8797 
19.9996 13.2393 33.0383 23.8359 9.88685 
20.8525 13.5964 31.2479 24.5148 9.78838 
18.7596 13.0039 32.2906 26.0872 9.85873 
19.4093 13.2866 32.3695 25.138 9.79662 
19.9236 13.0302 34.6154 22.6055 9.82532 
20.9508 13.4748 35.0733 20.6434 9.85771 
20.7272 14.8309 33.7237 20.9332 9.78497 
21.9778 14.5021 34.1847 19.3249 10.0106 
24.7435 14.8719 31.5905 18.9561 9.83801 
25.1094 14.4701 33.0956 17.4628 9.86197 
25.4857 14.5627 32.0651 16.9211 10.9655 
24.5076 15.0668 33.3336 16.765 10.327 
23.0552 13.8052 34.611 18.487 10.0416 
23.392 13.0467 33.8309 19.8367 9.89366 
22.8346 15.1867 32.0145 19.5718 10.3924 
21.9301 15.5421 32.1611 19.7859 10.5808 
22.6784 14.5892 34.0875 18.4594 10.1855 
23.5013 14.8236 33.6461 17.5309 10.4982 
23.9729 13.7081 33.4897 18.5802 10.2491 
23.4097 14.3447 33.7861 18.4662 9.99345 
24.6678 13.3452 32.1194 19.9327 9.935 
24.5829 12.6967 33.5296 19.4041 9.78678 
24.9288 12.026 33.0651 20.1416 9.83844 
26.1899 12.6306 30.5032 20.1198 10.5565 
22.7246 15.2042 28.9553 20.0599 13.056 
22.8646 14.1749 29.0316 22.4713 11.4576 
21.5514 13.4366 31.7777 22.5452 10.6891 
20.9452 11.6336 32.6685 24.4929 10.2598 
21.8761 11.0799 34.7553 22.3342 9.95447 
22.3488 10.5192 33.1453 24.0302 9.95649 
22.2209 10.1046 32.6579 25.1934 9.8232 
22.8626 10.3942 32.9956 23.9215 9.82613 
22.7435 11.5319 32.7874 23.0467 9.89044 
23.1365 11.0181 32.3601 23.7082 9.77715 
22.4378 11.7892 32.8467 22.9652 9.96104 
24.2189 11.3946 33.1734 21.2326 9.98052 
24.5584 11.6157 32.301 21.6367 9.88822 
23.7078 10.9099 33.4974 22.0428 9.84207 
22.5335 12.0083 32.2827 22.9146 10.2608 
23.7668 11.8077 31.5431 22.8412 10.0411 
23.3371 12.7321 32.2914 21.773 9.86638 
23.2426 11.4586 32.8124 22.2291 10.2573 
22.3356 11.4436 33.3109 22.7812 10.1286 
23.7711 10.6805 31.9447 23.5807 10.023 
23.5828 11.0742 34.0916 21.4234 9.82801 
23.6519 12.0487 33.3249 20.9442 10.0303 
24.3259 13.5825 32.0694 19.1931 10.8291 
25.026 12.8078 33.6696 18.1028 10.3938 
24.4178 12.5944 33.7395 19.0514 10.1969 
25.5277 11.9741 33.4637 19.1327 9.90194 
26.4224 12.0846 33.3172 18.3468 9.82902 
23.4153 11.6545 34.2606 20.3979 10.2717 
23.8153 11.4327 33.9465 20.7371 10.0686 
24.1672 11.4856 33.8002 20.7051 9.84197 
25.3552 14.0761 31.4063 18.0686 11.0938 
25.1776 14.4244 31.044 17.557 11.7969 
23.773 15.7648 29.6668 17.989 12.8064 
23.9453 16.706 28.951 18.1122 12.2855 
23.5856 16.7401 28.0239 18.7335 12.917 
26.1867 16.9559 28.9109 16.1849 11.7615 
26.7876 16.7582 28.7867 15.4173 12.2502 
25.5407 17.1362 29.3651 15.9007 12.0573 
26.7584 17.7943 28.0754 15.3908 11.981 
27.2548 17.0311 30.0664 14.394 11.2537 
24.5763 17.2747 28.9018 16.3211 12.9261 
23.5664 17.6599 28.3607 16.0553 14.3578 
22.1006 16.5019 30.3179 18.6096 12.4699 
22.0197 13.353 31.2304 21.8048 11.5921 
20.8901 13.2633 28.19 25.8725 11.7841 
21.6472 12.3694 31.8546 22.4991 11.6297 
24.2075 11.7402 30.0687 22.8657 11.1179 
23.3282 13.013 30.6806 20.6165 12.3617 
24.0779 13.403 28.7886 20.6531 13.0774 
25.5005 11.99 30.7404 20.1823 11.5868 
23.9267 12.1715 30.0761 22.15 11.6757 
22.7914 12.4552 30.0062 22.54 12.2073 
22.9523 11.888 31.7484 22.3549 11.0565 
24.1994 10.8547 33.0617 21.4453 10.439 
25.3181 11.4618 32.9102 19.3433 10.9666 
26.2007 11.4601 33.1217 18.5258 10.6916 
26.6139 11.676 31.4257 19.5332 10.7512 
24.194 13.9025 28.6161 19.8472 13.4401 
26.6575 12.7205 29.4179 18.7148 12.4893 
25.7448 13.0717 30.1452 18.0822 12.9561 
23.792 13.145 32.0266 18.8112 12.2252 
23.7317 12.1281 31.9553 21.2414 10.9435 
24.5325 10.9529 32.8666 21.2874 10.3606 
23.2919 11.1175 33.0999 21.9257 10.5649 
22.6889 12.0005 30.0469 23.8463 11.4174 
23.3342 11.3574 32.6255 21.617 11.0659 
25.5415 11.1761 29.9253 22.5886 10.7685 
23.9218 12.7823 29.7109 21.0065 12.5785 
25.7036 12.2391 29.7677 19.86 12.4296 
26.6449 11.8667 28.3896 21.1369 11.9619 
24.2199 12.6641 27.9769 22.7479 12.3912 
23.6677 11.6084 31.3251 22.178 11.2207 
23.7525 12.1996 31.3602 21.2634 11.4243 
24.755 11.6553 30.3266 22.2479 11.0152 
26.4251 12.2562 30.6395 19.9335 10.7457 
25.9029 11.9657 30.802 20.6266 10.7028 
25.6418 12.5818 30.8832 20.4656 10.4275 
25.8978 12.1883 30.3134 20.7456 10.8548 
24.2206 12.4526 31.0527 20.7774 11.4968 
23.3779 12.799 32.193 20.7174 10.9127 
23.8102 12.7632 30.642 21.2678 11.517 
25.0787 13.2678 27.8958 22.0111 11.7465 
24.4038 15.1085 24.9649 21.1751 14.3478 
23.8216 15.6528 25.8627 20.0946 14.5683 
23.5387 15.966 26.1097 19.3496 15.0361 
25.8319 16.1861 23.6017 19.0498 15.3305 
26.6256 14.2758 26.5858 19.4711 13.0416 
26.9492 12.6935 29.202 19.3315 11.8238 
25.1497 12.4381 31.3523 20.0719 10.9881 
23.7135 11.6646 33.0029 21.1745 10.4445 
22.787 11.4137 32.7805 22.9129 10.106 
24.1897 10.9201 32.0301 22.8308 10.0293 
24.1638 12.3566 29.1185 22.4499 11.9112 
24.866 12.9965 28.4797 22.0204 11.6374 
24.6926 12.9886 32.7495 18.9429 10.6264 
24.0975 11.7939 34.5775 19.3793 10.1519 
25.7085 11.567 31.9795 20.5144 10.2306 
23.5313 12.2939 33.9585 19.8926 10.3236 
25.3125 11.812 32.4965 20.0448 10.3342 
25.662 12.8424 30.1211 20.427 10.9475 
24.5399 13.0668 28.0352 22.5553 11.8028 
24.0046 12.6558 31.3645 20.4613 11.5137 
23.6906 12.8214 28.994 22.2436 12.2503 
23.1447 12.6254 29.1862 22.7037 12.3399 
23.4368 11.9624 30.9773 21.5214 12.1021 
22.3636 12.4328 29.6822 23.0187 12.5027 
23.9269 13.0792 29.2202 20.9865 12.7873 
25.3713 12.6848 31.3699 18.5938 11.9802 
24.9972 11.8701 33.2729 18.5934 11.2665 
26.5083 11.249 32.5785 19.2001 10.4642 
25.7541 10.7171 35.2707 18.1649 10.0932 
24.7521 11.9211 33.2604 18.7699 11.2966 
24.5382 13.0551 30.1437 19.8579 12.4051 
25.0408 12.2341 32.1914 18.8964 11.6373 
25.1828 12.9352 30.3814 19.1884 12.3122 
24.3002 14.0625 29.7477 19.4043 12.4852 
25.8373 13.7352 28.561 19.758 12.1085 
24.328 15.928 29.0456 17.9327 12.7657 
24.2078 16.7231 28.0264 16.9956 14.0471 
23.5946 17.3678 27.6778 17.8145 13.5453 
24.0554 17.7161 26.7421 18.2621 13.2242 
24.0966 18.3408 24.1469 18.1828 15.2328 
24.0048 18.5907 25.4793 16.7001 15.2251 
24.1043 17.5756 26.4339 16.9488 14.9374 
24.9773 17.6313 27.1625 15.6172 14.6116 
23.822 17.4823 26.5813 17.8086 14.3058 
24.7399 16.6359 26.4485 18.1148 14.0608 
24.9467 15.6799 28.2549 17.6464 13.4721 
24.4596 16.0591 27.8261 17.7273 13.9278 
25.5246 17.2781 25.4737 18.4012 13.3223 
23.179 18.2224 24.4035 19.2006 14.9945 
23.9134 18.2661 25.9342 17.3468 14.5395 
23.781 18.5925 26.1428 17.4572 14.0265 
24.4672 17.2717 26.2616 18.8513 13.1482 
24.0193 17.2073 26.7022 18.3542 13.717 
22.8624 17.5184 25.7542 18.867 14.998 
24.3344 17.7914 25.7803 18.1432 13.9506 
22.7141 17.4895 26.562 18.056 15.1784 
24.482 16.5572 27.656 17.153 14.1517 
24.4632 17.1675 27.1613 16.7246 14.4833 
22.8481 17.1454 28.3067 16.924 14.7759 
24.2289 17.1093 27.568 16.6937 14.4001 
22.7762 18.4811 25.5487 18.641 14.553 
24.0424 18.8085 25.12 18.2711 13.758 
24.7729 17.7935 26.3184 17.5248 13.5904 
24.5659 17.5506 26.9413 17.7368 13.2055 
25.5014 15.3845 27.8384 18.9259 12.3499 
20 20 20 20 20 
17.8125 18.0729 24.8438 19.8958 19.375 
15.9664 17.717 28.2784 20.1331 17.9051 
14.0752 16.9045 30.9208 21.216 16.8836 
13.7505 16.5541 31.5484 21.8348 16.3122 
14.9898 16.6303 30.81 21.4186 16.1513 
13.2503 14.79 31.9518 24.1386 15.8694 
13.8379 16.0747 32.3573 22.3382 15.3919 
15.027 15.5312 33.0091 22.2256 14.207 
15.1868 13.9537 35.0689 22.2514 13.5392 
14.4636 13.8471 35.6006 24.3573 11.7314 
13.4818 14.4491 35.0197 24.9337 12.1157 
13.3525 14.938 34.452 25.69 11.5675 
12.3413 13.5035 35.5758 27.7465 10.833 
12.2093 12.7904 36.1454 28.4868 10.3682 
12.3253 12.8506 36.4999 28.2105 10.1137 
11.6519 13.4659 36.269 28.6637 9.94944 
11.6872 15.1061 34.7613 28.5663 9.87903 
12.3029 15.5674 34.1271 27.5607 10.4419 
12.7304 15.2 35.0061 26.9382 10.1253 
13.4058 15.4759 34.6868 26.4763 9.95523 
13.2029 15.6129 35.0934 25.8631 10.2276 
14.3646 15.4381 34.7835 25.3 10.1138 
16.0847 15.8898 33.8552 24.1134 10.0569 
16.0224 15.8002 32.6383 24.8996 10.6394 
13.9606 14.8621 34.547 26.3738 10.2564 
12.5825 14.2938 36.1811 26.9124 10.0302 
13.2246 14.0802 35.1572 27.1895 10.3484 
13.7725 13.9576 35.0543 26.4588 10.7567 
13.5624 15.2174 34.0044 26.8658 10.35 
14.4735 15.5859 32.5293 27.2506 10.1607 
14.0437 15.8375 34.0864 26.0015 10.0309 
14.6089 13.6402 36.1974 25.5629 9.99056 
14.9864 14.7716 35.6189 24.5065 10.1166 
13.8842 14.6539 36.2305 25.0352 10.1961 
13.5747 14.7249 36.6102 25.0176 10.0726 
14.0601 14.3755 35.7077 25.3659 10.4908 
14.4476 13.9185 34.8868 26.5566 10.1905 
13.4738 13.0891 35.5924 27.5812 10.2635 
15.0496 12.1277 36.2826 26.4457 10.0945 
16.5914 11.5305 37.208 24.1562 10.5139 
15.6064 12.6843 36.8807 24.6107 10.2178 
15.985 14.3725 36.0161 23.5175 10.1089 
14.6865 13.7436 35.4944 26.103 9.97248 
15.3892 13.6247 35.9943 25.1205 9.8713 
15.1074 14.8065 34.4216 25.787 9.87751 
16.1939 14.0605 35.3411 24.5082 9.89626 
16.6639 14.6626 34.0257 24.7152 9.93255 
14.3102 13.8531 34.8118 27.1674 9.85758 
15.0567 13.7918 34.6339 26.6666 9.85107 
15.9367 14.7037 33.5331 25.6456 10.1808 
16.3017 13.8796 34.6832 25.045 10.0904 
16.9584 13.1729 34.0083 25.9371 9.92325 
16.661 14.3786 34.9262 24.0075 10.0266 
17.0322 12.7142 35.6952 24.5728 9.98565 
16.4108 12.5898 36.5456 24.4748 9.97898 
14.9514 11.8504 37.7173 25.5972 9.88367 
14.5566 14.3067 35.3326 25.9489 9.85513 
14.7928 13.0782 35.7299 26.5583 9.84086 
15.7297 12.2269 35.9866 26.2421 9.81461 
15.6962 12.4388 35.3126 26.6753 9.87718 
16.6125 12.2539 35.6161 25.694 9.82365 
16.6913 12.0276 35.5099 25.8905 9.88077 
15.5094 11.4231 36.3222 26.8341 9.91114 
16.0646 10.6411 34.9217 27.2199 11.1528 
15.6692 10.7961 37.0574 25.5696 10.9078 
16.8129 11.7448 36.1757 24.8591 10.4075 
16.0761 12.2146 36.2295 25.4089 10.071 
16.872 14.0578 34.3691 24.7186 9.98249 
15.311 12.9664 35.4658 26.2655 9.99124 
15.3357 12.4393 34.9743 27.0826 10.168 
16.2616 11.3759 36.3934 25.8851 10.084 
16.8043 11.1301 36.2239 25.8677 9.97398 
16.9346 12.2204 34.6649 26.2444 9.9358 
17.8898 12.1892 32.682 27.4079 9.83112 
15.5238 12.0888 34.762 27.7391 9.88632 
15.5585 11.4681 33.4827 29.6322 9.85841 
16.1126 11.5376 34.3009 28.209 9.83992 
16.1042 12.1044 34.7874 27.1182 9.88571 
16.8381 12.1225 35.2851 25.8594 9.89493 
15.9997 12.029 35.8684 26.1555 9.94747 
17.1427 11.4431 35.2199 26.2206 9.97373 
17.1862 11.9715 34.5018 26.4549 9.88552 
16.3746 13.105 33.3105 27.3003 9.90965 
17.1742 14.3956 34.3023 24.2711 9.85678 
19.7555 12.1806 33.8178 24.3348 9.91121 
19.9179 10.9096 32.17 27.2277 9.77488 
20.7949 10.4084 33.1128 25.8429 9.841 
20.1334 10.4847 35.6983 23.3175 10.366 
19.241 10.7469 34.6687 24.197 11.1463 
20.1468 11.1629 33.6502 24.5546 10.4854 
17.2395 12.7476 34.9033 24.9809 10.1287 
16.4511 13.7533 34.9215 24.8398 10.0342 
17.7051 13.0105 32.1448 27.2898 9.84983 
18.4911 11.7763 34.7471 24.9401 10.0454 
19.8011 12.74 32.9291 24.5071 10.0227 
19.0423 11.5939 34.9347 24.0073 10.4218 
20.7152 11.5805 35.1912 22.4514 10.0616 
21.1732 10.9321 34.6169 23.2824 9.99536 
19.9616 12.9661 32.9334 24.1412 9.99768 
20.5972 12.4762 33.9325 23.0295 9.96459 
20.9405 12.1503 35.3784 21.6499 9.88095 
21.5572 12.3795 32.9066 23.2163 9.94047 
21.1357 12.0826 33.5962 23.2153 9.97024 
18.9336 10.9051 33.5296 26.7827 9.84893 
20.2238 10.831 31.5058 27.5348 9.90455 
20.2542 10.3977 33.9024 25.5112 9.93448 
19.8649 11.3786 33.9924 24.9279 9.83615 
20.8378 11.0391 32.8398 25.2211 10.0621 
20.8189 11.9196 32.8199 24.4106 10.0311 
22.0883 12.5291 33.1983 22.2418 9.94253 
23.0351 12.1469 32.8887 21.9806 9.94864 
23.3062 11.358 33.924 21.5594 9.85237 
22.86 12.1445 33.9879 20.909 10.0986 
23.5699 11.8336 33.8664 20.7426 9.98757 
24.056 10.8618 32.6841 22.4592 9.93884 
23.3706 10.755 33.7032 22.3407 9.83053 
24.3639 10.7346 33.6373 21.3489 9.91527 
23.7673 10.8551 34.5016 21.0403 9.83568 
25.7841 10.4068 32.396 21.516 9.89709 
25.4368 11.2966 34.4776 19.0017 9.78726 
25.6883 11.6633 34.1561 18.7114 9.78085 
25.9072 12.138 32.8438 19.2656 9.84538 
24.6691 12.3451 32.7399 20.5115 9.7344 
25.4051 11.3593 33.1749 20.2142 9.84646 
24.2556 10.9827 33.4435 21.4708 9.84747 
24.483 11.862 31.7797 22.1253 9.74999 
25.5068 11.2881 31.7062 20.7565 10.7423 
22.8024 12.0166 33.7452 21.1626 10.2731 
22.8236 11.3962 32.6054 23.0813 10.0935 
22.7366 11.2537 31.901 24.1475 9.96126 
22.209 10.4941 32.5434 24.9056 9.84789 
20.3211 10.5466 35.1657 23.9735 9.99307 
19.6266 11.0985 32.3887 27.0353 9.8509 
21.1036 10.6184 33.0146 25.2688 9.99458 
20.5518 12.4521 33.174 23.3487 10.4735 
23.2304 12.8169 32.4961 21.2198 10.2367 
24.1152 12.5405 30.399 22.8741 10.0712 
23.888 11.4042 31.7173 23.0442 9.94631 
24.6595 11.3055 32.238 21.8669 9.93005 
24.706 12.0884 31.218 22.0721 9.91552 
23.5205 11.3742 31.345 23.4726 10.2877 
23.525 12.1577 32.1431 20.8539 11.3203 
23.8478 11.5291 32.8962 21.0905 10.6365 
23.4817 11.5434 32.5285 22.103 10.3434 
25.0574 11.0481 34.606 19.0917 10.1968 
26.684 11.9167 33.513 17.765 10.1212 
26.6017 12.0357 31.6736 19.1035 10.5855 
26.2041 12.7383 32.2347 18.1539 10.6691 
25.2567 13.2752 33.5206 17.088 10.8594 
26.4702 13.9822 32.297 16.1711 11.0794 
25.505 15.8868 32.0994 14.834 11.6747 
26.4089 13.8906 31.9088 17.1086 10.6832 
26.3781 13.8315 30.3256 17.5364 11.9284 
25.3437 12.7169 33.3949 17.0555 11.4891 
24.6351 12.8001 32.6484 18.0369 11.8795 
23.9756 12.6177 32.9045 19.1221 11.3802 
25.2883 11.9739 32.9547 18.9207 10.8625 
25.8794 11.3791 31.1832 21.225 10.3332 
26.2141 10.5568 32.1845 21.0107 10.0339 
25.4808 10.5814 32.2539 21.6165 10.0674 
27.3443 10.7363 30.9784 20.9568 9.98421 
25.7575 10.5814 33.0248 20.668 9.96841 
24.2424 10.8463 33.179 21.6976 10.0347 
24.8431 11.6361 31.0866 21.4997 10.9345 
22.7019 11.1919 33.5339 22.1984 10.3738 
23.3419 10.5733 32.6041 23.3164 10.1643 
23.5757 11.5367 29.9925 23.8606 11.0345 
24.1373 12.0936 31.2613 20.9664 11.5414 
24.8237 11.6591 31.7021 20.9424 10.8727 
25.5698 12.1453 31.3774 20.208 10.6995 
25.0349 12.0727 33.1887 19.104 10.5998 
27.5399 12.0901 32.5136 17.6238 10.2326 
27.8608 11.7269 32.3932 17.9028 10.1163 
26.4908 12.3852 31.414 19.821 9.88907 
24.4634 13.2439 29.1685 21.7695 11.3548 
24.3876 12.3559 31.5567 20.9765 10.7233 
24.9958 11.0089 31.4789 22.324 10.1926 
23.7724 10.8966 33.6316 21.7012 9.99824 
23.3075 11.032 31.7904 23.7948 10.0753 
23.7505 12.7741 30.6802 22.3813 10.414 
21.5438 13.5694 32.1909 21.9641 10.7318 
24.0698 13.4336 30.9891 20.8225 10.6851 
23.0564 12.362 32.9677 20.8951 10.7189 
23.0667 12.7744 31.8684 21.4366 10.8539 
23.5125 11.8559 30.5176 23.2183 10.8957 
25.5318 12.0504 30.0547 21.8132 10.5499 
23.7485 12.6726 31.5013 21.0222 11.0553 
22.6435 12.4902 31.3917 22.8188 10.6559 
22.0169 13.7317 32.006 21.5698 10.6755 
24.0262 13.3747 29.6125 21.7317 11.2549 
24.8703 14.9017 27.6634 19.4373 13.1275 
23.9431 17.3715 26.1333 18.052 14.5002 
23.8763 19.7968 23.3841 17.7561 15.1866 
24.0071 18.1743 25.1403 17.8436 14.8347 
24.9287 18.2708 25.1552 17.0851 14.5602 
24.5559 17.3053 26.3031 17.3661 14.4696 
24.0961 16.2284 28.6061 16.8648 14.2045 
25.5701 16.6048 26.8817 16.923 14.0205 
25.5588 16.3316 26.2146 16.8557 15.0394 
24.2659 17.6253 26.9586 15.8603 15.29 
25.5316 18.6165 25.244 16.4269 14.1809 
24.9609 18.1497 26.6464 16.75 13.4929 
23.5583 17.7575 27.9939 17.0576 13.6327 
21.9832 17.7223 28.6228 17.7125 13.9592 
23.4077 17.586 26.3919 18.5878 14.0266 
23.8251 17.2778 26.5293 18.6878 13.68 
23.9496 16.6636 28.3881 17.9859 13.0128 
23.8979 17.9472 25.7325 18.2237 14.1987 
24.6113 17.4152 24.8792 19.5015 13.5929 
24.13 17.1535 26.9666 17.8588 13.891 
22.4816 18.299 26.3305 18.6516 14.2372 
24.9395 17.3687 26.5214 17.2025 13.9679 
24.7504 17.8949 22.9098 18.689 15.7559 
23.9137 18.3491 22.1387 19.1736 16.4249 
22.0795 17.7635 26.1 19.7095 14.3474 
24.6452 18.0654 24.2745 19.0384 13.9764 
22.9287 16.9873 26.1524 18.9889 14.9428 
23.1885 16.4247 26.8693 18.8048 14.7128 
24.9871 16.5457 28.018 17.1405 13.3088 
24.032 16.9267 28.4321 17.2241 13.3852 
25.887 16.8504 27.1193 16.6766 13.4668 
22.6334 18.1151 27.1255 17.6406 14.4853 
24.3764 17.6397 24.7568 18.1487 15.0785 
22.623 18.385 23.6827 18.6395 16.6697 
23.0972 18.4782 25.4128 17.5341 15.4777 
23.7108 18.6986 26.2199 16.8751 14.4956 
24.2777 18.0449 27.0851 16.8227 13.7695 
26.2693 17.3558 25.8614 16.3823 14.1311 
24.8994 18.155 26.0026 17.3415 13.6015 
26.0591 17.3615 26.6108 17.2506 12.7179 
23.7133 18.9372 25.2712 17.1723 14.906 
23.3718 18.2565 27.4841 17.071 13.8166 
22.6234 16.9407 29.0545 17.2855 14.0958 
22.4228 16.9671 28.2528 18.4467 13.9107 
20.6376 18.3196 27.651 18.2397 15.152 
20.7188 17.9598 25.8255 19.1199 16.376 
24.2148 16.8112 26.467 18.2949 14.2121 
24.8463 16.6859 27.5647 17.4277 13.4755 
25.2803 17.6286 24.8538 18.3567 13.8806 
25.2356 17.9746 25.0223 17.1936 14.5739 
24.0932 18.0037 23.9866 18.023 15.8935 
24.1434 17.8728 23.6868 18.2857 16.0113 
25.4775 18.3567 23.4376 17.1139 15.6143 
24.3207 16.2405 27.538 18.4439 13.4569 
25.4582 14.7692 30.5243 17.2007 12.0476 
28.0593 13.045 30.8282 17.0909 10.9766 
26.7009 14.0567 28.7703 18.1345 12.3376 
25.0069 13.4701 30.0293 18.5765 12.9173 
26.5428 12.4001 30.5319 19.1404 11.3847 
25.9058 12.9205 31.395 18.4412 11.3375 
26.4047 12.044 32.4488 18.3577 10.7449 
28.9028 12.3022 30.9587 17.6329 10.2034 
27.0118 11.7066 30.9383 20.4107 9.9326 
25.7179 11.3833 33.2111 19.8828 9.80501 
26.5163 11.0157 30.9574 21.7469 9.76362 
25.6891 11.8614 30.9483 21.0945 10.4067 
26.3784 13.8255 27.5042 18.8179 13.474 
26.0726 14.2747 29.703 16.7709 13.1787 
26.6418 14.9605 27.0964 17.5691 13.7322 
25.5586 15.8718 26.1356 18.2251 14.2088 
23.1127 16.2693 27.4011 18.7792 14.4377 
21.988 16.7677 27.0099 19.4616 14.7728 
22.4847 16.1478 28.7224 18.737 13.9081 
22.807 16.9175 27.9666 18.212 14.0969 
21.5484 17.5167 28.1137 18.5263 14.2948 
24.5977 18.1701 26.998 16.6161 13.618 
20 20 20 20 20 
18.4367 19.1811 24.5161 18.5608 19.3052 
16.4126 20.1421 28.4451 19.3523 15.6478 
15.7713 19.5273 29.4708 20.5509 14.6797 
14.7414 20.5202 30.1018 20.7955 13.841 
15.1293 20.1123 32.6617 20.25 11.8466 
15.6529 17.7767 32.0171 21.6446 12.9086 
13.7018 17.6414 32.5553 23.652 12.4495 
12.692 18.9842 32.0487 25.1438 11.1313 
12.214 20.3723 32.1613 24.7968 10.4556 
12.3423 19.4803 32.6689 25.3396 10.169 
13.0119 17.4516 33.8717 25.6051 10.0596 
13.5034 16.7411 34.3659 25.2708 10.1189 
16.1107 14.909 33.465 25.1995 10.3158 
15.9303 15.8295 32.3575 25.7247 10.1579 
15.4474 16.1095 34.5873 23.5512 10.3046 
15.7389 14.7978 35.7415 23.226 10.4958 
15.4489 15.4673 34.1299 24.5714 10.3824 
15.1973 15.8858 33.5052 25.3292 10.0825 
14.6891 15.1556 33.134 26.8455 10.1757 
14.2368 14.47 35.6146 25.5782 10.1004 
15.3273 13.3296 36.2153 25.1025 10.0253 
14.8065 13.5479 36.5492 24.8889 10.2075 
14.5461 13.9168 35.5678 25.7277 10.2416 
15.9518 13.9532 35.53 24.5219 10.0431 
14.7189 14.3557 35.3223 25.6197 9.98337 
15.1629 15.2704 34.7132 24.9486 9.90498 
14.6812 15.7923 33.5197 26.0695 9.93738 
12.8269 14.5046 35.089 27.6233 9.95622 
12.616 15.227 34.5065 27.7357 9.91482 
13.4164 13.5171 35.687 27.4823 9.89717 
13.024 13.6007 34.2909 29.1359 9.94858 
13.1622 12.7117 34.0174 29.1 11.0088 
14.2014 12.6393 33.8536 28.8548 10.4509 
14.1884 12.5052 34.7103 28.4738 10.1224 
14.3423 12.6408 36.3969 26.6448 9.97519 
14.8635 13.0896 36.0446 26.0916 9.91067 
14.8722 14.1341 34.689 26.4387 9.86605 
14.2484 14.0079 35.4679 26.4584 9.81734 
12.7265 13.8667 35.5211 28.0751 9.81063 
12.4367 13.713 35.5571 28.4444 9.84882 
12.6042 12.9706 36.121 28.4885 9.81571 
11.2041 12.9804 35.0948 30.9109 9.80982 
12.3469 12.0621 34.1163 31.5845 9.89025 
12.8587 11.8806 35.0247 30.4162 9.81977 
12.991 11.5833 36.1475 29.3813 9.89676 
13.4249 12.4493 34.9216 29.3646 9.83969 
14.8585 11.9831 34.7361 28.5868 9.83557 
13.5955 11.6216 35.8667 29.0387 9.87757 
14.2539 11.6587 35.7696 28.4082 9.90955 
14.9475 11.7268 36.2181 27.1528 9.95477 
13.9253 12.315 34.5314 29.2656 9.96272 
13.5022 13.1057 33.7507 29.7554 9.88599 
12.9845 12.3884 35.5756 29.2013 9.85016 
13.8127 13.2384 36.158 26.7553 10.0356 
13.8896 13.8818 35.1181 26.7855 10.3251 
14.0244 13.4306 35.2582 27.2571 10.0298 
13.0773 14.1117 35.9723 26.9421 9.89655 
14.5141 14.5712 36.2377 24.8208 9.85625 
15.361 14.4721 35.55 24.7957 9.82109 
16.4155 14.3144 34.6425 24.7472 9.88043 
15.4111 14.6431 34.4116 25.0855 10.4487 
15.3645 14.6915 34.5469 25.2595 10.1376 
15.3746 13.756 34.1004 26.7323 10.0368 
14.6937 12.1328 34.7253 28.4935 9.95469 
15.1216 11.0262 34.5208 28.9921 10.3393 
14.4791 10.7018 34.556 30.2193 10.0439 
14.0577 10.5457 36.4339 28.746 10.2167 
14.587 11.8135 34.7867 28.7625 10.0502 
15.9299 11.3613 35.4237 27.2601 10.0251 
16.0555 10.535 37.4529 26.0896 9.86693 
15.2625 11.3768 35.7683 27.675 9.91739 
16.4172 10.96 35.7755 26.9365 9.91077 
15.7892 10.8026 35.6297 27.8231 9.95538 
15.3351 12.0977 34.6303 28.0485 9.88841 
14.8748 11.9047 34.4323 28.8891 9.89916 
15.0672 10.8225 35.398 28.8926 9.81971 
15.867 10.7143 34.9717 28.5372 9.90985 
14.9716 11.5155 36.1076 27.4651 9.94026 
14.4891 10.6437 36.132 28.8791 9.85613 
14.1702 11.0651 34.9579 29.9801 9.82671 
15.6397 10.9898 35.6205 27.9694 9.78061 
14.9032 11.9532 34.2686 28.9847 9.89031 
14.5168 13.4041 33.801 28.4416 9.83646 
14.8671 13.5861 34.4729 27.2643 9.80953 
15.219 12.8484 34.0185 28.165 9.74906 
15.4873 11.4081 35.3372 27.9089 9.85845 
17.3663 11.3644 33.329 28.1054 9.83489 
18.7196 11.7041 33.0878 26.6439 9.84445 
18.0076 11.3552 34.9402 25.9006 9.79644 
18.1678 10.6615 36.4411 24.8474 9.88214 
18.1431 11.6025 35.468 24.9673 9.81912 
18.4194 11.6708 33.3862 26.6141 9.90956 
19.1753 12.7083 33.5316 24.6472 9.9376 
17.7192 12.7555 34.5859 24.9534 9.9861 
18.2556 13.9281 33.9037 24.0539 9.85882 
20.1572 14.5008 32.393 23.0563 9.89265 
19.2184 13.5228 32.1463 25.3275 9.78503 
19.5709 12.8917 33.5061 24.158 9.87336 
19.9938 14.5708 32.3781 23.1207 9.93668 
20.0729 13.9394 32.729 23.3474 9.91131 
19.8191 14.5784 33.1036 22.5433 9.95565 
20.2544 14.4013 32.9311 21.832 10.5813 
21.4632 14.4881 33.4696 20.4302 10.1489 
20.5642 13.7294 34.7264 20.6753 10.3046 
21.6642 14.1818 33.6234 20.5003 10.0303 
22.5342 13.4739 32.7691 20.8884 10.3343 
22.6706 13.3159 34.1477 19.6547 10.211 
24.7192 14.2337 30.9628 19.9284 10.156 
24.243 15.1886 31.1764 18.9328 10.4592 
23.1173 14.0258 32.1857 20.4623 10.2088 
22.8087 13.0546 34.0095 20.0228 10.1044 
23.2069 13.3942 34.3867 18.5951 10.417 
23.7394 13.736 33.4555 18.7636 10.3056 
23.4811 14.6879 32.3676 19.3344 10.1291 
23.6258 14.3112 32.3723 19.7082 9.98258 
25.2388 13.1741 32.8528 18.6504 10.0839 
23.9097 12.7698 31.749 20.6155 10.9559 
22.5369 13.7923 31.483 20.3607 11.8272 
22.7025 13.6791 32.0206 20.6455 10.9523 
22.2084 15.411 32.0103 18.8942 11.4762 
22.748 15.2397 31.7586 19.0361 11.2175 
24.0859 15.247 29.7211 18.8401 12.1059 
24.3424 15.1101 28.4969 19.8479 12.2027 
24.0497 15.2899 29.7181 19.3162 11.6262 
23.1073 15.8924 30.0652 19.7096 11.2255 
22.0665 15.1257 31.4429 20.6241 10.7409 
21.2964 14.4049 32.5635 21.1015 10.6336 
23.7038 14.4247 29.8929 20.5507 11.4279 
22.139 14.6286 31.4536 20.8017 10.9771 
22.2844 14.3237 30.9137 22.0831 10.3951 
22.4325 13.6134 32.594 21.3238 10.0363 
23.313 12.8551 33.4341 20.5409 9.85684 
26.029 12.9053 32.5065 18.7725 9.78672 
26.8538 11.8098 32.1015 19.4309 9.80407 
26.3024 10.8405 32.3597 20.6597 9.83766 
25.9512 10.4203 32.1799 21.5298 9.91883 
23.3062 11.2019 34.4784 21.0955 9.91809 
21.2885 11.0697 35.9892 21.4852 10.1674 
22.6774 10.5141 35.8369 20.9086 10.0629 
25.4204 10.5632 34.0409 20.0461 9.92943 
24.4257 11.1393 33.5476 21.1109 9.77643 
24.3147 11.9391 28.8757 23.6128 11.2576 
25.4751 11.8107 30.0921 21.8531 10.769 
24.9266 11.8755 30.7177 21.8718 10.6084 
23.3067 13.7691 31.3227 20.2733 11.3283 
24.3806 13.0209 31.3432 20.5912 10.6641 
24.482 11.9271 32.9632 20.2956 10.3321 
25.3865 11.5974 32.6788 20.2417 10.0956 
25.2664 12.8162 30.9593 20.0624 10.8958 
25.5961 14.4328 29.6772 18.3645 11.9294 
24.5628 15.3863 27.5837 19.6398 12.8274 
24.7814 16.988 26.9329 18.4737 12.824 
23.4372 16.0522 29.7455 18.5392 12.2259 
25.6938 16.1006 26.9846 18.2758 12.9453 
23.3541 17.1083 26.8981 18.9205 13.719 
23.947 16.2229 27.2527 19.583 12.9945 
24.1759 16.4448 26.424 20.2081 12.7472 
24.4564 15.5908 30.0541 18.262 11.6368 
24.5993 14.7542 31.0064 17.8939 11.7462 
23.59 14.7964 30.0193 18.6244 12.9699 
23.0269 17.1808 27.3285 18.7325 13.7313 
24.9865 17.273 27.4367 17.1507 13.1531 
25.9764 16.7826 28.0442 16.7214 12.4754 
25.4882 17.0719 27.2165 17.0413 13.1822 
23.8952 18.2482 26.5579 17.1537 14.145 
23.9958 17.2566 29.2428 16.107 13.3978 
24.9609 16.9616 28.2017 16.6955 13.1804 
24.9047 16.3596 29.5554 16.5296 12.6508 
25.994 17.2076 27.2777 16.2509 13.2698 
26.2113 17.1752 26.1388 16.3397 14.1349 
24.2899 16.8113 28.201 16.3935 14.3043 
23.1205 17.7552 27.1086 16.3269 15.6887 
23.8936 16.5443 27.221 17.4968 14.8444 
24.7593 15.4596 28.923 16.5609 14.2972 
24.1654 15.9441 28.7472 16.8519 14.2914 
24.745 15.7643 28.3346 17.1922 13.9639 
27.5752 15.9902 25.9916 16.7042 13.7387 
25.2955 17.9158 25.2974 16.6854 14.8059 
23.5452 18.2527 27.7128 16.3555 14.1337 
23.2878 17.6112 28.0988 17.2687 13.7335 
24.3956 17.5304 27.8078 16.688 13.5782 
25.0654 17.5888 25.301 17.1675 14.8773 
25.5762 16.5584 28.1784 15.7266 13.9604 
24.3553 17.6075 26.7758 16.8185 14.4429 
25.3852 16.9799 26.281 17.8432 13.5108 
24.0259 17.1566 27.8072 17.2549 13.7554 
24.8419 16.1441 27.3904 17.838 13.7856 
27.0706 15.3969 27.7079 16.5623 13.2622 
26.711 16.1444 26.6918 16.7271 13.7257 
25.2073 17.3315 26.3089 16.8821 14.2703 
25.0198 17.7261 27.9195 15.1524 14.1821 
24.6974 16.3631 28.0223 17.2637 13.6536 
25.3234 16.0929 27.6187 17.4926 13.4723 
24.6617 16.0465 27.8094 18.0796 13.4028 
24.3679 16.3566 29.0281 17.3732 12.8743 
26.4697 15.6188 27.3117 18.2104 12.3895 
25.053 15.0821 30.6255 16.0749 13.1645 
24.3321 15.8744 28.8544 17.4124 13.5267 
24.3962 16.93 28.0963 16.6199 13.9576 
23.6075 16.8543 28.1421 17.0348 14.3613 
25.3454 17.1077 25.5294 17.8924 14.1251 
23.931 17.1631 27.6654 17.2243 14.0162 
23.0393 16.6352 28.2622 18.3437 13.7195 
21.7761 17.292 28.5542 19.1078 13.27 
22.0391 17.6388 28.3059 18.187 13.8293 
23.5196 17.1527 25.8954 18.5632 14.8692 
24.2598 16.5625 24.7532 19.351 15.0735 
22.2045 17.6096 26.9289 18.2576 14.9994 
24.8747 16.5892 27.2369 17.512 13.7871 
22.9842 16.8884 26.8997 17.7404 15.4873 
24.3852 16.3058 27.6008 17.0463 14.6619 
22.1132 17.6767 28.4829 16.4597 15.2675 
23.5566 17.6619 27.1091 16.3181 15.3543 
23.8473 17.739 27.9224 16.7797 13.7116 
24.346 17.2546 27.9363 17.0855 13.3776 
24.2942 16.5061 27.6045 18.2397 13.3554 
22.7923 17.2853 27.9958 18.1521 13.7745 
22.8715 18.4787 25.0635 18.0925 15.4938 
24.3192 17.2148 26.3354 17.9419 14.1886 
23.9482 18.3635 24.5498 17.9141 15.2244 
23.0397 19.0178 23.3405 17.9734 16.6286 
24.1098 17.7823 26.0587 16.5407 15.5085 
25.2624 17.0672 26.8658 16.132 14.6725 
24.3248 17.4046 26.3361 16.5337 15.4008 
23.0999 18.4679 25.2774 17.6419 15.5129 
22.2642 17.5673 25.3371 18.7416 16.0898 
24.8576 17.2804 25.7405 17.5407 14.5808 
21.855 18.4763 26.8047 17.3769 15.4871 
24.4868 17.4302 27.5266 16.8805 13.6758 
25.7976 17.7513 27.6187 15.9704 12.862 
27.8339 17.3172 24.8483 16.4268 13.5738 
24.0732 17.643 25.7054 17.5884 14.99 
24.1281 16.9914 27.2318 17.6177 14.031 
27.1282 16.5085 26.4364 16.1807 13.7463 
26.0641 17.4209 24.0515 17.257 15.2065 
27.1425 18.8332 24.2957 15.9905 13.7382 
24.4556 17.5798 26.4336 17.1789 14.3521 
26.3787 16.6516 26.7388 16.4511 13.7798 
26.7378 16.3903 27.2404 16.2901 13.3415 
25.5012 16.2834 27.5908 15.8656 14.759 
25.3237 16.6212 27.8305 16.9971 13.2275 
24.55 16.0029 27.5516 17.2398 14.6557 
25.7786 17.1255 24.7247 17.744 14.6271 
22.2878 16.4575 28.1518 17.8946 15.2083 
21.5869 17.0895 29.5822 17.808 13.9333 
23.2935 17.8305 26.2197 18.5469 14.1095 
24.8046 17.3948 28.3145 16.5834 12.9027 
25.944 17.0307 26.31 17.3195 13.3958 
25.7306 16.7912 25.9136 17.9701 13.5944 
23.3916 17.6061 24.7989 18.6342 15.5692 
22.0958 18.4031 24.7995 18.9171 15.7846 
21.1198 17.8346 27.1479 18.4513 15.4462 
23.7501 17.813 26.7642 17.8146 13.8581 
24.3751 17.5604 26.2026 18.2022 13.6598 
24.4575 17.3691 26.5982 17.9968 13.5784 
24.3716 17.9703 25.7991 17.5698 14.2892 
23.4037 17.639 28.2842 16.7977 13.8754 
23.4468 17.2088 26.8938 18.1304 14.3202 
25.0568 16.7862 26.1742 18.7622 13.2207 
23.9077 17.0138 27.9147 17.6569 13.5069 
24.6868 17.2025 27.9325 17.2136 12.9646 
23.4545 16.9346 28.8968 16.9401 13.774 
24.0606 18.134 27.4484 16.8034 13.5537 
26.7362 16.5833 25.4889 17.552 13.6396 
25.6197 16.5698 27.314 17.0542 13.4423 
25.9855 16.7308 26.8327 16.973 13.4779 
20 20 20 20 20 
17.2 19.8667 26.2667 18 18.6667 
16.8944 20.0969 28.5539 18.6963 15.7586 
16.4616 18.1824 29.7076 19.6352 16.0133 
16.9318 15.7089 32.0106 18.7637 16.5851 
18.3163 14.9617 32.8382 18.2347 15.6491 
18.0499 14.3107 33.1717 20.3287 14.139 
17.57 14.1992 33.7914 22.2891 12.1503 
17.5688 14.7573 35.8146 20.8292 11.0301 
17.7619 16.2315 35.1143 20.1403 10.752 
17.6481 16.8829 34.6804 20.4811 10.3075 
18.2556 16.8394 34.7821 20.0597 10.0633 
18.2077 17.6207 33.2506 19.9572 10.9639 
17.0175 16.9638 33.6517 21.969 10.398 
16.4414 16.1742 34.0133 22.7633 10.6077 
16.0662 15.4642 34.454 23.7939 10.2219 
16.242 16.0654 34.7643 22.8422 10.0861 
15.083 15.6276 34.9771 24.3325 9.97974 
14.5944 14.4889 36.1283 24.8866 9.90171 
14.7191 14.6663 35.9027 24.8131 9.89877 
14.3488 14.86 35.1557 25.713 9.9225 
15.1491 15.911 33.274 25.7679 9.89796 
16.4634 16.9679 33.4271 23.1309 10.0107 
15.3564 16.1175 34.7797 23.7792 9.96719 
15.5522 15.2766 35.6313 23.5694 9.97047 
15.9706 15.4161 35.0379 23.5902 9.98523 
15.0006 16.3815 34.7383 23.9125 9.96711 
15.296 15.3144 34.5735 24.8595 9.95667 
14.0362 14.7825 34.8543 26.4346 9.89234 
12.5995 15.6471 34.9853 26.4731 10.295 
11.6617 15.3302 33.7125 29.1883 10.1073 
11.132 15.6169 35.1695 28.0881 9.9934 
11.5043 16.122 35.7558 26.5144 10.1036 
11.4664 16.6324 33.722 28.1923 9.98686 
13.0715 16.6495 32.9058 27.4046 9.96855 
11.8054 15.1875 33.9774 29.1435 9.88624 
12.0638 13.9919 34.8797 29.0267 10.0379 
11.9432 13.1536 35.6665 29.2917 9.94506 
12.525 13.6156 34.7022 29.2089 9.94826 
12.9041 13.3241 35.3962 28.1383 10.2373 
12.7972 14.657 35.3377 27.1402 10.0679 
14.132 14.3952 36.0688 24.9034 10.5006 
13.8966 13.8916 35.9306 25.9763 10.3049 
14.5124 14.3817 34.8884 25.8087 10.4089 
13.6995 14.2785 35.6143 26.3064 10.1013 
14.0119 12.6798 36.7261 26.5316 10.0507 
14.6331 12.8371 35.7359 26.8251 9.96884 
13.7598 12.733 35.7803 27.8455 9.88133 
13.8567 12.1804 35.332 28.6515 9.97942 
12.7725 11.285 36.3673 29.6504 9.92478 
12.8094 12.5695 35.564 29.1829 9.87423 
12.0677 14.0195 34.2185 29.6467 10.0476 
12.5224 13.3711 35.3026 28.8183 9.98564 
12.8728 13.9858 34.5935 28.5965 9.9515 
12.2056 13.9984 35.566 27.8971 10.3329 
13.7724 14.2263 35.1871 26.7804 10.0337 
13.7876 14.0146 34.9175 27.3339 9.94643 
14.2291 15.2408 35.1234 25.4933 9.91333 
15.8373 14.1625 33.6053 26.4538 9.94109 
15.3209 12.6678 34.9591 27.1934 9.85881 
14.4376 12.0568 35.2506 28.3557 9.89929 
15.1207 10.933 36.4264 27.6656 9.85428 
15.4551 11.8993 36.1957 26.5521 9.8979 
15.2126 11.6383 35.3134 27.9467 9.88907 
15.1216 11.9541 38.2088 24.8629 9.85251 
15.1266 12.3915 34.4005 28.2209 9.86047 
15.1927 12.8715 35.3201 26.7808 9.83486 
16.2171 12.7053 34.2745 27.0267 9.77637 
16.3926 13.3053 34.1491 26.3832 9.76984 
17.3493 12.9368 34.8341 25.0768 9.80295 
18.7664 13.0433 35.1541 23.2418 9.79444 
18.6781 13.5729 36.0065 21.8773 9.86517 
19.5346 12.7921 36.7183 21.1342 9.82085 
19.3301 12.8168 35.9821 22.0425 9.82846 
19.0581 12.3333 36.9217 21.5704 10.1165 
21.3346 13.1111 34.4331 20.681 10.4402 
21.1689 13.1386 33.6742 21.9393 10.079 
21.2873 11.6811 34.8882 21.6725 10.4708 
22.0243 12.3704 34.4217 21.0974 10.0862 
22.4067 11.7975 34.3877 21.4331 9.97505 
23.2112 12.9853 31.3671 22.5276 9.90879 
21.0073 12.618 35.0568 21.3777 9.94015 
21.5952 13.7034 34.2537 20.548 9.89965 
21.6847 14.3114 33.0543 20.9595 9.99015 
20.643 13.8002 34.1351 21.4432 9.97846 
20.4192 13.9034 33.5171 22.2851 9.87522 
19.9184 12.9387 34.5579 22.793 9.79198 
20.0675 14.2311 33.8854 22.0463 9.76964 
19.9238 12.0606 34.8914 23.2942 9.82987 
18.6286 11.197 35.9457 24.3138 9.91494 
19.2064 10.6345 34.5196 25.6461 9.99344 
17.4703 10.7368 34.7423 27.1587 9.89182 
17.2537 12.2203 33.6675 26.9127 9.94591 
16.268 12.7546 34.94 26.0809 9.95634 
18.1726 12.941 34.4584 24.6235 9.80443 
17.9311 12.0662 34.1967 26.0301 9.77586 
19.3292 12.3967 32.9165 25.5605 9.79702 
18.6585 12.1435 34.5985 24.8229 9.77656 
18.5627 12.692 35.4177 23.5613 9.76633 
17.5143 13.1733 33.5723 26.0377 9.70244 
16.9271 12.469 34.76 26.0907 9.75318 
16.7654 12.2722 34.7385 26.4416 9.78225 
18.0379 12.5154 34.0934 25.4622 9.89113 
16.9612 13.6584 34.3752 25.186 9.81921 
16.5343 14.2118 35.644 23.8346 9.77538 
17.8002 14.3043 33.1916 24.5632 10.1406 
17.2334 13.6881 34.5697 24.5365 9.97226 
17.8272 12.8591 35.33 24.1104 9.87335 
19.1212 12.8309 35.8311 22.4358 9.78097 
19.1992 12.6404 32.9758 25.4749 9.70976 
20.6883 11.1589 34.2298 24.2294 9.69359 
19.5108 11.9128 34.7816 23.948 9.84679 
20.8255 12.045 34.1805 23.0441 9.90495 
20.8375 12.5862 34.2717 22.5259 9.77873 
21.7091 12.5143 33.4953 21.862 10.4193 
20.9422 13.0554 32.5371 23.2117 10.2535 
19.2466 13.2624 31.9828 25.0752 10.4329 
19.952 14.3777 31.4844 23.5705 10.6155 
19.5678 14.5358 32.0687 23.4179 10.4098 
21.6143 14.4107 31.2129 22.4232 10.3388 
22.279 13.9153 32.2731 21.3848 10.1478 
22.373 13.7859 33.5374 19.9435 10.3602 
22.8303 13.7422 32.9788 20.2457 10.2029 
22.3908 13.7004 32.5869 20.8546 10.4673 
22.8913 14.4525 31.4982 19.784 11.374 
23.9456 14.8156 32.0437 18.5974 10.5977 
23.7152 14.0366 32.8779 19.1472 10.2231 
23.7508 14.7853 32.2157 18.7969 10.4514 
26.197 15.6841 28.9219 18.6949 10.5021 
25.5985 14.4747 29.7671 18.7862 11.3735 
24.2825 13.4574 32.1084 19.441 10.7107 
23.6596 13.2732 33.0699 19.1446 10.8527 
23.3905 12.706 30.9858 21.711 11.2067 
23.1166 12.952 27.4218 25.5763 10.9333 
22.8752 12.2373 31.4064 23.0762 10.4049 
21.755 13.5261 32.899 21.0619 10.758 
22.2746 15.9542 27.1112 21.5604 13.0996 
21.6135 14.8819 29.9842 21.9707 11.5498 
21.6665 12.8708 31.9604 22.75 10.7523 
21.7774 12.6586 34.8643 20.3879 10.3118 
21.9647 13.2913 31.9891 21.2699 11.485 
22.6845 12.7627 31.952 21.5392 11.0616 
23.6741 11.5383 32.7921 21.5319 10.4636 
25.4734 12.8146 31.1688 20.3114 10.2318 
25.0483 11.9349 32.4186 20.206 10.3923 
27.2563 11.771 30.9414 19.9244 10.1069 
29.0128 11.7679 31.0816 18.107 10.0308 
27.5499 10.8839 35.106 16.4448 10.0154 
26.7807 13.2454 32.8709 16.0259 11.0771 
24.1498 14.2177 31.3089 18.1395 12.1841 
23.186 15.7894 29.5433 18.4448 13.0365 
23.3577 15.411 29.1507 18.6995 13.381 
24.1789 16.4893 27.0754 18.8092 13.4473 
24.143 13.6018 32.0645 18.5564 11.6343 
25.4048 12.912 30.4767 19.2782 11.9283 
26.0547 13.2742 29.1588 19.8664 11.646 
25.671 12.6716 29.2346 20.5654 11.8575 
24.8238 13.0609 30.9916 19.0546 12.0691 
24.2616 12.3108 30.8137 20.799 11.8149 
24.7039 12.0034 29.4419 21.803 12.0478 
25.5807 12.0555 30.1918 21.2154 10.9566 
23.9014 11.3418 31.7626 22.685 10.3092 
25.4391 11.2523 30.765 22.2727 10.2709 
27.4254 11.5085 30.3335 20.6952 10.0374 
25.5485 11.7929 32.3165 20.4925 9.84962 
24.4885 12.7536 32.7297 19.3891 10.6391 
24.6205 12.5649 31.9589 20.3381 10.5176 
24.6097 12.1648 32.2896 20.3295 10.6064 
25.495 12.2174 28.7215 21.8212 11.7449 
25.1071 12.2885 28.4057 22.1465 12.0522 
21.8021 13.6587 30.3878 21.7669 12.3845 
21.9749 15.5542 27.2744 21.9573 13.2392 
23.1303 17.0628 26.1372 19.9072 13.7625 
22.4674 17.554 25.8506 19.728 14.4 
24.0074 17.9011 24.9691 18.6231 14.4993 
25.239 17.7741 24.6169 17.3998 14.9702 
24.158 17.2786 26.2945 17.4412 14.8278 
23.7578 17.0335 27.0158 17.4797 14.7132 
24.2077 17.7633 26.8641 16.959 14.2059 
25.2617 16.4474 27.2478 17.0321 14.0108 
23.6065 17.1668 26.632 17.0527 15.542 
22.7961 17.094 27.855 17.3916 14.8632 
23.9907 18.1767 23.5571 19.4365 14.839 
25.9953 17.374 25.2071 18.004 13.4195 
24.5361 17.3409 26.3856 18.6174 13.12 
27.7043 16.7241 25.9445 16.3557 13.2714 
26.8356 15.5444 30.3756 14.8077 12.4368 
25.7366 17.1925 28.2313 15.3748 13.4648 
25.7614 16.4579 29.21 15.5491 13.0217 
