5 80000 300 266
14 14 14 14 14 14 14 
13.9355 14.7419 16.0323 13.2903 12.4032 13.371 15.2258 
18.2792 17.1251 15.2292 14.432 12.2672 10.6199 11.5473 
19.6562 17.8799 16.563 15.1496 11.4841 9.27674 9.74045 
19.123 19.0895 18.2174 12.9167 13.1139 8.59136 8.82322 
18.8615 19.4448 20.0087 13.2583 11.6569 8.29568 8.41161 
16.3781 19.3013 21.057 14.8397 11.9337 8.2531 8.2058 
15.2013 19.5084 22.8252 14.6353 11.6579 8.08997 8.06632 
16.1843 19.84 23.1079 14.1846 10.6573 8.01494 8.00312 
17.2802 18.6807 22.6651 14.3573 10.991 8.0673 7.95455 
15.2995 18.2923 22.6862 15.5847 11.9366 8.29129 7.90741 
14.3519 18.5079 21.875 14.6009 14.5853 8.1882 7.88987 
13.3298 20.0232 21.9265 14.0037 14.7652 8.05014 7.90098 
11.8987 21.3702 22.5446 13.6834 14.7323 7.92262 7.84804 
12.9261 21.573 22.3716 13.1842 14.1315 7.97822 7.83523 
14.0883 20.5904 20.7719 13.128 15.6714 7.91068 7.83918 
13.7869 19.6313 21.1743 14.5516 14.7859 8.20845 7.8615 
13.7671 20.0152 22.0062 13.1516 14.9318 8.20622 7.92188 
13.0374 19.568 21.6625 14.8176 14.6087 8.38883 7.91698 
11.1825 20.7385 23.6295 14.5671 13.9204 8.09897 7.86305 
11.8826 19.7511 20.8655 16.7758 14.7969 8.02299 7.90503 
10.9939 19.9808 21.9064 17.8616 13.2932 8.0115 7.95252 
10.8618 19.3252 22.7558 17.8364 13.2989 7.97571 7.94622 
9.62444 20.5228 22.3456 18.5956 12.9936 7.96635 7.9516 
9.31672 19.0452 23.1098 20.2212 12.4652 7.92462 7.91724 
9.64775 19.0767 23.5506 21.0448 10.9035 7.89012 7.88643 
8.82387 20.0939 23.9975 20.6335 10.5629 7.94506 7.94322 
8.53093 17.5984 25.3855 21.4152 11.3455 7.86269 7.86177 
8.24777 18.9762 22.5379 22.6545 11.7568 7.91365 7.91319 
8.85957 17.6379 23.2733 22.3405 12.0458 7.92158 7.92135 
9.51828 18.4428 22.3668 22.0109 11.7751 7.94309 7.94298 
8.76805 19.5778 21.6511 22.03 12.235 7.8691 7.86904 
8.37946 19.7204 21.2137 21.289 13.4234 8.04414 7.92995 
8.80346 20.0533 21.0146 19.7646 14.2224 8.20662 7.93493 
8.38403 19.2081 22.4542 19.9487 13.6378 8.41747 7.94977 
8.6601 18.4338 22.8228 19.3361 14.6912 8.1449 7.91105 
8.22021 17.5693 22.3954 20.1943 15.1259 8.64911 7.84569 
9.44344 17.5624 21.8644 20.2083 14.6741 8.32456 7.92284 
9.27727 18.0034 21.5988 20.4375 14.5593 8.16228 7.96142 
8.81423 19.8154 20.0071 20.4971 14.8813 8.0426 7.94217 
8.482 20.5905 20.356 21.3719 13.2777 7.98606 7.93584 
8.2715 20.7528 20.8534 21.0345 13.2837 7.9146 7.88949 
9.03325 20.627 19.1966 20.9956 14.045 8.17142 7.93108 
9.43832 20.6043 20.001 20.7886 13.1746 8.11256 7.88053 
8.71916 20.0799 20.6672 21.061 13.4762 8.05628 7.94026 
10.6517 19.8152 20.8954 19.6316 13.1426 7.96072 7.90272 
9.57422 20.583 20.9052 19.9465 12.9983 8.1198 7.87293 
11.109 20.0616 20.7974 19.6284 12.1313 8.42771 7.84451 
10.7463 19.7374 20.4439 20.8752 12.1605 8.1642 7.87259 
12.0323 19.801 20.9443 19.2412 12.0622 8.03244 7.88664 
10.9457 21.1681 21.0355 19.0103 11.8996 8.00683 7.93393 
9.72123 23.2202 21.8467 16.8036 12.5947 7.92498 7.88853 
9.19852 20.7425 22.5672 18.9041 12.69 7.95793 7.9397 
10.2299 20.3938 21.644 19.2493 12.5387 8.03302 7.91129 
10.9031 20.4186 20.1816 18.738 13.9048 7.9574 7.89653 
10.4996 19.2237 20.1869 20.0661 14.164 7.94504 7.91461 
11.5412 18.4419 20.1376 18.0904 15.912 7.94603 7.93082 
11.0647 18.2798 19.2453 19.0452 16.4266 7.97302 7.96541 
9.48585 20.0701 18.5761 19.6389 16.3528 7.94 7.93619 
10.7148 18.3489 19.3583 19.4213 16.256 7.95126 7.94936 
9.91349 17.4688 21.1278 18.9396 16.4224 8.18124 7.94664 
11.0543 17.6036 19.7657 18.5607 16.9695 8.08175 7.96445 
10.9796 18.0825 20.7877 17.285 16.9534 7.98519 7.92654 
11.2106 17.1648 21.2634 18.3679 16.257 7.88276 7.85343 
11.076 16.8521 21.446 19.1076 15.7621 7.8854 7.87074 
10.7534 14.7753 23.7615 20.5515 14.3436 7.91095 7.90362 
10.3767 16.0126 24.2558 19.6508 13.7968 7.95548 7.95181 
12.0229 15.8001 23.5188 18.0988 14.6922 7.93457 7.93274 
12.4154 15.5355 23.8284 18.1627 14.2426 7.90817 7.90726 
11.6955 18.2556 23.0117 17.496 13.8286 7.85653 7.85607 
12.0667 18.083 22.2024 18.2007 13.6307 7.90836 7.90813 
11.2839 18.3494 21.0057 20.6755 12.9013 7.89213 7.89201 
10.1532 19.4504 20.152 20.1122 14.4707 7.83078 7.83072 
11.9516 17.8502 20.451 20.5561 13.3603 7.91539 7.91536 
10.9376 18.5943 21.0397 19.1839 14.441 7.90171 7.9017 
11.3082 18.0563 21.2255 19.5676 14.1548 7.8438 7.84379 
10.1773 18.5636 21.8597 20.175 13.5566 7.83388 7.83388 
11.8169 17.0654 22.4074 19.5862 13.1108 8.13858 7.87472 
10.7114 16.9071 23.3958 21 12.0973 8.01017 7.87825 
10.1351 16.0516 24.6881 22.2647 11.0731 7.92666 7.86069 
10.3922 15.9479 25.9804 21.7817 10.2119 7.85943 7.82645 
11.3365 14.6155 27.7772 19.9134 10.6197 7.93974 7.79794 
11.1113 13.6369 28.319 21.0959 10.12 7.89392 7.82302 
13.6496 13.3459 24.995 21.2529 11.0652 7.86341 7.82796 
14.2417 13.5783 23.7507 21.1124 11.5428 7.8959 7.87817 
14.5816 14.5117 23.1319 20.8965 11.1379 7.87465 7.86579 
14.3014 12.9437 23.603 22.4853 10.86 7.90558 7.90115 
15.1404 12.6574 22.1108 22.7117 11.4867 7.94764 7.94542 
14.6747 13.1652 22.8516 20.4711 13.116 7.86122 7.86011 
14.3549 14.352 21.9521 20.7619 12.949 7.81532 7.81477 
14.0694 15.0138 23.1382 20.6512 11.4745 7.82658 7.8263 
13.5806 14.7493 23.6861 21.0498 11.3083 7.81301 7.81287 
13.6085 13.9403 24.0905 21.131 11.5885 7.82065 7.82058 
13.3383 14.0724 24.1191 21.9291 10.7658 7.8876 7.88756 
12.77 12.8718 26.2505 21.8399 10.4227 7.92258 7.92256 
13.9685 13.7624 26.3643 20.0459 9.96714 7.94586 7.94586 
13.0689 14.024 25.4838 20.0759 11.465 7.94119 7.94118 
12.5127 15.3001 25.3777 20.2282 10.7597 7.91081 7.91081 
12.9318 15.1108 24.8616 20.8471 10.4846 7.88211 7.88211 
12.3083 15.2999 23.8439 21.5648 11.2205 7.88127 7.88127 
10.6016 14.9276 23.3775 23.7204 11.675 7.84899 7.84899 
12.3036 15.0268 22.7532 21.6641 12.5602 7.84606 7.84606 
12.4989 13.9901 24.4595 22.1015 11.3319 7.80904 7.80904 
12.4078 14.3264 25.5728 22.3411 9.62489 7.86347 7.86347 
13.726 14.0954 23.8484 21.79 10.7122 7.91403 7.91403 
13.6565 12.8901 25.2394 22.4439 9.97564 7.89723 7.89723 
13.504 12.1671 24.4726 25.1184 8.93877 7.89957 7.89957 
13.5636 12.1705 24.9899 24.4433 9.10707 7.86283 7.86283 
13.4015 13.55 23.9034 23.6301 9.7648 7.87508 7.87508 
12.7232 13.3577 24.2766 23.2996 10.6247 7.85911 7.85911 
14.0328 14.487 24.0561 21.2389 10.3808 7.90216 7.90216 
14.5235 13.1925 25.3425 20.9594 10.1479 7.91708 7.91708 
14.9314 13.8234 23.8807 21.5416 9.94122 7.94084 7.94084 
13.9808 13.8814 24.8191 22.589 8.91 7.90982 7.90982 
13.3937 13.4802 25.3523 22.0574 9.90459 7.90586 7.90586 
13.1707 13.2139 24.9351 22.4612 10.3242 7.94742 7.94742 
14.0712 11.833 24.6145 23.66 9.96436 7.92851 7.92851 
14.8991 11.5545 26.1054 22.2158 9.58159 7.82182 7.82182 
14.9649 10.2251 25.6294 23.6846 9.69877 7.89864 7.89864 
15.0353 10.7017 26.1078 22.7184 9.68322 7.87681 7.87681 
15.3158 10.7025 25.8979 22.2155 10.0404 7.91394 7.91394 
14.6938 10.2914 25.5238 24.4311 9.36151 7.84919 7.84919 
16.5893 9.84266 26.2468 22.6701 8.92318 7.86399 7.86399 
17.5371 9.16375 26.3052 22.8502 8.40098 7.87139 7.87139 
17.6669 8.53668 26.4294 23.4307 8.15529 7.8905 7.8905 
18.1893 10.7101 25.9448 21.2246 8.06538 7.93298 7.93298 
18.3052 10.3258 28.1771 19.3842 7.98006 7.91386 7.91386 
19.2378 9.85039 27.1567 19.9194 7.9673 7.9342 7.9342 
17.2876 11.2135 26.4618 21.156 7.97138 7.95483 7.95483 
19.2028 11.1968 24.2557 21.4476 8.17824 7.8594 7.8594 
19.73 10.7431 25.7935 20.2093 7.94764 7.78822 7.78822 
19.5036 9.58842 27.204 20.195 7.88948 7.80977 7.80977 
18.3103 9.74917 27.1155 21.2086 7.9988 7.80879 7.80879 
19.0911 8.88099 26.5385 21.5017 8.48658 7.75055 7.75055 
18.4886 9.31855 26.9549 21.1845 8.44383 7.80481 7.80481 
17.1954 9.55224 26.9331 21.6014 8.96198 7.87794 7.87794 
17.1604 9.36328 26.6164 22.5744 8.45652 7.91451 7.91451 
17.9832 9.01 26.144 22.0335 9.15363 7.83785 7.83785 
17.7795 9.65651 26.4053 21.9258 8.51621 7.85832 7.85832 
20.0352 9.78182 26.2058 20.2508 8.12807 7.79913 7.79913 
19.4603 9.68967 28.1184 19.1037 8.08881 7.76953 7.76953 
20.1348 9.1801 27.4985 19.6675 7.94614 7.7865 7.7865 
20.2776 8.49395 27.8634 19.4434 8.32742 7.79715 7.79715 
19.8311 8.70851 27.1624 20.3371 8.16371 7.89858 7.89858 
21.4186 9.72236 26.1579 18.7575 8.06959 7.93702 7.93702 
19.957 9.72011 27.499 19.0966 7.95329 7.887 7.887 
19.4212 8.88482 27.3718 20.6938 8.00141 7.81347 7.81347 
18.9006 9.11531 27.5488 20.9388 7.89479 7.80082 7.80082 
20.051 8.62126 28.0854 19.48 8.18768 7.78733 7.78733 
17.5556 8.22629 28.9523 21.6376 8.0095 7.80933 7.80933 
17.8269 8.10088 29.0467 21.2482 7.99248 7.89239 7.89239 
17.2468 8.51472 28.2138 22.5289 7.86529 7.81525 7.81525 
16.9324 8.33899 28.8299 22.1974 8.01428 7.84348 7.84348 
16.1706 8.10031 29.1948 22.8911 7.93796 7.85256 7.85256 
16.6743 8.03789 26.714 24.7891 7.95671 7.91401 7.91401 
16.3968 7.89954 26.9391 25.2304 7.85895 7.8376 7.8376 
18.4872 9.18443 28.8125 19.6549 8.0811 7.88992 7.88992 
19.0193 8.91914 29.4704 19.1223 7.8867 7.79111 7.79111 
21.3908 8.41996 27.2764 19.2971 7.90375 7.85595 7.85595 
20.7546 8.94371 27.5435 18.5243 8.38974 7.92206 7.92206 
21.6518 8.39342 27.9875 18.0857 8.11644 7.8826 7.8826 
23.7597 8.13993 27.4007 16.9293 8.00144 7.88452 7.88452 
22.2965 8.98068 28.2837 16.9468 7.86977 7.81131 7.81131 
23.8966 8.79498 27.3869 16.2548 7.90839 7.87916 7.87916 
25.2816 8.89749 27.8601 14.1274 7.9542 7.93958 7.93958 
23.0182 8.85126 28.8672 15.5543 7.90792 7.90061 7.90061 
20.6 8.97108 29.2063 17.3551 8.17474 7.84641 7.84641 
20.2359 8.97272 28.5455 18.4532 8.25404 7.76936 7.76936 
21.0075 8.62747 27.6163 18.8892 8.11475 7.87241 7.87241 
20.7566 8.38677 27.8531 18.9951 8.27086 7.86879 7.86879 
21.045 8.86005 27.7599 18.3309 8.13543 7.93439 7.93439 
22.8006 8.42411 26.8977 17.8933 8.0618 7.96128 7.96128 
23.8636 8.31763 27.0852 16.8645 7.98984 7.93958 7.93958 
23.5447 8.02978 27.5749 17.3032 7.86589 7.84076 7.84076 
23.2983 8.07333 27.9108 17.2555 7.82905 7.81648 7.81648 
22.5503 8.25178 28.3449 17.3487 7.83894 7.83266 7.83266 
22.2508 8.08931 28.3493 17.6682 7.88289 7.87974 7.87974 
21.4872 8.15649 27.3325 19.3604 7.88881 7.88724 7.88724 
20.2031 9.14582 28.1933 18.9708 7.82954 7.82876 7.82876 
19.4288 9.00716 28.3168 19.5771 7.89031 7.88991 7.88991 
20.3156 8.45928 27.9242 19.5987 7.90085 7.90065 7.90065 
20.5352 8.31769 28.5848 18.9188 7.88124 7.88114 7.88114 
21.5436 8.46151 27.052 19.5484 7.79819 7.79814 7.79814 
21.775 10.056 25.9856 18.8357 7.78259 7.78256 7.78256 
21.6539 10.1375 26.8614 17.6295 8.27086 7.7234 7.7234 
21.2043 9.62849 27.4244 18.0915 8.06625 7.79252 7.79252 
19.5891 9.71621 28.5815 18.5229 7.95469 7.81783 7.81783 
21.3818 9.14382 28.1003 17.5154 8.10433 7.87717 7.87717 
22.175 8.81219 27.1243 18.2983 7.93909 7.82551 7.82551 
21.8018 8.82786 28.188 17.6526 7.88111 7.82432 7.82432 
20.737 9.0041 29.5038 17.1869 7.87498 7.84659 7.84659 
22.3182 8.90456 28.7456 16.4551 7.86831 7.85411 7.85411 
23.0088 8.35402 29.5462 15.5975 7.83589 7.82879 7.82879 
23.5105 8.12838 27.843 16.9173 7.86931 7.86576 7.86576 
24.2552 8.01156 26.4215 17.6692 7.88202 7.88025 7.88025 
24.6673 8.92641 27.0203 15.66 7.90927 7.90838 7.90838 
23.5877 8.80404 28.3011 15.8686 7.81315 7.81271 7.81271 
24.7873 8.67834 28.1308 14.8422 7.85395 7.85372 7.85372 
24.7715 8.24796 28.7234 14.7501 7.83577 7.83566 7.83566 
24.0624 8.7647 27.9845 15.0098 8.5586 7.81004 7.81004 
23.9689 8.5346 28.8711 14.5983 8.25854 7.88426 7.88426 
24.6427 8.223 28.0432 15.0523 8.24319 7.89783 7.89783 
25.4707 8.0076 29.119 13.695 8.0177 7.84502 7.84502 
26.8303 8.30647 27.0224 14.4143 7.86642 7.78008 7.78008 
26.4219 8.03837 27.8693 14.3017 7.81834 7.77517 7.77517 
25.9094 8.3049 27.5854 14.6112 7.87743 7.85584 7.85584 
24.5899 8.39773 28.4154 15.01 7.86953 7.85874 7.85874 
23.6586 8.13826 27.3895 17.202 7.87416 7.86876 7.86876 
23.594 8.48089 28.7274 15.6271 7.85865 7.85595 7.85595 
25.3018 8.74206 27.2255 15.3698 7.78785 7.7865 7.7865 
24.8766 9.22996 27.7193 14.5815 7.96916 7.81174 7.81174 
25.0233 8.86668 28.3154 14.2635 7.89614 7.81744 7.81744 
25.0524 8.34214 28.3271 14.7865 7.85687 7.81751 7.81751 
26.1918 8.02959 29.2761 12.8595 8.1085 7.76728 7.76728 
25.7562 8.0212 27.6188 15.2438 7.9004 7.72979 7.72979 
26.6411 9.06287 28.9662 12.1515 7.78295 7.69765 7.69765 
25.3384 8.389 28.2813 14.3844 8.19415 7.70639 7.70639 
25.1692 8.9564 27.8311 14.6327 7.96612 7.72224 7.72224 
25.9915 8.42142 28.1112 13.9409 7.92628 7.80434 7.80434 
26.0992 9.0383 27.159 13.867 8.10107 7.86769 7.86769 
25.702 9.24476 28.2137 13.0311 8.01395 7.89726 7.89726 
26.2616 9.58927 28.3452 11.9791 7.98048 7.92214 7.92214 
24.8863 9.18335 28.9062 13.1996 8.06548 7.87956 7.87956 
25.2373 8.85638 28.1296 13.9527 8.00333 7.91037 7.91037 
24.3174 8.59486 28.4879 15.1494 7.84782 7.80134 7.80134 
23.1111 8.26568 28.6884 16.3049 7.89216 7.86892 7.86892 
23.3935 8.02692 29.7647 15.3175 7.84016 7.82854 7.82854 
23.6709 8.22058 28.96 15.7494 7.80358 7.79777 7.79777 
24.0679 8.23873 27.3241 16.7432 7.87732 7.87442 7.87442 
25.7132 8.05018 28.7564 13.8747 7.86948 7.86803 7.86803 
26.5663 7.89606 27.2814 14.8406 7.80571 7.80498 7.80498 
25.8705 7.96901 28.5008 14.2385 7.92383 7.74864 7.74864 
28.4115 8.06614 29.0463 11.0308 7.87348 7.78589 7.78589 
27.0584 8.73526 29.8837 10.6878 8.01198 7.81144 7.81144 
25.2556 8.27643 30.9027 12.0214 7.91478 7.81451 7.81451 
25.288 7.98437 29.0732 14.0235 8.12406 7.75341 7.75341 
25.9971 7.84975 28.7799 13.9851 7.9196 7.73427 7.73427 
25.4581 8.13199 28.6294 14.4359 7.84329 7.75063 7.75063 
26.3073 8.3791 28.532 13.1285 7.91526 7.86893 7.86893 
27.2209 8.16508 27.4158 13.445 7.93316 7.91 7.91 
28.1938 8.59643 27.944 11.41 7.95964 7.94805 7.94805 
26.8275 9.09526 30.5772 9.94854 7.85436 7.84857 7.84857 
26.8694 8.52317 31.4965 9.40852 7.90271 7.89982 7.89982 
25.1014 8.35249 30.8998 11.977 7.89075 7.8893 7.8893 
26.794 8.03381 29.5448 12.2199 7.80294 7.80222 7.80222 
27.2303 8.68357 27.4391 12.9433 7.90147 7.90111 7.90111 
26.1874 8.67705 27.1589 14.4196 7.85247 7.85229 7.85229 
27.6305 8.81137 28.5954 11.2034 7.91985 7.91975 7.91975 
29.5796 8.38658 28.6289 9.5826 7.94081 7.94077 7.94077 
29.4478 8.26495 29.9496 8.7001 7.8792 7.87918 7.87918 
29.2448 8.62349 29.9449 8.69137 7.83182 7.83181 7.83181 
30.0323 8.90191 29.2347 8.28011 7.85033 7.85033 7.85033 
28.7661 8.82596 30.3986 8.51505 7.83142 7.83141 7.83141 
28.8735 8.39387 30.4859 8.55689 7.8966 7.8966 7.8966 
27.6443 8.12775 30.9662 9.62436 7.87912 7.87912 7.87912 
27.5126 8.08173 31.2569 9.72289 7.80861 7.80861 7.80861 
27.0376 7.94712 29.691 11.8927 7.81055 7.81055 7.81055 
27.4346 7.85705 30.0558 11.2862 7.78877 7.78877 7.78877 
25.856 7.97477 30.6349 12.146 7.79612 7.79612 7.79612 
26.9152 7.84591 29.7869 12.1823 7.75658 7.75658 7.75658 
25.8759 7.84452 29.1091 13.7709 7.79986 7.79986 7.79986 
25.1254 7.82851 28.9296 14.6979 7.80618 7.80618 7.80618 
23.6903 7.77182 29.0048 15.9543 8.05739 7.76066 7.76066 
25.5548 8.24075 28.2121 14.5901 7.89966 7.7513 7.7513 
27.5573 8.05119 27.4708 13.4271 7.88065 7.80647 7.80647 
26.9116 8.6142 26.2354 12.8844 9.63653 7.85893 7.85893 
26.3129 8.77139 28.6534 11.7994 8.74684 7.85804 7.85804 
14 14 14 14 14 14 14 
15.046 13.3218 16.4109 16.2672 12.9626 11.2385 13.7529 
15.9357 13.407 17.1737 18.4511 14.1004 9.58751 10.8447 
15.8877 15.5775 16.6975 19.5309 14.0158 8.70597 9.33456 
14.0574 16.9591 19.1566 19.1541 13.6673 8.28311 8.59741 
13.227 16.1242 18.8758 20.3208 14.8915 8.27379 8.22433 
14.086 15.6445 19.8775 20.4901 13.16 8.64239 8.06821 
13.5408 14.8707 21.2824 20.2671 13.0778 8.94675 7.99886 
11.8254 16.5562 21.5203 19.4742 14.2312 8.42942 7.95547 
11.5668 16.2604 20.738 19.8258 15.2087 8.42757 7.96887 
11.8945 15.4635 20.4801 20.024 15.271 8.88045 7.98443 
11.1391 14.1652 20.1723 20.7344 17.2292 8.6163 7.94256 
11.4824 14.7589 19.3185 21.4668 16.8096 8.25006 7.91319 
11.423 15.334 20.1138 20.6197 15.6775 8.89776 7.93387 
9.92438 16.7579 19.2587 20.1768 17.3731 8.55087 7.95806 
9.43646 17.2156 21.1506 19.9318 15.8454 8.526 7.89402 
9.49601 17.83 20.9086 20.5215 14.8116 8.48522 7.94701 
9.54894 17.2288 21.4613 20.2139 15.1341 8.45807 7.95477 
10.697 16.5871 20.7534 19.5602 15.5397 8.89874 7.96372 
10.6339 18.5472 19.1505 19.3996 15.9094 8.46628 7.89306 
10.2167 18.405 19.5975 18.6085 16.3066 9.02156 7.84408 
9.64423 18.0633 20.9802 18.7979 16.2757 8.41373 7.82499 
9.20414 19.8182 19.8159 19.6237 14.8794 8.81361 7.84508 
9.49956 18.7929 19.9307 19.4929 15.2985 9.07651 7.90887 
8.74522 20.6978 20.8101 17.509 15.2976 8.99031 7.94987 
8.80984 21.0632 20.0371 17.3043 16.1986 8.71593 7.87104 
8.99105 21.6054 19.4145 17.0414 16.3767 8.72038 7.85051 
8.77184 21.2194 20.0143 18.2795 15.0962 8.74616 7.87262 
9.97876 20.0057 21.864 17.6409 14.2595 8.39992 7.8513 
10.0456 20.4523 21.2691 18.4833 12.8601 9.03142 7.85823 
11.0319 19.7499 20.6119 18.0852 13.5729 9.05086 7.89737 
9.44374 20.0661 20.1785 18.7029 15.279 8.45324 7.8765 
10.0336 20.6566 20.3664 18.012 14.9143 8.15272 7.86435 
9.64645 18.8931 21.1786 20.3486 13.8229 8.24303 7.86736 
9.60584 20.7509 20.698 19.6308 13.4332 8.03456 7.84672 
9.70269 21.2886 19.7031 19.0582 14.4003 8.02619 7.82091 
9.43958 21.5855 18.7927 19.1761 14.8472 8.24839 7.91046 
8.64992 22.0373 19.2217 18.4309 14.5197 9.2552 7.88536 
8.36426 21.3898 21.5104 18.7132 13.5917 8.55773 7.87281 
9.31912 20.9689 22.1707 18.6032 12.6178 8.38845 7.93184 
10.2394 20.5501 22.7921 18.8202 10.9041 8.78941 7.90465 
10.3829 21.1446 21.9224 19.0211 10.944 8.74253 7.84249 
10.3402 20.8698 23.2038 18.3206 11.1928 8.26143 7.8114 
10.9393 20.3896 22.0091 17.6445 12.9494 8.20311 7.86498 
11.0378 20.763 21.4591 17.1177 13.6338 8.07883 7.90976 
11.2882 21.1281 20.7974 16.8168 13.8305 8.22493 7.91416 
10.7213 20.1667 20.6636 17.2384 14.9726 8.30673 7.93059 
10.7306 18.9139 19.9977 18.1657 16.1975 8.09131 7.90324 
11.9649 18.0699 19.3948 17.584 17.0473 8.0725 7.86661 
11.9594 16.966 19.6974 19.0219 16.5696 7.9443 7.84135 
11.0473 17.2668 19.5334 20.3218 15.9425 8.0262 7.86212 
12.1209 18.5871 18.4472 20.1146 14.5685 8.29551 7.86624 
10.0324 19.5739 18.6862 20.5713 14.2936 8.93747 7.90508 
9.93226 18.54 20.734 20.1178 13.8614 8.90519 7.90938 
8.90486 17.6945 22.1832 21.328 13.6047 8.39132 7.89342 
8.82136 17.0997 24.8052 21.2223 11.7781 8.44324 7.8302 
8.92457 16.3045 25.1341 21.838 11.7918 8.1568 7.85029 
9.14613 17.1686 23.8083 21.4576 12.4533 8.05967 7.90641 
9.19392 16.8782 23.7525 21.6293 12.7432 7.93979 7.86316 
10.1264 17.9685 22.5821 20.5794 12.6069 8.20519 7.93158 
11.1607 18.3745 21.0472 20.1677 12.1571 9.22454 7.86823 
12.1818 18.4782 21.6483 19.3748 11.8243 8.6465 7.84609 
11.4307 17.3702 23.2028 18.5466 12.3442 9.29898 7.80654 
11.285 18.1788 22.7406 18.767 12.6278 8.57354 7.82732 
10.7396 18.5554 23.5062 19.4563 11.7751 8.17027 7.79716 
11.7637 17.334 23.0063 19.9583 12.0256 8.04933 7.86277 
11.5053 16.9799 21.8944 20.6149 13.2255 7.93664 7.84337 
10.7526 16.99 23.0722 21.1824 11.7378 8.34332 7.92168 
10.091 17.8002 24.0671 20.0205 11.9483 8.14188 7.93106 
11.3251 16.6015 24.0004 21.6216 10.595 7.98089 7.87549 
11.2181 16.5724 23.1113 21.7985 11.3469 8.06452 7.88836 
11.875 17.6212 23.5761 21.0015 10.0213 7.99646 7.90837 
10.9132 17.7912 24.6521 21.1804 9.74364 7.88172 7.83768 
11.1216 19.8562 23.4098 20.0729 9.79793 7.88175 7.85973 
11.9221 17.18 25.6998 20.0874 9.35189 7.88489 7.87388 
11.0631 17.0084 25.3499 20.8855 9.90554 7.89653 7.89102 
10.8701 16.5771 25.175 20.8594 10.8121 7.85451 7.85176 
11.9924 14.8459 24.8826 21.7685 10.7339 7.88901 7.88763 
14.1148 13.8663 24.1681 21.709 10.2639 7.93935 7.93866 
13.0519 12.1102 25.9805 22.0262 10.9902 7.92063 7.92028 
12.2366 12.0196 26.8227 22.1806 10.952 7.89432 7.89415 
14.0984 11.4961 25.1321 22.811 10.5882 7.93719 7.9371 
12.2848 12.1617 25.5241 23.0547 11.1842 7.8953 7.89525 
12.7486 12.1689 25.5859 22.7968 11.0325 7.83366 7.83364 
11.889 11.109 26.1508 23.5307 11.6437 7.8384 7.83839 
10.545 10.276 27.8454 24.3562 11.1487 7.91436 7.91435 
10.2204 10.6068 26.9435 25.1989 11.3035 7.86343 7.86343 
10.5049 12.0139 25.8402 24.8363 11.0465 7.87908 7.87908 
9.73965 12.5454 27.0227 24.7258 10.1386 7.9139 7.9139 
11.4932 11.4675 25.849 25.6097 9.87451 7.85305 7.85305 
10.6115 10.8689 27.1137 26.0481 9.66699 7.84545 7.84545 
10.2644 10.3931 27.0555 26.3849 10.0677 7.91721 7.91721 
12.5396 10.4672 26.3482 25.0158 9.73468 7.94721 7.94721 
11.9426 11.4341 27.686 23.7216 9.35283 7.93139 7.93139 
10.9842 12.1438 27.4677 23.4289 10.0749 7.95027 7.95027 
10.6167 11.8891 25.3682 26.1189 10.1621 7.99176 7.85325 
10.7215 13.2095 25.3622 24.4555 10.3517 7.98448 7.91523 
10.9013 14.848 24.9784 23.5791 9.90558 7.91116 7.87653 
11.8246 13.9396 25.9453 22.6961 9.76865 7.92159 7.90427 
11.7094 12.9118 25.8712 23.8118 9.95679 7.87384 7.86518 
11.1104 12.5639 26.4299 24.69 9.3818 7.91419 7.90986 
10.4732 11.6098 26.1931 26.1428 9.74555 7.91884 7.91668 
10.5883 11.4624 26.3993 25.4567 10.2245 7.93496 7.93388 
11.7121 11.7013 27.2295 23.7731 9.88835 7.84808 7.84753 
12.2986 11.733 27.6204 22.3908 10.2663 7.84561 7.84534 
13.1642 10.7919 28.2878 23.1357 9.01375 7.8034 7.80326 
13.6443 10.057 26.8558 25.1272 8.60292 7.8565 7.85643 
14.9174 10.1078 26.1263 24.7858 8.26971 7.89651 7.89647 
14.9172 10.5788 26.3228 23.9951 8.55475 7.81566 7.81564 
13.2279 10.6148 28.8419 23.0922 8.41938 7.90191 7.9019 
12.9969 11.0825 28.0988 23.4002 8.61699 7.90232 7.90232 
14.2571 10.4263 26.9804 23.4817 9.19355 7.83047 7.83047 
16.6257 9.54276 27.0377 22.495 8.64705 7.82585 7.82585 
16.3376 10.4813 28.025 21.1241 8.49019 7.77095 7.77095 
15.9466 9.82396 29.0125 21.1176 8.55065 7.77436 7.77436 
15.1767 9.43175 28.2068 23.2707 8.23013 7.84198 7.84198 
14.1481 9.23483 27.2229 25.6295 8.05092 7.85685 7.85685 
14.3556 8.82453 27.6891 25.5979 7.90896 7.81192 7.81192 
14.5432 8.37827 28.2922 24.697 8.34541 7.87197 7.87197 
13.0856 8.69495 28.9717 24.5578 8.96922 7.8604 7.8604 
12.7032 8.21567 28.5259 26.319 8.63934 7.7984 7.7984 
14.2313 8.40583 28.3031 24.7641 8.76093 7.76739 7.76739 
14.7704 8.76318 28.6467 23.457 8.77786 7.79249 7.79249 
15.1233 8.54825 29.0555 22.5916 9.15083 7.76529 7.76529 
17.2795 8.5061 27.0669 23.0513 8.49391 7.80114 7.80114 
17.2403 8.62623 27.0903 23.1874 8.18282 7.83643 7.83643 
17.2828 8.26448 27.5269 22.9919 8.19475 7.86958 7.86958 
19.0374 9.41277 26.4697 20.7369 8.55282 7.89519 7.89519 
18.1551 9.70638 27.4773 20.3684 8.51883 7.88699 7.88699 
16.8657 10.1491 28.0689 21.0876 8.1535 7.83757 7.83757 
17.7422 9.42893 28.2987 20.9042 7.98065 7.82269 7.82269 
20.0476 8.68505 26.2082 21.3344 7.96091 7.88193 7.88193 
19.5117 9.76421 26.0559 20.9082 8.04672 7.85663 7.85663 
18.3273 11.39 26.8375 19.6604 7.99162 7.89657 7.89657 
19.0995 10.5027 27.2008 19.7661 7.84196 7.79444 7.79444 
18.3648 10.1647 27.1842 20.2877 8.40075 7.79895 7.79895 
19.4388 10.0503 26.4126 20.4003 8.20679 7.74563 7.74563 
18.7358 9.28743 27.3047 21.0198 8.03782 7.80724 7.80724 
17.4848 9.51385 27.6134 21.5489 8.23969 7.79972 7.79972 
17.1799 10.2257 28.1817 20.4619 8.33859 7.80611 7.80611 
18.1926 10.0797 27.5014 20.3303 8.14281 7.87657 7.87657 
19.3948 8.92046 26.5865 21.3592 8.10125 7.81888 7.81888 
18.3077 9.29407 27.1906 21.5557 7.97812 7.83693 7.83693 
16.3865 9.36401 27.4318 23.1992 7.91988 7.84928 7.84928 
17.6272 8.92729 28.0241 21.8197 7.89076 7.85546 7.85546 
17.8042 8.56459 27.2612 22.7395 7.8886 7.87095 7.87095 
16.9973 8.72674 27.7576 22.6396 8.07128 7.90373 7.90373 
16.4019 8.71821 29.3627 21.8037 8.0679 7.82283 7.82283 
17.5103 8.26301 28.4952 22.1631 7.93785 7.81532 7.81532 
16.5361 8.74246 27.36 23.9058 7.85942 7.79815 7.79815 
17.9814 9.626 27.215 21.507 7.9106 7.87997 7.87997 
18.3465 9.10748 26.0308 22.2566 8.40315 7.92771 7.92771 
16.7117 9.63066 26.2462 21.7437 9.74004 7.96386 7.96386 
15.5927 9.58507 27.5968 22.385 8.98186 7.9293 7.9293 
17.729 9.33799 27.2664 21.6302 8.36298 7.8367 7.8367 
19.1675 8.91142 28.3302 19.7545 8.12089 7.85775 7.85775 
18.4466 8.46909 29.3825 20.2451 7.9066 7.77503 7.77503 
18.7618 8.23454 28.0759 21.1995 7.9533 7.88751 7.88751 
19.5075 8.2312 28.4367 20.0934 7.93235 7.89945 7.89945 
19.3346 8.00781 28.2902 20.6755 8.00809 7.84194 7.84194 
19.9237 8.01032 28.0874 20.5941 7.8502 7.76712 7.76712 
20.0845 8.60639 27.5406 19.4995 8.52633 7.87129 7.87129 
19.8884 8.30319 28.5395 19.1344 8.26316 7.93565 7.93565 
21.0202 8.26552 27.2445 19.5355 8.08728 7.92352 7.92352 
21.5066 8.25647 27.8834 18.5307 7.99553 7.91365 7.91365 
22.6661 7.9873 28.0357 17.6546 8.02461 7.81589 7.81589 
23.4675 7.94102 28.0529 16.8682 7.95967 7.85531 7.85531 
22.1913 7.89208 26.4448 19.872 7.90141 7.84922 7.84922 
20.6775 7.95301 28.3792 19.6921 7.78346 7.75736 7.75736 
18.7472 8.33086 29.2046 20.3566 7.79563 7.78259 7.78259 
18.8673 8.12113 27.7352 21.7289 7.85351 7.84699 7.84699 
20.0106 7.90672 28.2907 20.4798 7.77291 7.76965 7.76965 
21.1874 7.94697 27.7236 19.5051 7.88007 7.87843 7.87843 
20.0765 8.62866 26.9653 20.4422 8.07796 7.90473 7.90473 
18.7408 8.27002 28.356 20.3477 8.46936 7.90806 7.90806 
18.2128 7.99353 28.1652 21.9102 8.0932 7.81255 7.81255 
19.3703 8.24897 27.2791 21.219 8.15217 7.86522 7.86522 
18.423 8.16979 28.2026 21.6127 7.95958 7.81611 7.81611 
20.2022 7.95486 27.8784 20.5587 7.84976 7.77802 7.77802 
20.6352 7.835 28.9244 19.3298 7.78245 7.74658 7.74658 
20.0355 8.30621 28.8822 19.3828 7.80972 7.79178 7.79178 
22.5596 7.99926 27.6518 18.5543 7.75101 7.74205 7.74205 
21.5875 8.61502 30.1336 16.0464 7.87551 7.87102 7.87102 
19.9709 8.42143 28.6744 19.2574 7.89345 7.89121 7.89121 
19.5466 8.28595 28.914 19.66 7.86522 7.8641 7.8641 
20.5095 8.13071 28.2607 19.3392 7.92034 7.91978 7.91978 
18.9438 9.40072 26.3255 20.9501 8.53334 7.9233 7.9233 
19.1941 9.56147 28.0933 18.6348 8.60695 7.95471 7.95471 
20.0066 8.8763 28.3811 18.7031 8.22839 7.90227 7.90227 
17.2818 9.8179 29.064 18.8452 9.17749 7.90683 7.90683 
18.0369 9.27136 28.1226 20.4964 8.4478 7.81248 7.81248 
20.1295 8.80235 28.7218 18.7359 8.08193 7.76426 7.76426 
20.0036 9.14124 27.5107 19.1539 8.47521 7.85767 7.85767 
18.7126 9.62288 27.6927 20.3783 8.07036 7.76159 7.76159 
18.0004 8.87924 27.5751 21.5451 8.44196 7.7791 7.7791 
19.3281 8.37405 27.722 20.7725 8.15541 7.82398 7.82398 
20.0741 8.60343 26.9525 20.1655 8.49411 7.85521 7.85521 
20.7879 8.56792 28.152 18.1032 8.68391 7.85252 7.85252 
20.1255 8.47859 28.3377 19.2865 8.20102 7.78532 7.78532 
18.8241 8.16679 29.1236 20.2173 8.028 7.82015 7.82015 
18.2356 8.06263 28.0566 21.8733 7.99324 7.88931 7.88931 
17.8897 8.76816 29.4669 20.4104 7.85627 7.80431 7.80431 
17.6474 8.97269 29.7651 19.8571 8.04206 7.85785 7.85785 
17.1049 8.54884 29.2575 21.491 7.92728 7.83517 7.83517 
18.0607 8.37278 28.3993 21.5652 7.89807 7.85201 7.85201 
18.5303 8.18639 28.033 21.4493 7.94903 7.92601 7.92601 
17.4695 8.58236 28.8772 21.4057 7.99928 7.83297 7.83297 
18.6094 8.20968 27.2912 22.3016 7.91814 7.83498 7.83498 
17.8047 8.2715 27.3123 22.8175 7.95907 7.91749 7.91749 
18.2963 8.07515 26.5349 23.2269 8.07044 7.89814 7.89814 
21.0615 9.63324 27.3469 18.1117 8.00634 7.92019 7.92019 
20.8816 9.20259 29.2875 17.126 7.86282 7.81974 7.81974 
19.6023 9.8808 30.7928 16.327 7.8134 7.79186 7.79186 
19.9953 9.47114 29.7977 17.3868 7.79019 7.77942 7.77942 
20.7348 8.58172 30.1232 17.3472 7.74125 7.73587 7.73587 
19.4724 8.14889 30.3394 18.8588 7.72865 7.72596 7.72596 
18.4589 8.12429 30.5903 19.2425 8.06993 7.75706 7.75706 
19.6068 7.99296 29.2888 19.5269 7.96578 7.80935 7.80935 
18.6269 7.91805 28.5333 21.3648 7.90446 7.82624 7.82624 
18.7887 7.89488 28.4066 21.3238 7.88809 7.84898 7.84898 
18.2267 7.83966 28.2752 22.1888 7.83626 7.81671 7.81671 
20.6254 7.87172 27.3678 20.3728 8.04184 7.86024 7.86024 
19.3742 8.62842 27.7616 20.7042 7.90442 7.81362 7.81362 
20.6298 8.52296 27.6855 19.7797 7.82426 7.77886 7.77886 
21.5249 8.53194 26.4762 20.0322 7.82672 7.80402 7.80402 
22.8254 8.6366 28.7975 15.7853 8.45882 7.74816 7.74816 
24.9048 8.60401 28.2083 14.4006 8.19766 7.84234 7.84234 
25.4959 8.81706 28.8199 13.3876 7.94498 7.76732 7.76732 
23.2397 8.99869 29.4919 14.7266 7.90692 7.81809 7.81809 
22.7806 8.96363 29.9245 14.9526 7.82251 7.77809 7.77809 
21.698 8.48182 26.8084 19.3224 7.91125 7.88905 7.88905 
22.8891 8.42151 27.9527 16.8519 8.30345 7.79068 7.79068 
20.6753 8.97999 28.7456 17.6567 8.15173 7.89534 7.89534 
19.7653 9.2038 28.1775 19.2661 7.94792 7.81972 7.81972 
19.3547 8.63917 29.6167 18.9498 7.85595 7.79185 7.79185 
19.7423 8.21569 28.6071 20.0268 7.82408 7.79203 7.79203 
20.1515 9.40379 28.0107 19.0477 7.80612 7.7901 7.7901 
21.5236 8.91065 27.8101 18.1097 8.11181 7.7671 7.7671 
20.2338 8.33731 29.1224 18.8375 7.93789 7.76554 7.76554 
20.8203 8.14419 28.7814 18.593 7.94448 7.8583 7.8583 
20.053 8.35781 28.4978 18.7608 8.6151 7.85772 7.85772 
21.7427 8.1393 28.7704 17.3012 8.26795 7.88926 7.88926 
22.7047 8.06965 26.5519 18.6506 8.13397 7.94463 7.94463 
22.8001 7.90688 27.4173 18.2479 7.93904 7.84437 7.84437 
22.164 7.9465 28.8128 17.2837 7.96258 7.91524 7.91524 
22.8567 8.41011 28.9115 16.1504 7.9062 7.88253 7.88253 
21.2559 8.86023 27.5592 17.3855 9.12552 7.90678 7.90678 
21.7594 8.80968 29.2906 16.1745 8.39487 7.78551 7.78551 
22.0639 8.68115 27.8032 17.6267 8.14481 7.84012 7.84012 
22.8583 8.68189 28.2728 16.5978 7.96462 7.81228 7.81228 
21.7185 8.19947 28.6059 18.106 7.84083 7.76466 7.76466 
24.171 7.99584 27.6146 16.8452 7.81652 7.77843 7.77843 
24.1376 7.90671 29.2796 15.263 7.81705 7.79801 7.79801 
25.649 7.81138 28.683 14.4216 7.92087 7.75703 7.75703 
26.1362 7.80179 28.7896 13.8667 7.85654 7.77462 7.77462 
24.8141 7.86915 27.8868 15.8222 7.89652 7.85556 7.85556 
25.0737 9.10124 26.4434 14.5778 8.94826 7.92778 7.92778 
26.4544 9.1898 27.4829 12.6153 8.42602 7.91578 7.91578 
27.4377 8.98086 28.1274 11.7463 8.07266 7.81754 7.81754 
27.6347 9.02118 29.4359 10.2421 8.08164 7.79226 7.79226 
27.5879 8.44501 29.472 10.8587 7.97524 7.83056 7.83056 
28.272 8.09456 28.8774 11.3216 7.85968 7.78733 7.78733 
27.61 8.4304 29.6985 10.3686 8.31296 7.78977 7.78977 
28.3418 8.20881 28.747 10.7754 8.15009 7.8885 7.8885 
27.5149 9.2491 28.5214 11.0147 8.09434 7.80277 7.80277 
27.0798 8.73639 29.5568 10.935 7.99454 7.84875 7.84875 
26.4054 8.31556 29.1059 12.485 7.94464 7.87174 7.87174 
14 14 14 14 14 14 14 
16.0062 14.764 14.8416 13.2888 13.2112 13.8323 13.0559 
16.5996 15.0136 19.4384 13.0479 14.0617 10.8635 10.4753 
16.7402 17.2316 18.343 14.9643 13.9116 9.37671 9.18261 
15.5418 17.1006 19.7776 15.967 14.3295 8.62775 8.5307 
14.4171 17.2415 20.9317 16.5725 14.22 8.30161 8.25308 
13.2628 16.2408 20.6955 18.5159 15.0432 8.1174 8.09314 
14.4068 14.9239 21.9028 17.3573 15.297 8.05438 8.04225 
11.7942 16.5438 22.1291 18.1597 15.3331 8.01921 8.01314 
12.6449 17.5639 20.4672 17.5975 15.7418 7.9919 7.98887 
12.559 17.5992 19.3734 18.3687 16.0429 8.08197 7.97293 
11.0769 18.5011 20.6675 17.3933 16.4436 7.98555 7.93103 
12.3617 18.0872 19.1704 17.4215 16.7229 8.35519 7.8805 
12.1257 17.7485 19.6701 18.7957 15.6863 8.10541 7.86806 
11.4952 17.0782 20.3672 18.8213 15.8254 8.48729 7.92516 
12.2693 17.7524 18.2581 19.245 16.4013 8.17739 7.89633 
12.9676 17.7699 18.782 18.6247 16.0098 7.99325 7.85272 
12.7882 16.8197 19.2823 19.6384 15.0701 8.56184 7.8394 
12.2893 15.0693 20.7765 19.0987 15.7228 9.19359 7.84983 
11.2756 15.9407 19.7769 20.5755 16.0492 8.52692 7.85505 
11.0491 13.9228 21.3603 20.6774 16.2497 8.91714 7.82363 
10.5795 14.6537 21.6692 21.4376 15.3776 8.41461 7.86786 
10.4934 14.001 21.2418 22.4835 15.0417 8.84532 7.8932 
10.4594 14.1282 22.4294 22.6247 14.1166 8.35883 7.88277 
10.8211 13.1931 23.4728 22.4952 13.0798 9.01812 7.91988 
10.6796 15.5652 21.9382 22.6826 12.3695 8.88126 7.88371 
10.1785 16.5998 21.0766 21.1262 14.6794 8.41912 7.92035 
10.1351 18.965 21.4328 19.9668 13.5323 8.10864 7.85926 
9.75166 18.306 21.2829 20.9856 13.6289 8.19376 7.8512 
8.81456 18.6716 19.8318 21.2149 15.239 8.36384 7.86433 
8.30636 19.1982 20.1223 22.4194 13.9268 8.19568 7.83125 
8.29331 19.2594 20.1461 22.25 13.8636 8.34412 7.84344 
8.23756 19.4024 20.6412 21.2386 13.8636 8.71752 7.89899 
8.57312 20.2803 21.011 20.0848 13.7247 8.47903 7.84705 
8.45323 21.2147 20.8125 20.4591 13.0027 8.18688 7.87089 
8.18807 20.8857 21.22 20.5079 13.2465 8.0549 7.8969 
9.03786 19.7687 21.1718 19.4674 13.8143 8.85891 7.88104 
8.43197 19.5583 22.1076 19.9511 13.755 8.3425 7.85356 
9.0618 20.5721 21.6265 19.2267 12.9348 8.68667 7.89154 
9.71958 20.8992 20.601 19.7548 12.3636 8.82447 7.83728 
9.58506 20.4496 21.2895 18.7785 13.6543 8.36828 7.87468 
8.75181 21.6502 21.3914 17.8734 13.7276 8.70903 7.89662 
9.01167 22.3041 21.1813 17.1045 14.1486 8.32802 7.92182 
9.83463 21.016 21.5884 17.2824 13.9904 8.35902 7.92916 
9.78157 21.4808 21.0883 17.2385 13.7825 8.7044 7.92386 
11.3573 21.0176 20.5903 17.7416 13.1268 8.2783 7.88803 
11.2468 19.1451 19.4997 18.3026 15.0861 8.79824 7.92129 
10.1689 18.6635 19.1817 18.3559 16.634 9.05821 7.93792 
9.1828 17.6456 20.4808 19.2482 16.865 8.62747 7.95022 
8.55616 18.184 20.1523 18.8752 18.014 8.27849 7.93987 
8.88482 18.8673 19.6267 20.1118 16.198 8.40891 7.90252 
9.40855 18.463 19.8585 19.9882 16.2254 8.15479 7.9016 
9.10608 16.455 20.7645 20.7164 16.9163 8.1406 7.90114 
8.76716 16.4279 20.9745 21.6338 16.203 8.05663 7.9369 
8.70731 18.0809 20.4651 21.1273 15.6403 8.01945 7.95958 
8.49158 17.891 20.1176 21.1384 16.4408 8.03271 7.88784 
8.24579 17.8344 21.281 20.4581 16.2204 8.01636 7.94392 
8.04899 18.1551 21.3795 20.0443 16.3088 8.16522 7.89806 
8.66251 17.2223 21.7757 21.4475 14.6024 8.38125 7.9083 
8.26644 17.6389 21.3045 21.2561 15.2873 8.35729 7.88934 
8.85672 17.2296 21.3666 20.1903 16.3994 8.0957 7.86172 
8.42379 16.9481 21.7563 19.7983 16.9897 8.15744 7.92629 
8.48441 17.1346 22.0791 19.2525 17.1553 8.00482 7.88924 
10.5506 16.9785 22.2545 17.687 16.6384 7.97437 7.91658 
11.0758 17.1899 21.5681 18.7043 15.6278 7.9315 7.90261 
10.2062 18.6687 19.875 19.303 16.1677 7.89695 7.88251 
10.6453 18.25 20.4194 19.2901 15.5537 7.92438 7.91716 
9.22334 19.6451 20.9662 18.3921 16.0511 7.8629 7.85929 
9.49803 20.1635 20.9376 18.1733 15.4119 7.90872 7.90692 
10.2779 20.7788 20.0842 18.4617 14.3165 8.16109 7.9198 
9.96246 20.9777 19.4539 18.9955 14.57 8.08055 7.9599 
10.0907 21.4377 19.9459 17.527 15.0709 8.05487 7.8729 
9.87295 21.2936 20.0879 18.9934 13.9722 7.93548 7.84449 
10.6919 20.5988 20.2358 18.4895 14.1804 7.92458 7.87908 
10.4034 18.5753 21.1524 18.3252 15.8258 7.87033 7.84759 
10.2256 15.8666 21.7006 19.2104 17.243 7.88254 7.87116 
10.1373 16.3892 22.2474 18.7964 16.7098 7.86284 7.85715 
10.8826 16.2049 22.7516 18.0545 16.4944 7.80739 7.80454 
10.932 15.4623 22.3571 19.8918 15.607 7.87566 7.87423 
10.0114 16.822 22.9722 19.5282 14.806 7.99188 7.86832 
10.4784 17.615 22.307 20.2119 13.3731 8.10042 7.91426 
9.96073 19.0981 22.6547 19.3069 12.982 8.04537 7.95229 
10.55 18.2832 22.9729 19.0205 13.3264 7.94673 7.90019 
11.1795 20.0713 20.5317 18.3042 14.2009 7.86784 7.84457 
11.6154 20.4202 20.5223 17.8701 13.7671 7.90828 7.89664 
10.8199 18.4008 22.7306 18.715 13.6073 7.86612 7.8603 
10.713 18.4176 23.739 19.711 11.7279 7.8472 7.84429 
10.9261 19.8417 22.7556 18.2099 12.5728 7.84765 7.8462 
12.8274 18.5772 23.5225 17.1153 12.3588 7.79979 7.79907 
11.0291 16.9809 23.4279 19.4551 13.3589 7.87426 7.87389 
10.7848 18.6256 23.4707 18.7816 12.6254 7.85605 7.85587 
12.033 18.0368 22.152 20.3283 11.7814 7.83427 7.83418 
11.672 18.5299 21.1017 20.9611 11.9319 7.90171 7.90167 
10.6383 18.7282 21.1441 21.215 12.3219 8.0469 7.90564 
11.5691 18.5397 21.0774 19.6501 13.2088 8.01281 7.94218 
11.7846 16.8698 20.9387 20.4917 13.9377 8.00641 7.97109 
12.0281 16.2678 22.8714 18.862 14.149 7.91965 7.90199 
12.708 16.4672 22.3647 18.9939 13.6319 7.92157 7.91275 
12.9 15.1974 23.7172 18.5499 13.7797 7.99978 7.85609 
12.9659 15.5774 23.1618 18.0515 14.3367 7.98925 7.91741 
13.9478 15.676 22.8485 17.899 13.7881 7.93829 7.90237 
14.0391 16.1261 21.8862 19.2756 12.8723 7.90936 7.8914 
13.3576 13.6968 24.6051 20.0603 12.3516 8.03919 7.88936 
13.9761 14.2808 24.735 19.6248 11.311 8.20878 7.8636 
14.4261 13.6143 24.9019 21.2449 9.78771 8.09888 7.92629 
13.6019 14.3071 23.5621 22.8447 9.89385 7.93833 7.85203 
13.5733 12.7732 25.1816 22.5174 10.2783 7.85965 7.81651 
13.9295 12.4878 25.3884 22.2706 10.3475 7.79888 7.7773 
12.643 12.7108 25.4702 23.1227 10.0633 8.15811 7.83187 
12.9882 12.0498 27.5962 21.0058 10.5872 7.96795 7.80482 
14.4456 12.8982 25.5232 21.6889 9.74105 7.89233 7.81077 
14.4877 13.999 25.4397 20.6735 9.57138 7.93477 7.89399 
14.7937 12.555 25.9677 21.0205 9.77145 7.95599 7.9356 
14.4169 11.2918 24.875 22.5446 11.1894 7.84619 7.83599 
14.588 12.423 25.3893 21.5133 10.414 7.83876 7.83366 
14.0338 12.1676 26.1743 21.2582 10.6929 7.83787 7.83533 
14.4134 12.1489 24.7735 22.4634 10.376 7.91302 7.91175 
14.8597 11.5166 26.1623 22.1161 9.60979 7.86807 7.86744 
14.8017 10.566 26.5427 22.917 9.61258 7.78019 7.77987 
14.628 10.4452 26.9882 23.1104 9.08358 7.8724 7.87224 
13.1791 10.3546 26.8372 25.3382 8.50073 7.89514 7.89506 
13.6863 9.69342 27.7734 24.282 8.92779 7.81854 7.8185 
14.8011 10.7026 27.0999 22.8017 8.9684 7.81317 7.81315 
15.6049 10.924 26.8627 22.2367 8.81856 7.77656 7.77655 
14.264 12.5389 26.5083 21.8876 9.02467 7.88828 7.88827 
15.4653 10.7448 27.2973 22.2092 8.679 7.80216 7.80216 
15.5352 10.6272 28.1391 21.4549 8.47963 7.88197 7.88197 
16.0498 9.60806 27.1064 22.2305 9.14779 7.92872 7.92872 
16.4841 8.73152 26.8462 23.1999 8.95456 7.89185 7.89185 
16.2724 9.82031 27.9686 21.2969 8.87122 7.88532 7.88532 
15.7213 9.39932 29.1546 21.794 8.30558 7.81263 7.81263 
14.5165 9.56979 28.2136 23.884 8.21123 7.80242 7.80242 
14.531 10.391 26.8341 23.7602 8.80259 7.8406 7.8406 
13.9524 9.60277 27.8547 24.3421 8.50464 7.87167 7.87167 
14.0979 10.291 27.2805 24.634 8.10988 7.7934 7.7934 
15.1529 9.12104 27.4017 24.5494 8.03048 7.87224 7.87224 
14.5209 9.49879 28.0527 24.3117 8.02758 7.79414 7.79414 
15.063 9.36723 28.1983 23.1431 8.47239 7.87796 7.87796 
14.9618 9.01798 27.2571 25.0391 8.10616 7.80895 7.80895 
14.1092 8.39948 27.7496 26.2083 7.94357 7.79497 7.79497 
13.5215 8.14296 29.1745 25.5647 7.915 7.8407 7.8407 
15.0132 7.95497 28.1795 25.4037 7.841 7.80385 7.80385 
13.4659 8.33795 27.8979 26.8007 7.84492 7.82634 7.82634 
13.2088 8.08464 28.4068 26.804 7.83812 7.82883 7.82883 
13.9439 8.01785 28.1178 26.246 7.8946 7.88995 7.88995 
14.029 7.91283 27.4222 27.087 7.8512 7.84888 7.84888 
11.5462 7.88391 27.9105 29.1024 7.85309 7.85193 7.85193 
12.3152 7.83604 28.1297 28.2584 7.82063 7.82005 7.82005 
13.1417 7.88627 28.0331 27.3038 7.87857 7.87828 7.87828 
13.2183 7.84487 28.0339 27.3802 7.84102 7.84087 7.84087 
13.7097 8.3603 27.3306 26.8558 7.91459 7.91452 7.91452 
14.4258 8.12337 26.9145 26.8348 7.90051 7.90048 7.90048 
15.2625 7.93165 27.0795 26.2657 7.82023 7.82021 7.82021 
13.8812 7.98368 27.0814 27.7162 7.77916 7.77915 7.77915 
15.1621 8.01869 27.4669 25.4353 8.41978 7.74864 7.74864 
15.3836 7.99024 27.7462 24.9788 8.19078 7.85521 7.85521 
16.6823 7.93834 28.2264 23.3727 8.03861 7.87082 7.87082 
16.7714 8.32963 26.9039 24.3317 7.94372 7.85983 7.85983 
17.566 8.75498 27.7142 22.3298 7.90629 7.86434 7.86434 
17.4787 8.55809 27.4023 23.0378 7.96652 7.77832 7.77832 
16.9437 9.23261 27.9426 22.5096 7.85323 7.75913 7.75913 
17.3645 9.31429 26.723 23.3353 7.78568 7.73863 7.73863 
20.2612 8.51679 28.2738 19.387 8.10336 7.72896 7.72896 
19.9465 8.24613 28.7074 19.3561 8.03941 7.85221 7.85221 
18.9947 8.86312 28.1152 20.2285 7.99524 7.90164 7.90164 
20.1425 8.7864 27.4447 19.953 8.02988 7.82179 7.82179 
22.2862 8.302 27.0774 18.7713 7.92373 7.81969 7.81969 
21.6047 8.151 28.1541 18.3087 7.96187 7.90984 7.90984 
21.1702 7.92165 29.2944 18.1845 7.82709 7.80108 7.80108 
21.9348 7.94856 27.5307 18.9082 7.90127 7.88827 7.88827 
22.5191 8.11221 28.5929 17.0403 7.91615 7.90965 7.90965 
22.4583 7.99932 27.8611 17.9839 7.90129 7.89804 7.89804 
23.9742 8.08463 28.3096 16.0181 7.87222 7.87059 7.87059 
25.0744 8.23695 28.2488 14.5527 8.29852 7.79436 7.79436 
23.5933 8.4089 29.4709 14.7021 8.10966 7.85757 7.85757 
24.8329 8.82491 28.4318 13.6217 8.51027 7.88918 7.88918 
22.3534 8.35567 30.6197 14.6973 8.19835 7.88781 7.88781 
24.0852 8.4262 29.0353 14.5382 8.18414 7.86547 7.86547 
