5 80000 300 266
14 14 14 14 14 14 14 
12.9732 12.5705 15.7919 13.1074 10.9597 16.0604 17.5369 
15.682 13.6128 18.169 13.091 12.6638 11.9814 14.3001 
16.1279 15.0237 20.3658 16.0859 10.928 9.96003 11.2587 
18.9167 14.7987 20.8806 16.26 10.4252 8.93351 9.66034 
17.4006 15.9733 20.7291 16.8845 10.6278 9.5209 8.80129 
16.5856 16.0512 21.7445 16.5964 10.6006 10.0472 8.3433 
16.5171 16.6237 21.8068 16.7094 10.8143 9.41612 8.09688 
15.9955 17.1126 19.414 17.639 12.3704 9.44694 8.01362 
13.7872 16.9774 19.9176 18.1879 12.9221 10.1972 8.00681 
12.7076 18.6631 19.6487 19.2684 12.0812 9.65284 7.97627 
11.773 18.0228 19.8448 19.3479 12.9936 10.0411 7.97587 
10.9253 18.8951 19.3216 19.8484 13.8611 9.18724 7.9608 
11.6342 19.2802 19.7027 17.4556 13.7297 10.2422 7.9553 
11.038 18.877 19.7911 17.4627 13.391 11.5468 7.89331 
10.7609 19.4184 20.2786 18.1064 12.5423 11.0153 7.87811 
9.78928 19.629 20.3597 18.3718 13.185 10.8183 7.84687 
10.7086 19.2137 20.2574 17.2285 14.6351 10.0603 7.8963 
10.2623 18.5026 21.0694 17.7145 15.0885 9.42688 7.93588 
10.2436 18.2492 21.1686 17.3439 15.8265 9.21242 7.95567 
10.4677 19.0827 19.0749 17.477 16.4038 9.53283 7.96106 
11.0725 18.0339 18.667 18.6111 16.0575 9.64964 7.90835 
13.4418 17.4358 18.163 16.9031 16.5503 9.65028 7.85561 
13.4373 17.2467 18.4632 16.2341 16.1643 10.5821 7.87237 
13.0452 16.1744 19.4357 17.4027 15.9393 10.087 7.91578 
11.9529 17.3085 19.6564 18.7424 14.8344 9.55167 7.95379 
12.148 18.0685 18.824 18.2624 15.1578 9.58755 7.95179 
11.7943 16.6614 19.7934 18.877 14.6763 10.3023 7.89539 
11.6745 16.1038 19.8757 19.1023 14.7962 10.5083 7.93929 
12.3719 15.4776 20.2349 18.5611 15.0218 10.4026 7.93004 
11.8834 16.4815 19.8424 19.1037 14.8783 9.91645 7.89429 
11.3904 17.6424 19.9639 19.5946 14.5973 8.91122 7.90014 
10.7818 18.1286 19.3975 20.5116 14.8744 8.45994 7.84617 
9.56584 19.7999 20.2356 19.5997 13.799 9.10074 7.89923 
8.78725 19.7484 21.1567 19.6483 14.367 8.44648 7.84572 
8.48845 19.2492 22.4318 17.475 14.8344 9.61117 7.90993 
9.72946 19.3292 20.9205 18.3367 14.5902 9.23596 7.85792 
10.843 19.882 19.1559 17.7553 14.3603 10.1615 7.842 
10.4424 18.5184 19.2014 19.2333 14.7115 9.99705 7.8959 
11.7478 17.7769 18.1184 18.4662 15.9841 9.9764 7.93025 
11.6431 18.5038 18.0336 17.6733 16.4322 9.79589 7.91812 
11.0389 18.5997 17.8211 17.2062 16.9118 10.5501 7.8721 
11.1102 18.0551 17.9823 17.1474 17.5276 10.3384 7.839 
11.3937 17.6263 19.5007 15.3678 17.4687 10.7955 7.84732 
11.3113 18.9826 18.5427 15.311 17.8445 10.1647 7.84315 
9.63053 19.9516 20.15 15.7099 16.349 10.3125 7.89647 
10.1278 18.3091 21.1167 15.3549 16.4037 10.7812 7.90657 
10.39 16.9806 21.3192 15.2862 17.5497 10.608 7.86633 
11.3261 17.8984 20.3848 14.8312 16.9144 10.8008 7.84437 
11.6845 16.3685 20.515 14.6199 17.9196 10.9918 7.90068 
10.654 17.1801 20.6131 16.4104 16.3866 10.8306 7.92523 
10.3709 17.362 19.7364 15.8806 17.7328 11.0074 7.90999 
11.347 17.9739 19.0601 16.4252 17.1492 10.1502 7.89439 
11.48 16.9439 19.6376 16.5997 17.7144 9.69874 7.92569 
9.96992 17.7995 20.014 18.3866 16.5578 9.40469 7.8674 
9.47348 17.8768 21.2805 18.901 15.7946 8.77332 7.9003 
8.91281 18.4192 21.1369 19.4957 15.3465 8.78847 7.90049 
9.69145 17.3293 21.6795 19.4701 15.2587 8.66774 7.90323 
9.32848 17.7451 22.2191 19.85 14.296 8.70169 7.85966 
10.029 17.1343 22.3756 20.0108 14.2296 8.3208 7.89979 
10.4691 17.999 20.2787 20.2327 14.1602 8.93313 7.92717 
9.69882 17.4816 19.4028 20.2726 15.7855 9.48888 7.86983 
9.89233 16.8953 19.7872 21.0805 15.4035 9.03629 7.90487 
9.60526 16.1749 19.8936 21.3357 15.429 9.63178 7.92971 
10.4548 17.4353 20.1642 20.1244 14.671 9.27241 7.8779 
9.96878 18.3082 19.9959 20.1915 14.2321 9.37759 7.92602 
10.9185 18.1651 19.1188 19.3265 14.4787 10.0734 7.91905 
9.39796 18.7105 19.9533 19.2913 15.3356 9.41307 7.89826 
10.5618 18.7579 20.043 17.0571 16.9598 8.68884 7.93143 
10.2809 20.0173 19.8087 16.6137 16.9906 8.38697 7.90188 
10.8197 18.2492 21.3743 16.2133 16.179 9.31598 7.84849 
10.8803 18.7526 19.7681 16.75 16.4046 9.5814 7.86298 
12.0397 18.7723 18.6089 17.5472 16.4797 8.70569 7.84648 
11.5155 17.5758 20.7269 18.0409 15.783 8.44767 7.91031 
12.5356 18.0101 20.0301 17.4649 15.3359 8.66828 7.95515 
12.7754 18.1157 20.9695 17.5177 14.5009 8.2387 7.88213 
15.024 17.5806 20.1438 16.1452 14.0686 9.11935 7.91834 
14.9461 17.3035 21.223 16.1062 13.749 8.75632 7.916 
15.5716 16.2808 21.527 16.5038 13.7994 8.36877 7.94861 
15.189 16.7965 22.2669 15.6551 13.6195 8.5124 7.96064 
15.9089 14.093 22.1813 16.3697 13.6435 9.83707 7.96665 
15.9636 15.1701 23.4476 15.2787 13.3435 8.92311 7.87349 
16.0425 14.9448 22.7051 16.9851 12.9801 8.43352 7.90871 
15.8043 16.7885 20.079 17.3369 13.9193 8.22619 7.84586 
15.1584 17.4645 20.9238 15.2444 14.6694 8.64824 7.89119 
14.3819 17.1223 21.2329 15.5587 15.498 8.29238 7.91385 
13.6386 18.7801 21.5654 15.9302 13.9534 8.28244 7.84987 
15.1342 17.9266 20.8714 17.1669 12.8525 8.13235 7.91606 
14.1618 18.1959 21.8266 17.2165 12.6613 8.02301 7.91487 
13.997 17.0345 22.818 16.318 13.8136 8.09314 7.92569 
13.1728 17.1129 23.0313 16.9968 12.9601 8.76812 7.958 
12.9997 17.345 22.2045 18.8309 11.4682 9.25342 7.89824 
12.0554 18.3947 22.6763 18.4432 11.2896 9.25634 7.88431 
13.8662 18.2235 22.8583 17.0601 11.5831 8.54741 7.86139 
13.0532 17.8877 23.092 18.2298 11.6807 8.1998 7.85679 
12.8526 17.4597 23.3465 19.2122 11.3148 7.99284 7.82134 
12.28 17.0225 21.9171 19.972 13.0964 7.89886 7.81311 
13.8606 16.722 21.2527 20.2801 12.1855 7.871 7.82812 
13.597 17.1265 22.1078 19.6462 11.5248 8.13303 7.86468 
13.2217 16.1199 22.7668 20.7803 11.304 7.9708 7.83662 
11.6851 15.4857 22.7695 22.6426 11.5926 7.94579 7.87871 
12.2558 16.1752 23.7363 20.8225 11.2595 7.89214 7.85859 
12.4093 16.379 24.6822 19.3308 11.5343 7.84054 7.82377 
13.5364 16.1222 22.918 19.0404 12.4979 8.00681 7.87823 
13.7535 16.517 21.8757 18.8339 13.2342 7.92497 7.86068 
13.6607 18.3087 20.9881 18.4622 12.8985 7.85696 7.82481 
12.7349 18.4509 21.2981 18.7788 13.1076 7.82295 7.80688 
10.7513 18.3487 23.3268 17.9202 14.0182 7.82143 7.81339 
12.1883 17.5685 23.0989 18.5708 12.9702 7.80366 7.79964 
12.2797 17.4183 22.3742 18.6926 13.4439 7.89667 7.89467 
12.487 17.5174 22.327 18.5432 13.4577 7.83435 7.83334 
12.3195 15.2144 22.5559 20.2843 13.944 7.84122 7.84072 
13.2453 14.6928 22.6416 20.4362 13.1217 8.065 7.79737 
12.6753 16.9516 22.6366 20.0865 11.824 7.97987 7.84605 
12.4601 16.384 22.0326 21.5229 11.7794 7.94402 7.87711 
11.7856 17.0809 21.5101 22.8602 10.9514 7.92262 7.88917 
11.1635 16.0903 22.7209 23.2535 10.8888 7.94992 7.93319 
10.8077 16.2372 23.0836 22.6437 11.3766 7.92976 7.9214 
10.4841 15.2042 24.9108 22.2844 11.437 7.84189 7.8377 
11.3396 14.6482 26.0055 21.0338 11.274 7.85048 7.84839 
11.6065 13.6565 26.1954 21.4668 11.3098 7.88302 7.88198 
11.9071 13.5815 25.0457 22.162 11.6289 7.83762 7.83709 
11.5715 13.5323 24.8824 22.4574 11.8538 7.85139 7.85113 
11.4736 13.909 25.2719 22.8689 10.6888 7.89395 7.89382 
12.8406 13.6485 24.931 21.6804 10.8089 8.18195 7.90866 
13.0599 13.1928 26.2867 20.5963 10.96 8.02051 7.88387 
14.1057 14.0344 24.5758 19.94 11.4029 8.00475 7.93642 
13.0417 15.0952 24.5442 20.1371 11.4117 7.90209 7.86793 
13.1691 14.1958 25.984 18.2403 12.7696 7.82916 7.81208 
15.1279 12.8402 26.7175 17.8036 11.847 7.83615 7.82761 
15.3388 12.1842 25.9593 19.0895 11.8216 7.80547 7.8012 
16.2525 11.8142 23.3339 20.3077 12.5866 7.85369 7.85156 
16.1094 12.2096 24.412 18.5572 13.016 7.84841 7.84735 
16.6303 11.3374 23.9793 20.6158 11.7405 7.84863 7.84809 
16.6958 10.6403 24.3476 21.2454 11.268 7.90159 7.90132 
18.5938 12.0141 23.5126 18.956 11.0985 7.91254 7.91241 
18.1288 11.7051 25.2891 18.3099 10.6774 7.94487 7.94481 
18.0196 11.0764 26.0774 18.2594 10.8611 7.85303 7.853 
19.4434 11.3648 24.9628 17.5308 10.9861 7.85606 7.85604 
18.7995 10.8697 26.4583 18.5637 9.67173 7.81852 7.81851 
19.627 10.6905 25.7292 18.0887 10.0915 7.88653 7.88653 
17.7314 11.0637 27.2341 17.9886 10.1777 7.90221 7.90221 
19.2156 9.46773 26.445 19.9272 9.1705 7.88697 7.88696 
18.9738 10.3535 25.9026 19.6178 9.48439 7.83397 7.83397 
19.7003 9.7499 27.2806 18.4979 9.01049 7.8804 7.8804 
21.0861 10.4929 26.7021 17.395 8.57828 7.87278 7.87278 
20.2532 11.1885 27.1192 16.6685 9.07175 7.84944 7.84944 
20.0664 9.81111 27.415 17.9728 9.05395 7.84038 7.84038 
21.1603 10.2524 26.8578 16.9344 9.15125 7.82192 7.82192 
20.6393 9.12027 27.9259 17.9346 8.56971 7.90505 7.90505 
20.378 9.80795 26.791 18.2968 8.94958 7.88838 7.88838 
19.5545 10.342 26.8396 18.665 8.85545 7.87168 7.87168 
19.008 9.63256 26.6506 20.4094 8.42773 7.93584 7.93584 
20.6661 9.55634 23.8757 21.8255 8.1894 7.94346 7.94346 
20.8226 9.8481 26.0987 19.4792 7.94085 7.99271 7.81788 
18.6722 11.4458 26.3827 18.1454 9.6226 7.9094 7.82198 
20.0956 10.628 27.7483 16.8259 8.92522 7.91039 7.86669 
19.0383 10.0458 28.2275 18.1921 8.72129 7.89842 7.87656 
19.5455 10.8277 26.3829 18.5947 8.84613 7.90699 7.89606 
20.9322 11.2109 23.9161 19.8771 8.33611 7.86654 7.86108 
19.8507 11.6055 23.6503 20.5539 8.47575 7.93327 7.93054 
19.9606 10.2041 25.2055 20.1361 8.81534 7.83987 7.83851 
18.3399 13.4617 25.221 18.5854 8.66634 7.86315 7.86247 
20.7553 11.7613 27.2447 16.1525 8.29659 7.89499 7.89465 
18.3837 11.6208 27.2175 18.9524 8.07579 7.87499 7.87482 
18.2448 12.3564 26.5614 18.2506 8.91254 7.83722 7.83713 
19.8701 10.8511 26.9879 18.3153 8.35035 7.81269 7.81265 
20.5638 11.2639 25.3203 19.1876 8.06739 7.79856 7.79854 
18.1846 12.0149 25.2741 20.84 7.98506 7.85065 7.85064 
20.398 11.4215 25.2167 19.178 7.97342 7.90622 7.90621 
20.9566 11.7713 23.972 19.4375 8.07762 7.8925 7.8925 
20.609 9.80724 26.6919 19.1959 7.96038 7.86782 7.86782 
17.0892 12.1308 25.7353 20.2174 8.99494 7.91621 7.91621 
16.6398 10.8273 27.1534 21.0611 8.46572 7.92636 7.92636 
18.7366 10.2213 27.0382 19.6652 8.72004 7.80933 7.80933 
18.8724 9.79386 25.2271 21.9538 8.35451 7.89916 7.89916 
18.5557 9.45668 27.079 21.0398 8.10807 7.8804 7.8804 
17.9041 9.36093 27.9165 20.7435 8.20739 7.93381 7.93381 
18.7907 8.87401 27.6679 21.0169 7.97466 7.83787 7.83787 
20.6566 8.94151 26.897 19.8178 8.04139 7.82284 7.82284 
19.605 8.40157 26.3416 22.0158 7.95151 7.84224 7.84224 
19.9769 8.12521 24.3627 23.2172 8.62692 7.84554 7.84554 
20.0556 8.08945 25.1008 23.018 8.17252 7.78183 7.78183 
17.7677 9.30788 26.4823 22.1901 8.73022 7.76088 7.76088 
19.334 8.51246 27.5498 20.9021 8.22363 7.73896 7.73896 
18.1262 9.24113 26.1616 22.2335 8.64354 7.79697 7.79697 
19.6136 8.5961 25.9248 21.8201 8.2973 7.87402 7.87402 
19.8372 9.6172 25.1205 21.2444 8.40397 7.88838 7.88838 
18.7519 8.8086 25.0602 23.2889 8.20199 7.94419 7.94419 
15.8977 9.52852 27.1264 23.1351 8.6041 7.85408 7.85408 
16.4932 8.71996 27.6455 23.1182 8.25775 7.88274 7.88274 
16.7973 9.43244 27.0111 22.4287 8.62163 7.85441 7.85441 
16.0683 9.58348 26.3374 23.0137 9.17807 7.90951 7.90951 
15.7264 9.86866 27.7841 22.1223 8.58903 7.95475 7.95475 
17.5811 9.16631 26.9015 22.0329 8.52649 7.89587 7.89587 
18.2905 8.58315 26.6174 22.3498 8.26325 7.94794 7.94794 
18.3234 9.22308 26.0484 22.1338 8.3782 7.94657 7.94657 
20.2027 8.55476 26.1157 21.1615 8.13232 7.9165 7.9165 
21.6629 9.23233 24.4693 20.1904 8.72081 7.86216 7.86216 
20.7099 8.56754 26.8243 19.8216 8.31177 7.88245 7.88245 
19.2953 9.41622 25.0016 21.5002 8.95721 7.91473 7.91473 
16.7905 10.6882 24.4609 22.2119 9.96033 7.94408 7.94408 
16.7559 9.27851 26.0009 23.2371 8.91459 7.90646 7.90646 
15.0649 10.4143 25.4625 24.2325 9.01657 7.9046 7.9046 
16.0042 10.0244 24.6914 24.907 8.49499 7.93901 7.93901 
16.1872 10.1724 26.4026 23.1296 8.34002 7.8841 7.8841 
17.157 9.6179 26.9475 22.2899 8.24856 7.86954 7.86954 
16.5657 9.2818 27.3715 22.8063 8.11789 7.92838 7.92838 
15.448 9.31379 28.4833 23.0854 7.95303 7.85827 7.85827 
15.2541 8.72316 27.7959 24.6451 7.89218 7.8448 7.8448 
16.0131 8.63373 26.8726 24.8226 7.90178 7.8781 7.8781 
16.2059 8.49693 26.4588 24.9515 8.29173 7.79757 7.79757 
18.2881 9.18674 27.5813 21.4264 8.00389 7.75681 7.75681 
17.5797 8.88785 28.0544 20.8359 8.90992 7.86613 7.86613 
18.306 8.31489 28.0595 21.3857 8.32593 7.80404 7.80404 
20.8489 8.68961 27.48 19.0262 8.25653 7.84939 7.84939 
20.7693 8.2633 27.6899 19.5444 8.04676 7.84319 7.84319 
21.5744 8.2393 24.8931 20.962 8.55596 7.8876 7.8876 
21.5133 8.08005 24.4927 21.8671 8.23838 7.9042 7.9042 
19.9942 7.99897 27.4956 20.611 8.07813 7.91104 7.91104 
21.3178 9.18816 26.1692 19.425 8.12712 7.88634 7.88634 
19.5218 9.10913 26.9642 20.5821 8.24416 7.78932 7.78932 
21.6964 8.74811 28.966 17.0652 7.99305 7.76563 7.76563 
19.1294 8.90531 30.4205 17.7514 8.21527 7.78906 7.78906 
18.0263 8.6065 31.8256 17.6449 8.10764 7.89453 7.89453 
18.8054 8.60592 31.3431 17.7245 7.91139 7.80483 7.80483 
20.5138 8.29156 28.4921 18.9762 7.9443 7.89102 7.89102 
20.2569 8.14578 26.8175 20.9167 7.97215 7.94551 7.94551 
20.8843 7.99731 26.0541 21.3595 7.91049 7.89717 7.89717 
20.0884 7.85718 26.3711 22.2553 7.81377 7.80711 7.80711 
18.7332 8.34932 25.5331 23.3228 8.32762 7.86697 7.86697 
19.08 8.47402 25.6646 22.8079 8.1447 7.91438 7.91438 
18.1764 9.38853 24.9535 23.2221 8.46629 7.89658 7.89658 
18.5107 8.94958 24.4828 24.0731 8.18451 7.89966 7.89966 
19.1932 9.44374 23.5768 23.0614 9.0612 7.83182 7.83182 
16.6389 8.59511 26.4011 24.2067 8.5799 7.78915 7.78915 
15.5922 9.29755 25.0187 24.5276 9.74449 7.98548 7.83397 
15.5815 9.14705 25.8312 23.8555 9.54353 8.14499 7.89622 
15.5889 10.231 27.9003 21.255 9.05311 8.04803 7.92365 
16.2793 9.0549 29.1017 21.2335 8.46595 7.96341 7.90122 
17.4617 9.32971 26.839 21.21 9.31772 7.93651 7.90541 
18.5669 8.59928 27.026 21.4247 8.59329 7.90268 7.88713 
18.779 9.64089 26.8661 20.2079 8.89605 7.80891 7.80113 
20.4673 9.31146 28.7025 17.589 8.34024 7.79667 7.79278 
20.9264 8.722 27.4537 19.1861 8.08578 7.814 7.81205 
21.2864 8.32441 26.6842 19.9589 8.00631 7.87041 7.86944 
20.7378 8.42088 26.4336 20.705 7.94637 7.87842 7.87794 
19.6456 8.29849 27.2105 21.2016 7.904 7.87003 7.86979 
20.7603 8.52425 26.574 20.6008 7.85825 7.84126 7.84114 
22.4172 8.42879 25.6327 19.5596 8.40443 7.77866 7.7786 
21.9014 8.13006 26.0694 19.569 8.72029 7.80499 7.80496 
21.0793 8.08432 27.0218 20.0739 8.21867 7.76102 7.761 
21.4023 8.515 26.4502 19.7813 8.10294 7.87412 7.87411 
19.6677 8.20887 26.295 22.0487 8.00284 7.88843 7.88842 
18.7845 9.19703 27.6537 20.4379 8.32241 7.80224 7.80224 
18.1346 8.58624 26.4035 22.949 8.14893 7.88885 7.88885 
17.1511 9.23324 26.2257 23.1512 8.56548 7.83664 7.83664 
16.2916 8.47465 26.0758 25.4645 8.14077 7.77634 7.77634 
17.3295 9.33936 24.8455 24.5398 8.29779 7.82403 7.82403 
16.3702 8.60804 25.4364 25.7973 8.08725 7.85037 7.85037 
15.2684 12.0818 24.246 24.5653 8.21029 7.81408 7.81408 
15.7511 10.0993 25.2724 25.1073 8.16359 7.80314 7.80314 
15.1083 10.2383 27.1016 23.8744 8.01261 7.83239 7.83239 
17.844 10.3366 25.2899 22.9517 7.91935 7.82924 7.82924 
16.928 10.9085 25.1827 22.9562 8.34034 7.84211 7.84211 
18.5587 9.87064 23.7901 22.9923 9.05976 7.86427 7.86427 
16.6926 8.87854 25.6174 24.5876 8.4731 7.87535 7.87535 
14 14 14 14 14 14 14 
12.6757 13.2162 14.7027 15.2432 13.9595 15.0405 14.1622 
13.5316 14.3004 16.7531 17.0233 14.2447 11.5089 12.1381 
14.0707 12.4694 19.0858 18.3698 15.0656 9.72607 10.9626 
15.3936 11.7571 19.5429 19.4834 15.4433 8.81826 9.43655 
17.0499 11.7352 19.6491 20.4935 13.7531 8.60493 8.65184 
18.5798 12.0833 20.4278 19.5703 12.818 8.233 8.25645 
17.8892 12.6019 22.6253 16.8774 12.9693 8.90373 8.11759 
18.2003 12.5987 22.763 16.2631 13.164 9.03202 7.97101 
18.2838 13.5442 20.5652 17.3152 12.5004 9.82213 7.9651 
17.2768 12.9229 20.0048 18.5782 12.897 10.3674 7.9508 
15.6031 15.2972 19.8777 18.0209 12.7895 10.4852 7.9255 
14.7572 14.1002 19.3138 18.083 14.4592 11.3918 7.8942 
12.5373 14.5898 20.272 19.6566 14.1741 10.8546 7.91536 
12.1391 15.7969 19.3465 18.634 14.8806 11.2978 7.90505 
12.1818 16.7161 20.0941 18.7358 13.5525 10.8593 7.86034 
12.5521 16.4097 20.4844 18.7118 13.7345 10.201 7.90631 
12.4006 16.9398 20.684 17.7897 13.9958 10.3214 7.86882 
10.5844 17.7601 20.0497 19.3332 14.2004 10.1711 7.90101 
10.703 17.6977 20.3455 19.5865 12.9118 10.8972 7.85832 
10.3515 17.078 21.0061 19.8974 13.1226 10.6569 7.88749 
11.7466 19.114 19.9486 17.9569 13.0295 10.3593 7.84518 
11.7119 19.9604 19.7408 18.108 13.3088 9.31976 7.85041 
11.2974 20.1445 20.548 17.4729 13.7386 8.97199 7.82664 
11.8987 20.0722 19.024 17.6948 14.4735 8.96516 7.87165 
11.8437 19.8938 18.0486 18.9084 14.7571 8.64925 7.89924 
10.0644 20.2552 19.4289 19.2808 14.7003 8.37087 7.89952 
9.08626 20.8345 19.9016 19.0998 15.0425 8.13554 7.89987 
9.39545 20.4383 20.2883 19.2546 14.0613 8.70912 7.85289 
9.42462 19.4629 20.4383 18.2407 15.5391 8.97641 7.91804 
8.93911 18.2881 20.7346 18.9142 15.9139 9.33356 7.87655 
9.39618 19.207 20.2206 19.52 14.8752 8.85965 7.9215 
10.7147 18.5246 20.0688 19.7185 14.699 8.37174 7.90266 
9.31034 19.6256 20.6113 19.3678 14.1871 8.99356 7.90432 
10.188 18.8292 20.5516 19.0077 14.3681 9.10744 7.94806 
11.0012 18.5918 20.9298 18.0481 15.0955 8.45667 7.87698 
10.7407 19.2304 19.526 18.6311 14.9713 9.03183 7.86862 
11.8186 17.3319 19.5939 17.8779 15.7309 9.80133 7.84552 
11.3035 17.2759 20.1704 17.2377 15.1269 11.021 7.86467 
11.2917 16.5555 21.5819 16.428 15.481 10.825 7.83689 
11.1438 15.228 21.6831 17.0314 16.143 10.9104 7.86035 
11.703 14.6964 21.5181 17.1838 16.3167 10.7406 7.84138 
11.359 15.6636 20.9102 18.2031 15.5018 10.4459 7.91637 
10.5793 16.5177 19.9206 18.4557 15.4346 11.2363 7.85574 
11.3062 18.6323 19.9188 17.1117 14.1489 11.0123 7.86978 
11.1236 18.3971 19.9156 17.6368 13.8578 11.1955 7.87362 
10.1934 18.7775 20.6947 16.8184 14.4026 11.1767 7.93681 
10.6895 17.3306 19.6314 18.5882 13.8008 12.076 7.88339 
10.487 18.0745 19.9908 18.1562 14.6685 10.7426 7.88043 
10.5933 18.5023 19.8719 17.9259 14.9474 10.3096 7.84968 
10.705 18.7434 19.9801 19.559 13.8755 9.23867 7.89835 
10.3412 19.2356 21.7814 17.6026 13.4003 9.72138 7.91743 
9.22761 19.4862 21.0881 18.2311 14.1563 9.90455 7.90608 
9.33483 18.8633 22.0247 18.9868 13.5159 9.35142 7.923 
9.83225 17.8932 21.342 20.922 12.5821 9.51087 7.91754 
8.91613 18.315 22.0394 20.1452 12.7121 9.91333 7.95877 
8.54408 19.265 22.4176 18.8898 13.2378 9.68785 7.95788 
9.31406 18.0359 24.129 19.5289 11.7659 9.25569 7.97054 
9.28258 17.1677 24.6195 20.9979 11.1693 8.81287 7.95003 
8.97029 17.783 24.8639 21.2133 10.4548 8.84366 7.87112 
9.5498 18.1587 22.9923 21.9213 10.9386 8.51666 7.92263 
9.96677 18.5602 22.7828 21.3444 10.4354 8.99874 7.91165 
8.93638 18.2544 23.0367 22.7448 10.6664 8.45236 7.90882 
8.84039 17.8716 23.8502 21.35 12.0597 8.14995 7.87818 
9.39807 17.2323 24.0932 21.7369 11.5608 8.05727 7.92139 
10.1556 17.0794 23.962 22.0043 11.0143 7.92619 7.85824 
9.89579 15.499 24.1866 22.03 12.5735 7.92455 7.89058 
9.69327 15.3884 23.5516 23.2835 12.0738 8.12894 7.88047 
9.72733 16.371 23.381 22.1624 12.5445 7.96903 7.84479 
9.56826 16.8288 23.7255 20.5998 13.165 8.25147 7.86113 
10.5877 17.6778 21.3494 19.7865 14.2834 8.47841 7.83681 
11.0631 19.4158 20.6106 19.295 13.4451 8.29904 7.8714 
11.5449 17.3917 21.1071 19.0016 13.9609 9.16065 7.83325 
11.1872 17.2212 20.3462 19.9847 14.5841 8.843 7.83368 
11.4825 17.2773 20.7286 20.3257 13.7365 8.53261 7.91684 
10.4183 17.77 21.1661 20.2965 14.2179 8.27521 7.85597 
10.4908 18.8615 20.4422 19.4205 14.7381 8.12822 7.91859 
10.5318 17.4704 22.0052 19.512 14.5276 8.02887 7.92406 
10.7705 17.6802 22.9292 19.2744 13.4565 8.02819 7.86111 
10.7544 17.1175 22.2029 20.2636 13.8871 7.92909 7.84554 
10.0575 16.8921 22.517 20.7482 13.907 7.95998 7.91821 
10.0717 17.137 21.9881 20.9964 13.9278 7.94995 7.92906 
9.11973 17.84 21.5901 21.315 14.1383 8.05886 7.93804 
10.0268 16.4371 21.5012 22.2748 13.4473 8.35745 7.95535 
9.80958 15.5327 22.1415 23.2477 12.7188 8.61517 7.93451 
10.1335 16.372 22.5086 22.735 11.3703 8.99168 7.88882 
9.73967 16.4804 23.0534 22.6993 11.4095 8.70145 7.91637 
10.5388 16.4035 22.0709 22.0072 12.2807 8.77249 7.92644 
10.4626 17.1389 21.4219 22.8394 11.3336 8.85485 7.94873 
10.6367 17.3532 22.8731 22.3431 10.5091 8.36886 7.91581 
10.7663 17.9987 22.0903 22.6728 10.3393 8.17959 7.95306 
11.2859 16.0595 24.3553 21.9845 10.0308 8.3722 7.91172 
10.305 15.1393 24.1823 22.8804 10.6098 8.96466 7.91856 
9.58139 15.0289 24.0958 22.3959 11.3655 9.61053 7.92198 
9.29416 14.3274 25.6738 22.9762 10.8791 8.96231 7.88709 
10.9392 15.9277 23.6234 21.6005 11.3946 8.63846 7.87613 
10.7593 15.1427 23.2727 22.3871 11.8686 8.72729 7.84235 
11.8545 15.0054 22.4277 22.1048 11.4499 9.27971 7.87801 
11.4828 12.8268 25.5657 22.5108 10.7018 9.038 7.87419 
11.2004 12.7409 26.9268 22.7938 9.94147 8.48923 7.90732 
11.5385 12.9025 27.2401 22.2045 10.0776 8.16385 7.8729 
11.5832 12.6141 28.1549 20.7534 10.969 8.03541 7.88994 
12.6543 13.1698 26.5775 19.5679 12.2247 7.93928 7.86654 
13.8207 12.0112 25.3042 21.2827 11.9263 7.84561 7.80924 
13.0972 13.0763 24.8996 20.9949 11.7712 8.342 7.81876 
13.0907 14.4821 23.8984 20.661 11.8436 8.14296 7.88134 
12.8945 13.9871 25.7058 19.1929 11.7419 8.56883 7.90893 
13.6588 14.6858 26.1943 18.8513 10.4383 8.25076 7.92081 
13.726 14.2395 26.0945 20.1683 9.72841 8.10416 7.93918 
13.6338 14.151 25.8077 20.631 9.94233 7.95833 7.87584 
14.0728 13.5399 24.2495 21.5292 10.7759 7.93695 7.8957 
12.592 13.2093 24.751 22.2545 11.4486 7.88262 7.86199 
12.1857 14.1235 24.4056 22.6561 10.9874 7.82602 7.81571 
12.6374 12.8209 24.2447 24.0244 10.2058 8.23238 7.83456 
13.6485 13.6094 24.2951 22.0907 10.4694 8.04289 7.84398 
11.8243 14.2406 24.8399 22.3274 10.8757 7.99581 7.89635 
12.3464 13.1525 25.5567 23.4961 9.59335 8.01935 7.83557 
12.9802 13.7545 24.412 22.5154 10.4897 7.97007 7.87818 
12.6916 14.2416 24.9967 22.1104 10.2836 7.861 7.81506 
12.2687 12.9059 26.8234 21.799 10.376 7.92499 7.90202 
14.1175 13.1756 25.5966 21.5438 9.80984 7.88406 7.87258 
15.1983 14.3398 24.6846 20.0742 10.0729 7.818 7.81226 
15.3019 15.6834 22.8828 20.5776 9.9013 7.82792 7.82505 
15.8682 13.8306 25.2297 20.0381 9.40748 7.81368 7.81225 
16.2889 13.342 24.6971 18.7594 11.1305 7.89142 7.8907 
15.7622 13.7347 24.8139 19.075 10.9669 7.82382 7.82347 
18.2072 12.0304 23.82 19.456 10.7824 7.85213 7.85195 
18.5863 10.9003 25.5594 18.7797 10.5636 7.80538 7.80529 
19.5634 11.8015 26.2932 15.6061 11.0926 7.82161 7.82156 
17.8031 13.7884 25.3124 16.3592 11.1613 7.78781 7.78779 
18.4319 13.3859 24.8109 17.5719 10.2768 7.76131 7.7613 
18.6324 11.8654 25.5354 17.6719 10.5761 7.85943 7.85943 
19.5039 12.7692 25.5023 15.6724 10.9181 7.81712 7.81711 
21.9028 11.8315 24.6227 14.9591 11.0456 7.81917 7.81917 
22.1454 10.6919 24.8486 16.4348 10.2989 7.79018 7.79018 
21.3668 10.9342 24.6302 16.3056 11.0318 7.86568 7.86568 
20.0851 11.3075 25.1356 16.8423 10.7866 7.92144 7.92144 
22.6914 11.0109 24.6214 15.7128 10.304 7.82977 7.82977 
23.299 10.899 24.7014 15.145 10.254 7.85074 7.85074 
23.9989 11.0218 26.2061 13.5966 9.49449 7.84104 7.84104 
23.8613 10.4659 26.9169 14.1557 8.95145 7.82442 7.82442 
22.1318 11.1237 27.6826 13.687 9.79182 7.79152 7.79152 
22.6875 12.3186 26.0034 13.6003 9.76077 7.81468 7.81468 
22.6495 10.9364 26.3775 15.0804 9.17975 7.88823 7.88823 
21.5017 12.8428 25.1357 15.5048 9.16215 7.92642 7.92642 
19.0842 13.4155 26.5559 16.0857 9.19417 7.83226 7.83226 
20.9124 12.6844 25.6686 16.2061 8.82449 7.85199 7.85199 
21.267 11.2972 25.5971 17.7127 8.4663 7.8299 7.8299 
21.1456 11.309 26.2756 17.4817 8.14151 7.8233 7.8233 
21.0906 10.6707 25.7592 18.6114 8.27787 7.79515 7.79515 
19.5197 11.3182 25.985 18.9923 8.41244 7.88618 7.88618 
19.0084 10.1389 28.3104 18.7447 8.10795 7.84482 7.84482 
20.5507 9.86595 27.2366 17.9479 8.70514 7.84683 7.84683 
19.8562 10.1725 26.792 18.2554 9.29269 7.81563 7.81563 
20.0389 8.96437 26.6924 20.208 8.52446 7.78593 7.78593 
17.9142 9.59914 28.2585 20.3379 8.2096 7.84033 7.84033 
16.8032 8.79957 29.9754 20.4767 8.1048 7.92017 7.92017 
17.4294 9.81645 28.8766 20.2383 7.94129 7.84897 7.84897 
19.065 8.88912 27.4956 20.788 7.95154 7.90538 7.90538 
19.7069 9.09572 26.1025 20.5684 8.77228 7.87711 7.87711 
19.4146 8.46636 27.1578 20.9425 8.30464 7.85705 7.85705 
20.176 9.07693 27.9539 18.5963 8.52732 7.83477 7.83477 
22.5113 8.52619 26.8604 18.0405 8.25139 7.90512 7.90512 
22.0115 9.35031 26.6569 16.5784 9.64895 7.87698 7.87698 
24.7484 8.62252 25.6092 16.1839 9.06424 7.88586 7.88586 
24.4086 9.18232 25.8418 16.1149 8.83011 7.81112 7.81112 
25.3453 8.43731 27.1837 15.269 8.26121 7.75172 7.75172 
23.6056 9.75802 29.1895 13.7569 8.06647 7.81172 7.81172 
23.4099 9.93853 28.1364 14.4678 8.49752 7.77491 7.77491 
23.3816 9.31058 28.4395 15.168 8.14097 7.77967 7.77967 
23.0201 10.3955 27.966 14.8348 8.14904 7.81733 7.81733 
24.4619 9.1134 26.7842 16.0017 7.99018 7.82433 7.82433 
23.5728 10.1478 25.5327 16.4673 8.46793 7.90577 7.90577 
21.0051 10.5426 25.1101 19.4837 8.14022 7.85914 7.85914 
20.6292 10.6511 24.1057 20.8178 8.0258 7.88526 7.88526 
20.7121 9.30107 24.4382 21.7239 7.98844 7.91817 7.91817 
21.0704 10.8617 24.6414 19.8681 7.87621 7.84107 7.84107 
23.7109 9.31599 27.3545 16.1841 7.82324 7.80567 7.80567 
24.0135 9.97714 27.507 14.1711 8.62287 7.8542 7.8542 
22.3627 8.87207 30.0966 14.6907 8.35674 7.8106 7.8106 
24.7198 9.35911 27.5098 14.4223 8.17837 7.9053 7.9053 
24.0863 9.40268 27.5986 15.1916 7.99798 7.86144 7.86144 
24.362 9.19409 28.1471 14.6972 7.91203 7.84377 7.84377 
22.755 10.3372 26.3092 16.5631 8.33668 7.84938 7.84938 
23.2108 9.16861 26.4879 17.1149 8.16834 7.92469 7.92469 
23.1551 9.40887 25.5247 17.4756 8.61633 7.90971 7.90971 
20.8302 8.61903 28.5986 17.9905 8.22276 7.86945 7.86945 
21.2714 10.1199 26.8375 17.405 8.54563 7.91026 7.91026 
22.2709 9.30524 27.8842 16.5641 8.20363 7.88595 7.88595 
21.1355 10.1214 26.9108 17.9696 8.16432 7.84922 7.84922 
20.409 9.66386 27.7411 18.3499 8.05041 7.89287 7.89287 
21.1467 9.84713 27.8523 17.3816 7.97657 7.8978 7.8978 
21.8451 10.1259 25.6314 18.8064 7.89002 7.85063 7.85063 
21.7097 9.72766 27.5387 17.4207 7.88087 7.86118 7.86118 
20.9526 8.93549 29.0788 17.5051 7.84923 7.83938 7.83938 
20.3693 9.28058 29.9137 17.0413 7.80162 7.7967 7.7967 
19.262 8.80696 29.3914 18.7885 8.21629 7.7674 7.7674 
20.7079 8.55732 28.2342 18.625 8.10814 7.8837 7.8837 
20.8569 9.16032 26.839 19.2238 8.04815 7.93593 7.93593 
20.1059 9.09629 25.8388 21.2248 8.05634 7.83893 7.83893 
20.1168 9.65997 25.2197 20.836 8.34127 7.91308 7.91308 
20.6779 9.25476 25.4417 20.595 8.15293 7.93884 7.93884 
19.3012 9.18713 25.9284 20.6749 9.10791 7.90024 7.90024 
20.3403 8.90391 26.5849 19.3029 9.03672 7.91564 7.91564 
20.8368 9.95195 26.4591 18.3181 8.51836 7.95782 7.95782 
18.2497 8.89164 30.097 18.7976 8.17484 7.89457 7.89457 
19.2677 8.73153 28.3342 19.6845 8.08742 7.94729 7.94729 
20.4275 8.65148 26.3893 20.6359 8.01196 7.9419 7.9419 
18.8557 9.10969 26.7749 21.7377 7.86401 7.82897 7.82897 
17.4279 8.86254 28.1567 21.4842 8.2397 7.91449 7.91449 
17.1731 9.86934 25.5587 23.4309 8.1984 7.88474 7.88474 
17.6775 9.48012 27.0651 21.9427 8.15764 7.83847 7.83847 
16.7105 9.8421 26.7978 22.9247 8.01468 7.8551 7.8551 
15.3616 8.90194 27.7301 24.2012 7.98823 7.90844 7.90844 
17.1011 9.95822 25.6042 23.405 8.19701 7.86726 7.86726 
18.1417 8.90993 28.2109 20.9792 8.02932 7.86445 7.86445 
17.6294 9.56007 28.8202 20.0992 8.21887 7.83613 7.83613 
18.2742 9.13439 29.7254 18.9085 8.31364 7.82197 7.82197 
19.5172 8.95316 26.851 20.8577 8.10419 7.85835 7.85835 
20.5162 9.47658 24.7891 21.4895 7.99149 7.86857 7.86857 
20.0682 9.16867 26.4768 20.5549 7.95144 7.88998 7.88998 
20.4 9.30994 26.0433 20.186 8.24401 7.90841 7.90841 
21.8949 8.55328 28.2759 17.5506 8.02031 7.85251 7.85251 
21.1577 9.68204 27.9518 16.5831 8.96511 7.83016 7.83016 
19.7592 8.93938 29.2218 17.9637 8.41698 7.84951 7.84951 
18.7753 9.37767 28.5679 19.2579 8.19622 7.91248 7.91248 
18.003 8.99653 27.5147 20.2443 9.32888 7.95624 7.95624 
18.9364 8.40706 26.461 21.8486 8.57323 7.88692 7.88692 
17.8015 9.26305 26.6233 22.085 8.60209 7.81251 7.81251 
17.6104 8.50249 27.3439 22.8167 8.17201 7.77722 7.77722 
17.2874 9.60839 27.6601 21.6762 8.25267 7.75766 7.75766 
18.4596 8.79193 26.7135 22.1878 8.11407 7.86656 7.86656 
18.8975 8.32345 26.1966 22.2721 8.58876 7.86077 7.86077 
18.4724 8.15581 25.8202 23.4142 8.28846 7.92447 7.92447 
17.7239 9.01618 25.4101 22.8182 9.39114 7.82026 7.82026 
17.7961 8.58332 26.0279 23.3213 8.61407 7.82862 7.82862 
17.8162 9.84722 26.1719 22.187 8.2544 7.86168 7.86168 
17.1451 9.98141 26.3807 22.7987 8.02894 7.83257 7.83257 
18.6643 9.11915 25.7286 22.4085 8.29581 7.89182 7.89182 
19.3625 9.57477 25.6303 21.0827 8.5552 7.89728 7.89728 
19.2492 8.64541 26.0867 22.2697 8.13563 7.80666 7.80666 
17.6 9.6908 25.4667 22.9447 8.51567 7.89106 7.89106 
18.0652 8.83901 25.6726 23.2934 8.25144 7.93914 7.93914 
17.3421 9.00403 25.014 24.9705 7.99392 7.83777 7.83777 
15.6202 9.58676 26.0663 25.1971 7.89526 7.81719 7.81719 
18.4004 11.217 25.7068 20.4111 8.46152 7.90165 7.90165 
21.5055 11.3717 27.3394 14.7227 9.37095 7.84491 7.84491 
21.9707 10.3333 27.9325 15.6947 8.53163 7.76861 7.76861 
23.0923 10.6698 27.331 14.4511 8.82556 7.81512 7.81512 
24.3089 9.98955 27.4793 14.2826 8.31668 7.81146 7.81146 
23.9353 9.65231 27.7123 14.2646 8.67889 7.87833 7.87833 
21.7716 9.07452 27.5816 17.5898 8.26101 7.86074 7.86074 
20.3452 9.49222 27.6046 18.855 8.03441 7.83427 7.83427 
22.0567 8.65915 26.411 19.2826 7.93025 7.83018 7.83018 
21.2354 9.35916 26.815 18.3691 8.40299 7.90917 7.90917 
22.6983 8.53864 27.5014 17.5738 8.06056 7.81365 7.81365 
22.8222 9.22683 25.5071 18.4186 8.27957 7.87283 7.87283 
22.1134 8.45957 26.9676 18.7411 8.15316 7.78257 7.78257 
21.7019 9.55236 27.8386 17.4351 7.94755 7.76225 7.76225 
21.2814 9.08082 28.1577 17.8235 7.94728 7.85464 7.85464 
20.5814 10.03 27.8771 17.3687 8.57305 7.78488 7.78488 
21.549 8.98852 26.8524 18.6181 8.26003 7.86595 7.86595 
18.5966 10.3225 28.1502 18.9716 8.11775 7.92071 7.92071 
20.5595 9.06514 28.4895 18.1945 7.96278 7.86426 7.86426 
20.7027 9.21535 27.6889 18.4628 8.211 7.85962 7.85962 
21.1206 8.76152 27.3829 18.7699 8.1055 7.92981 7.92981 
19.3926 10.0694 27.913 18.9658 7.94496 7.85712 7.85712 
14 14 14 14 14 14 14 
13.3969 14.5718 14.376 14.1802 12.9399 13.7885 15.7467 
14.7944 16.4313 16.1085 15.5608 13.8913 10.8673 11.8464 
15.3944 17.6732 16.8164 16.7512 12.7871 9.39747 10.9301 
15.3296 14.9114 20.8693 17.7214 12.9356 8.6707 9.43704 
13.363 15.7221 22.6337 18.8125 12.4871 8.26793 8.6511 
14.0728 14.3828 22.3603 20.015 12.6783 8.13397 8.32555 
14.4505 15.6001 21.2163 20.4957 12.0354 8.04528 8.14108 
12.8237 16.3908 21.8051 20.2865 11.8092 8.8489 8.02807 
11.5425 16.964 21.3503 21.0574 12.8076 8.34236 7.93194 
10.298 16.7125 20.0373 21.4341 14.3256 9.31521 7.87544 
9.50505 17.2578 20.7194 21.5125 13.6022 9.48715 7.91499 
9.15504 16.9098 20.8419 21.5529 13.929 9.6702 7.94072 
9.07752 16.8549 20.6209 21.8764 14.7645 8.8351 7.97036 
8.68856 17.8404 20.8368 22.173 13.3539 9.17464 7.93255 
8.33201 17.6114 20.4388 21.6182 13.8344 10.211 7.954 
9.65503 16.3905 20.6985 20.3899 13.8034 11.0935 7.96902 
9.82751 18.1953 21.0355 19.3126 13.1762 10.5468 7.90608 
8.82496 18.9285 20.4543 19.1701 13.9877 10.7702 7.86424 
9.33216 18.6008 19.8657 19.2236 14.9256 10.2044 7.84778 
8.59753 19.1794 20.1143 18.5836 15.4265 10.2433 7.85534 
9.29877 18.9514 18.8869 18.4407 15.5856 10.9727 7.86384 
9.86592 19.023 19.1876 17.8818 15.8637 10.3092 7.86893 
9.44198 19.5315 19.1128 17.0571 16.9499 10.0644 7.84228 
8.8792 17.4737 19.7998 17.7578 17.7041 10.5089 7.87652 
9.96228 17.7112 18.3812 18.2477 18.1223 9.69231 7.88303 
9.59488 17.5466 19.491 18.1367 17.3229 9.99637 7.91147 
9.6954 17.3447 19.9496 17.8439 17.7431 9.48798 7.93533 
9.50872 17.9944 18.7672 17.6084 18.9351 9.29908 7.88716 
9.86074 16.9759 18.4261 17.7404 19.1484 9.96869 7.87975 
9.5316 16.8724 18.62 18.1749 18.5722 10.3013 7.9276 
9.0545 17.432 19.038 20.1753 16.7129 9.64857 7.9387 
8.47735 17.7597 20.1219 21.1064 15.6329 8.98229 7.91945 
8.18059 16.9711 19.7083 22.2752 16.5302 8.43305 7.90164 
9.29863 17.0272 19.3333 20.9293 17.3276 8.17486 7.90915 
9.24333 17.3811 20.0299 19.5458 17.745 8.14726 7.90757 
9.35285 17.0777 20.3375 19.8804 16.0768 9.34245 7.93228 
10.163 17.6486 20.2102 18.0148 16.4235 9.64017 7.89989 
10.8755 17.8372 19.2253 18.664 15.4006 10.0776 7.9199 
10.2495 18.6466 18.8176 19.1647 16.0685 9.1183 7.93485 
9.09962 19.4697 18.7184 19.2058 15.6702 9.89388 7.94232 
9.92171 19.0324 18.8634 20.1401 14.7566 9.38909 7.89678 
9.29876 20.2468 19.4773 19.0883 13.9993 9.94568 7.94382 
8.57292 19.8819 20.6039 20.0069 13.4383 9.60061 7.89545 
9.5215 19.8769 20.131 19.8325 13.9841 8.7533 7.90072 
9.54246 21.269 20.3566 19.3757 12.5014 9.0544 7.90046 
9.66012 20.7456 19.5116 18.9101 13.9174 9.30498 7.95023 
9.04817 22.4098 19.3237 18.4057 14.0575 8.8706 7.88458 
9.60883 21.2685 21.1025 17.2537 13.4906 9.41411 7.86178 
8.89044 20.5267 21.0889 17.9817 13.7345 9.86835 7.90939 
8.36471 21.0684 21.6673 17.6773 13.4351 9.91299 7.87418 
10.4189 19.2439 21.6939 17.7634 12.9541 10.0103 7.91559 
10.3549 19.1298 21.0259 18.1658 13.8596 9.59126 7.87278 
9.74265 16.0866 23.2303 19.1916 14.4298 9.46954 7.84943 
10.8888 16.1396 24.416 17.4733 13.67 9.54878 7.86345 
10.0858 16.7196 22.4401 19.1797 14.7464 8.9938 7.83468 
10.8163 17.2923 21.1329 19.3938 13.9092 9.61672 7.83891 
9.53951 17.3326 21.7953 19.0189 14.158 10.3168 7.83895 
9.98252 17.8152 21.7487 18.6584 14.2066 9.73289 7.85564 
10.3484 18.5715 20.4332 20.5687 13.3008 8.85804 7.91942 
10.0129 19.0784 19.894 19.2705 14.4845 9.38294 7.87676 
10.1866 18.0977 20.6452 19.2073 14.6747 9.30859 7.87982 
10.8487 16.9625 20.2746 20.0353 15.1311 8.85094 7.89675 
11.8374 17.7204 20.6808 19.0394 13.6525 9.20808 7.86142 
9.85743 18.707 19.9684 19.2571 14.7037 9.63686 7.86944 
10.2739 17.8168 21.6769 18.2032 14.4788 9.71821 7.83227 
13.242 17.2417 19.5142 17.2066 15.801 9.08285 7.91157 
13.5099 16.732 18.8682 18.1589 16.2339 8.54142 7.95578 
14.9554 16.4525 18.7735 18.5327 14.7229 8.59873 7.96422 
13.7419 16.8823 18.8401 19.403 14.6507 8.51349 7.96844 
12.4142 16.9777 18.7327 18.9033 15.3076 9.68912 7.97535 
12.8196 18.2336 20.2712 17.4563 13.8023 9.48493 7.93199 
14.0938 19.3982 19.8759 16.0875 14.044 8.63857 7.8621 
13.2676 18.7367 20.3839 16.2597 14.299 9.13149 7.92166 
12.9113 20.3815 21.0951 14.958 13.7574 8.97103 7.92559 
12.6915 20.0547 21.5453 15.7557 13.5681 8.45377 7.93105 
11.6822 20.7002 21.7935 16.1145 13.1645 8.63524 7.90984 
10.2133 20.8882 21.6591 17.6985 13.1966 8.4656 7.87869 
9.73627 19.9349 20.899 18.6872 13.5428 9.32539 7.87453 
8.91906 18.8795 23.2967 19.1816 12.9056 8.9451 7.87245 
9.25405 19.5995 23.2922 18.4949 12.8455 8.58214 7.93166 
9.86088 19.5993 22.3365 18.4902 12.7702 9.07949 7.86338 
9.80572 20.684 22.6195 18.202 12.2808 8.508 7.89994 
11.593 20.9054 22.2252 16.378 12.7132 8.24461 7.94058 
11.0658 20.9913 21.4171 18.1422 12.3285 8.10357 7.95156 
10.6935 21.8489 21.3737 17.9014 12.3569 7.95087 7.87486 
10.8895 19.8159 20.5021 18.304 14.4925 8.13248 7.86353 
10.5729 20.3975 19.4585 19.525 14.1227 8.02894 7.89447 
9.83192 20.3662 20.4948 19.93 13.5207 7.96184 7.8946 
10.3277 19.2419 19.5415 19.4944 14.9956 8.45151 7.9473 
11.7071 18.3864 20.7584 17.7719 14.7818 8.6702 7.92427 
11.1463 19.5536 20.0639 17.3319 15.499 8.50177 7.90358 
11.2183 19.1086 20.631 18.3434 14.6619 8.16793 7.86884 
11.4564 18.8622 22.01 16.9282 14.8489 8.02191 7.87237 
11.4836 20.1025 21.077 16.9773 14.4988 7.96779 7.89302 
11.8198 20.2577 21.777 16.7455 13.6714 7.88298 7.84559 
11.6791 21.1865 20.7443 15.4641 15.129 7.90784 7.88914 
12.8107 19.2471 20.3481 17.1071 14.6558 7.92026 7.91092 
12.2727 19.7001 20.3781 15.9515 15.8738 7.91421 7.90954 
13.1938 18.1036 20.7154 17.6647 14.3962 8.02409 7.90214 
14.3974 17.8753 20.2042 16.3771 15.2544 7.97624 7.91526 
13.4789 19.2034 19.1601 17.8504 14.3905 7.97363 7.94314 
12.9894 19.5776 19.7964 17.8194 13.926 7.95316 7.93792 
12.4441 18.1433 22.4298 18.4034 12.7858 7.90063 7.89301 
12.623 17.405 22.4468 18.3804 13.277 7.93582 7.93201 
12.2668 15.8985 22.3897 18.8676 14.703 7.93813 7.93623 
13.5642 16.6394 21.5223 18.5018 14.0266 7.87335 7.8724 
13.4317 17.2711 22.6537 17.3072 13.2793 8.15662 7.90039 
15.4223 15.2276 22.5209 16.8625 13.9779 8.05841 7.9303 
16.1708 15.5683 23.2554 16.2596 12.9233 7.94335 7.87929 
16.0641 14.5661 23.7288 17.1723 12.5787 7.96104 7.92901 
16.1142 14.2693 24.3301 17.3533 12.0428 7.95312 7.93711 
17.3164 14.5421 22.7824 17.8124 11.7004 7.92718 7.91917 
17.1159 13.9875 23.9534 17.4883 11.5716 7.94369 7.93968 
18.558 12.8045 25.0848 17.1225 10.6507 7.89076 7.88876 
15.3243 14.2108 25.7666 18.7628 10.2372 7.84966 7.84866 
16.6095 14.3423 23.9359 19.1182 10.2502 7.8722 7.8717 
16.1582 14.3701 24.1407 20.5539 9.05178 7.8628 7.86255 
16.4345 15.1426 24.5372 18.4998 9.56568 7.91018 7.91006 
15.1466 15.7235 23.6816 18.6249 11.0328 7.89531 7.89525 
15.9287 14.7583 24.3077 18.7289 10.4236 7.92643 7.9264 
14.6654 15.4977 22.8497 20.3181 10.753 7.95806 7.95805 
12.7848 15.3286 23.7919 21.0633 11.0946 7.96839 7.96838 
12.3664 15.1968 23.7141 21.3109 11.5213 8.01017 7.8803 
13.0268 14.7213 22.8906 22.8063 10.7886 7.9157 7.85076 
14.2482 14.9573 22.0806 22.591 10.5048 7.82525 7.79278 
14.1416 15.2272 21.5666 22.699 10.6618 7.86 7.84376 
13.7462 16.645 21.6472 21.6898 10.5665 7.8567 7.84858 
12.4911 15.7663 24.4472 21.3786 10.199 7.86093 7.85688 
13.5015 13.8198 24.8885 22.9584 9.05727 7.88825 7.88622 
12.4326 14.2963 24.092 23.8372 9.50023 7.9214 7.92038 
11.866 14.069 24.3341 23.6418 10.2586 7.9155 7.91499 
12.8391 13.1119 24.598 23.0087 10.7923 7.82515 7.8249 
12.7576 13.0348 24.4117 22.772 11.3116 7.85624 7.85611 
12.311 11.3197 26.4714 24.2391 9.8931 7.88292 7.88286 
12.7344 11.7125 25.6041 23.6985 10.4729 7.88883 7.8888 
14.6305 10.338 24.8469 25.0145 9.43811 7.86598 7.86597 
13.5463 10.7921 25.3414 25.2732 9.27833 7.88436 7.88435 
12.6635 11.1495 26.2323 25.3763 8.74875 7.91478 7.91478 
13.3318 10.7176 27.5447 24.1167 8.37438 7.95739 7.95739 
14.0572 13.04 24.2072 23.5076 9.40458 7.89174 7.89174 
13.745 13.0871 25.3872 22.2016 9.92617 7.82647 7.82647 
14.0548 11.9303 25.1245 23.1174 10.2117 7.78064 7.78064 
13.7417 12.3937 25.1337 23.273 9.67728 7.89032 7.89032 
15.7204 11.6541 25.6937 21.2235 9.85339 7.92746 7.92746 
16.6102 11.1395 24.7218 22.018 9.77044 7.86998 7.86998 
15.8272 11.7645 25.7828 21.3335 9.45749 7.91729 7.91729 
15.1182 12.3664 27.0124 20.7532 9.05151 7.84914 7.84914 
16.9957 10.1269 27.7316 20.94 8.46942 7.86823 7.86823 
17.0693 10.6349 26.8658 20.8986 8.66328 7.93411 7.93411 
17.5583 11.8263 24.9714 21.396 8.32572 7.96114 7.96114 
17.9406 11.3479 26.7714 20.1701 8.04485 7.86256 7.86256 
18.0612 11.5831 25.3554 21.1456 8.11333 7.87067 7.87067 
18.2206 9.84137 25.2945 23.0339 7.95075 7.82942 7.82942 
16.3341 11.0113 25.8201 23.1317 7.94138 7.88071 7.88071 
16.8561 9.46908 26.0198 23.9134 7.9341 7.90377 7.90377 
14.5864 10.3064 26.4996 24.2734 8.51251 7.91083 7.91083 
14.4569 10.5626 26.8463 24.125 8.20362 7.90278 7.90278 
14.3291 9.57122 27.4764 24.3406 8.39175 7.94547 7.94547 
15.1156 9.83148 27.1939 23.3324 8.63013 7.94827 7.94827 
15.9439 9.34612 26.8881 23.6915 8.27076 7.92983 7.92983 
15.6642 9.51636 25.2674 24.3814 9.26358 7.95352 7.95352 
16.2677 8.74591 24.7503 25.6876 8.61952 7.96449 7.96449 
17.1661 10.0181 23.6655 24.1341 9.30976 7.85321 7.85321 
16.2264 10.4231 26.0047 22.2581 9.27272 7.9075 7.9075 
17.5443 9.10375 26.9245 21.9075 8.82797 7.84596 7.84596 
15.7455 9.89312 27.1121 22.8232 8.86503 7.78055 7.78055 
15.8015 8.83006 26.501 25.0038 8.31601 7.77377 7.77377 
15.103 9.12417 27.1009 24.5518 8.59014 7.765 7.765 
15.9871 8.54981 26.5873 24.8526 8.2828 7.87023 7.87023 
15.6747 8.91259 27.6415 23.2959 8.77908 7.84816 7.84816 
16.1951 8.41524 28.3369 22.9382 8.34848 7.88302 7.88302 
17.3305 8.61103 27.9468 22.1225 8.15151 7.91878 7.91878 
18.9996 8.25688 27.1953 21.6996 8.02713 7.91076 7.91076 
19.2666 10.1051 26.4256 20.4708 7.94942 7.89124 7.89124 
20.8725 9.51942 24.8843 21.1864 7.8652 7.83611 7.83611 
20.0572 9.71598 24.687 20.9431 8.88887 7.85392 7.85392 
19.7256 8.79738 26.1314 21.2291 8.38383 7.86635 7.86635 
17.3408 9.67728 26.2622 22.7846 8.15086 7.89212 7.89212 
