5 80000 300 266
14 14 14 14 14 14 14 
12.812 16.4017 17.6838 13.9231 13.9231 12.8974 11.359 
14.5075 17.0388 16.8615 15.7995 13.7537 11.3587 10.1803 
12.7135 18.7685 17.9135 15.8499 14.7312 10.756 9.01736 
11.0836 19.4683 18.4105 16.8535 15.1387 10.42 8.50027 
11.0528 19.0528 19.3255 17.044 15.6856 9.61882 8.15795 
11.3527 18.6366 20.0441 17.3144 15.6818 8.94077 7.99847 
9.66794 20.4527 21.9968 16.9555 14.0384 8.88215 7.99083 
8.88803 21.2302 22.871 16.4893 14.162 8.3986 7.95294 
8.63688 20.1539 22.1273 17.5738 15.2571 8.28735 7.9597 
8.8359 20.0359 21.0226 19.3619 14.7127 8.14778 7.88129 
8.9827 20.846 20.1716 18.492 15.212 8.42633 7.86846 
8.6759 19.5432 22.4249 18.3662 14.9021 8.18312 7.90419 
8.32118 21.302 21.2753 18.0929 14.579 8.49408 7.93532 
8.09317 19.415 21.4242 19.2712 14.8176 9.0785 7.90024 
8.58222 18.1308 20.9713 18.8149 16.588 8.9669 7.9458 
9.26947 16.533 20.8752 20.6628 16.4109 8.37955 7.86901 
8.69794 15.9414 22.0629 20.7152 16.5576 8.14011 7.88484 
8.90363 13.4363 25.5051 21.0863 15.1614 8.01743 7.88979 
8.36302 15.2805 23.5348 21.8539 14.9803 8.13133 7.8561 
8.09455 15.575 22.9631 23.2096 13.9032 8.41349 7.84109 
7.95848 16.7727 22.4752 23.0213 13.8226 8.11795 7.83175 
7.91797 16.4826 23.382 22.561 13.257 8.54475 7.85461 
9.03298 18.2836 21.7333 22.4856 12.4425 8.18358 7.83851 
8.76486 15.8956 23.3939 24.0968 11.6679 8.34016 7.84082 
8.30597 16.4991 23.4676 24.2214 11.5683 8.09362 7.84395 
8.21548 16.6871 25.1713 22.3191 11.7217 8.00514 7.88031 
8.10774 14.3435 26.5856 23.9831 11.0373 8.00257 7.94015 
8.58019 15.8033 24.556 23.3599 11.6239 8.10655 7.97008 
8.82596 14.7582 24.5143 22.8614 13.1959 7.95623 7.88799 
8.58905 13.6996 26.5912 22.0402 13.2571 7.92845 7.89433 
8.65694 14.7917 25.5999 21.7583 13.4518 7.87922 7.86216 
8.62032 15.5503 24.9244 20.7504 14.3439 7.90956 7.90104 
8.48575 15.6981 25.7384 20.6536 13.596 7.91624 7.91197 
9.19783 14.6058 25.2566 21.5881 13.5547 7.89956 7.89743 
10.0535 14.5756 25.2419 21.7031 12.5728 7.92705 7.92599 
10.3555 14.4307 24.4124 23.0965 11.7286 8.04516 7.93125 
9.33507 13.9569 24.4534 24.4696 11.9317 7.95516 7.89821 
8.94307 13.0355 24.4595 25.8927 11.9041 7.89682 7.86834 
9.10116 13.115 24.151 25.3306 12.5493 7.8836 7.86936 
8.67206 13.9327 23.6807 26.0059 12.023 7.84635 7.83923 
8.54889 14.2834 23.9246 24.8655 12.5525 7.91431 7.91075 
9.54967 14.0225 23.8889 24.474 12.3542 7.85624 7.85446 
8.75714 12.5422 25.5507 24.737 12.5931 7.91042 7.90953 
8.80335 14.2357 24.3904 25.311 11.385 7.93751 7.93707 
8.37364 15.6459 24.2279 24.5714 11.3 7.94072 7.9405 
8.122 16.1563 23.2251 25.5959 11.0898 7.90554 7.90543 
8.9417 16.4295 22.2416 25.2708 11.4017 7.85733 7.85727 
8.57883 17.0176 23.0926 24.1378 11.2173 8.03664 7.91925 
9.45373 16.1379 22.6965 23.1017 12.6509 8.00893 7.95023 
8.80176 15.7782 24.1236 22.7844 12.2726 8.29962 7.93987 
8.82007 16.475 23.1729 23.2609 12.1969 8.19021 7.88408 
8.99719 18.0999 24.0865 20.9194 11.603 8.45291 7.84112 
9.77949 17.1398 24.1781 21.4709 11.4195 8.15904 7.85315 
10.5349 16.5192 24.1858 22.3714 10.5485 7.99657 7.84362 
11.4286 15.3686 23.2303 22.3231 11.9093 7.90824 7.83176 
11.7937 15.1285 22.5333 23.3204 11.4137 7.92434 7.88611 
11.0978 14.42 23.7962 22.7713 12.208 7.86288 7.84376 
10.0838 15.3495 24.8051 23.0136 10.9877 7.88493 7.87537 
10.0544 16.8226 25.3098 21.1559 11.0077 7.82718 7.8224 
9.47166 15.8558 27.0993 21.8002 9.94827 7.91359 7.9112 
10.0116 16.3212 24.4609 23.49 9.8902 7.91363 7.91243 
9.8058 14.1606 24.7638 25.745 9.61177 7.95681 7.95622 
10.9562 13.981 25.0938 24.3737 9.6485 7.97356 7.97327 
12.5325 12.8073 27.8934 21.5928 9.2797 7.94718 7.94703 
11.678 13.4625 26.7702 21.8552 10.2869 7.97359 7.97351 
11.5153 14.2192 27.3948 20.1064 10.8198 7.9723 7.97226 
11.1597 14.1448 27.2652 21.4853 10.1838 7.88062 7.8806 
12.5995 12.9837 26.1942 22.8116 9.64853 7.8812 7.88119 
12.9664 13.2919 25.2304 21.9392 10.5576 8.07393 7.94059 
11.952 14.0678 25.5058 22.2977 10.2267 8.07342 7.87655 
11.641 16.5167 24.945 20.2622 10.7784 7.9776 7.87916 
10.5043 17.3918 24.1821 20.7868 11.244 7.97006 7.92084 
10.4109 15.3097 25.4508 22.0336 10.7807 8.08556 7.92868 
10.9496 14.4433 25.2581 22.1134 11.3956 7.95923 7.88079 
9.43162 14.296 26.8976 22.5675 10.9736 7.93645 7.89723 
8.66643 14.8023 26.2883 24.1233 10.3016 7.91884 7.89923 
10.3816 13.0463 28.3323 22.9487 9.58628 7.85727 7.84747 
10.6032 12.9665 26.6662 25.1342 8.78799 7.92348 7.91858 
10.7561 12.717 26.5798 25.5541 8.67971 7.85784 7.85539 
10.9632 13.5393 24.7261 25.543 9.39305 7.91828 7.91706 
9.98396 13.0493 25.9886 25.2123 10.0283 7.86909 7.86848 
10.8121 12.3448 26.7509 24.9077 9.37922 7.9028 7.90249 
10.5376 12.6197 25.3492 25.6118 10.0843 7.89877 7.89862 
9.46634 11.4951 27.8598 26.3861 8.99279 7.9 7.89993 
10.8829 10.9614 28.2347 25.7599 8.50709 7.82701 7.82697 
10.8469 11.5618 27.6309 25.3124 8.98327 7.83242 7.8324 
10.8498 10.9489 27.7689 26.4805 8.36761 7.79218 7.79217 
11.143 9.86273 29.044 26.0062 8.17316 7.88545 7.88545 
11.8215 11.4418 27.6731 25.1125 8.25325 7.84898 7.84897 
12.1102 12.9985 26.505 24.6856 8.03498 7.83284 7.83284 
11.2811 12.149 27.8005 25.0547 7.97229 7.87122 7.87122 
11.1807 12.3072 27.4737 25.1312 8.27978 7.81373 7.81373 
11.643 11.4167 27.2895 25.8551 8.08726 7.85423 7.85423 
11.2479 10.6179 27.2106 26.6226 8.69479 7.80309 7.80309 
10.1057 10.9112 28.7314 25.7763 8.82919 7.82311 7.82311 
11.2866 11.8192 26.7033 25.4856 9.08992 7.80766 7.80766 
12.5005 10.6239 27.066 25.4571 8.54496 7.90383 7.90383 
11.6122 11.7463 26.9378 24.5248 9.50036 7.83931 7.83931 
12.698 11.6839 25.9013 24.83 9.20964 7.83858 7.83858 
11.3343 12.0003 27.1735 25.1716 8.56376 7.87823 7.87823 
10.4486 12.0111 27.1114 25.2907 9.33653 7.90086 7.90086 
11.0254 10.4254 28.1966 25.905 8.81191 7.81784 7.81784 
11.8957 11.7287 26.4653 25.3195 8.79425 7.89828 7.89828 
11.2249 11.1414 26.6891 26.7759 8.35491 7.90692 7.90692 
12.2791 11.3678 26.388 25.4169 8.81514 7.86651 7.86651 
13.1033 10.1407 26.9823 24.8254 9.28222 7.83297 7.83297 
12.848 9.63826 28.1825 25.0053 8.59173 7.8671 7.8671 
11.8457 9.48781 29.0009 25.1533 8.81394 7.84921 7.84921 
12.0853 9.08564 28.2259 26.5822 8.32854 7.84618 7.84618 
13.1499 8.53284 27.704 26.6328 8.15429 7.91311 7.91311 
12.3785 8.73071 28.7329 26.4116 8.095 7.8256 7.8256 
13.7421 9.19919 27.8106 24.6862 8.88134 7.84029 7.84029 
14.1881 8.80014 28.6749 24.1317 8.50571 7.84969 7.84969 
13.862 9.37244 28.0115 25.0493 8.12026 7.79225 7.79225 
12.9961 9.86374 28.5028 24.359 8.498 7.89021 7.89021 
13.5602 9.73413 28.5169 24.1851 8.2038 7.89991 7.89991 
14.5266 8.81073 29.3289 23.3602 8.18641 7.89361 7.89361 
14.8621 8.35673 28.6462 24.1421 8.19655 7.89818 7.89818 
15.043 8.35747 27.6067 25.2054 8.12812 7.82968 7.82968 
15.385 8.77814 26.563 25.8074 7.92163 7.77241 7.77241 
14.7047 8.35249 26.8486 26.4708 7.92423 7.84962 7.84962 
14.4094 8.38045 28.7396 24.9471 7.86602 7.82871 7.82871 
14.0229 9.19022 28.7637 24.4433 7.8724 7.85375 7.85375 
15.7135 8.8724 27.8037 23.8735 7.9185 7.90918 7.90918 
17.0375 8.81473 25.9075 24.5074 7.91405 7.90939 7.90939 
16.2745 8.69779 28.1353 22.9798 8.08244 7.91509 7.91509 
16.1192 8.26456 29.1279 22.7851 7.95688 7.87321 7.87321 
15.4509 8.19025 28.0422 24.7259 7.89148 7.84965 7.84965 
16.0588 8.48109 28.0562 23.7664 7.89311 7.87219 7.87219 
18.3792 9.05104 28.4596 20.4838 7.88242 7.87196 7.87196 
21.7636 8.66753 26.8038 18.9697 7.93529 7.93006 7.93006 
22.26 8.82095 30.0685 15.4143 7.8138 7.81118 7.81118 
22.2411 8.2685 30.4664 15.1146 8.38221 7.76362 7.76362 
23.0541 8.06174 28.9794 16.1676 8.1186 7.8093 7.8093 
22.3173 7.98224 28.4715 17.5063 8.01067 7.85602 7.85602 
21.2451 7.88161 28.645 18.6955 7.89582 7.8185 7.8185 
22.1377 8.33474 27.2013 18.7417 7.88731 7.84864 7.84864 
22.4121 8.04797 27.332 18.7738 7.82425 7.80492 7.80492 
22.6123 8.08648 27.1035 18.2932 8.28712 7.80871 7.80871 
20.3152 8.0973 27.816 20.1075 8.04747 7.80826 7.80826 
19.9707 7.94273 28.2382 20.3341 7.91781 7.79821 7.79821 
19.3704 9.47298 28.035 19.5522 8.00421 7.7826 7.7826 
19.4117 8.99181 27.0874 20.5664 8.25743 7.84267 7.84267 
18.7295 9.67342 28.9283 18.7151 8.1228 7.91542 7.91542 
20.0254 8.74061 27.9777 19.5678 7.9653 7.86161 7.86161 
19.5902 8.31397 27.3691 21.0515 7.92631 7.87447 7.87447 
19.8841 8.90476 27.7795 20.0213 7.82072 7.7948 7.7948 
20.3922 8.3109 28.1984 19.8177 7.76888 7.75592 7.75592 
21.2371 8.09867 28.2948 18.8994 7.82766 7.82118 7.82118 
23.0389 8.03023 26.4085 18.8446 7.89472 7.89148 7.89148 
22.0626 8.16847 29.3385 16.6108 7.94097 7.93935 7.93935 
22.3606 8.01173 27.5091 18.4262 7.89798 7.89717 7.89717 
20.7517 8.00586 26.8974 20.4988 7.94899 7.94858 7.94858 
20.3138 7.88492 27.1133 21.119 7.85648 7.85628 7.85628 
20.6507 7.80048 28.5258 19.6644 7.78627 7.78616 7.78616 
21.1362 7.9543 27.9266 19.592 7.79704 7.79699 7.79699 
20.5681 7.8834 28.4945 19.6397 7.80477 7.80474 7.80474 
21.6259 7.93531 27.0268 19.724 7.89599 7.89598 7.89598 
21.4926 7.85115 28.4001 18.2763 7.9933 7.83149 8.15511 
21.417 8.04143 28.3769 18.2845 7.96007 7.87916 8.04097 
22.1031 7.93228 29.3245 16.9654 7.8916 7.85114 7.93205 
20.7192 8.19575 29.919 17.5461 7.87329 7.85306 7.89352 
23.0484 8.02537 28.2526 17.0812 7.86414 7.85402 7.87425 
25.3679 7.92148 27.6442 15.5439 7.84086 7.83581 7.84592 
26.0401 8.41279 27.8632 14.1076 7.85879 7.85626 7.86132 
28.2374 8.39894 27.7515 12.178 7.81138 7.81012 7.81265 
28.4279 8.47579 29.1718 10.3653 7.85306 7.85243 7.85369 
29.9607 8.134 29.3586 9.07876 7.82263 7.82232 7.82295 
28.6312 8.51144 30.3936 8.8251 7.87957 7.87941 7.87973 
26.2058 8.21914 31.6602 10.2052 7.9032 7.90312 7.90328 
24.8676 8.59873 29.9168 13.1522 7.82157 7.82153 7.82161 
26.4717 8.24258 28.3653 13.3584 7.854 7.85398 7.85402 
26.4381 9.87972 27.104 12.9994 7.85959 7.85958 7.8596 
27.3216 8.78601 27.6546 12.91 7.77595 7.77594 7.77595 
27.4973 8.48106 28.6072 11.9581 7.81879 7.81879 7.81879 
26.883 8.12113 29.826 11.8 7.78999 7.78999 7.78999 
27.2553 7.96447 28.1262 13.2573 7.7989 7.7989 7.7989 
29.2225 7.84075 28.3718 11.291 7.75797 7.75797 7.75797 
31.0765 7.84787 27.63 10.0262 7.80648 7.80648 7.80648 
29.4819 7.8676 30.153 8.95676 7.8469 7.8469 7.8469 
30.8006 7.90731 29.1494 8.45189 7.89696 7.89696 7.89696 
29.4744 8.02773 30.6858 8.11483 8.02255 7.83737 7.83737 
27.7109 8.53281 31.0863 9.01368 7.94714 7.85454 7.85454 
26.7948 8.899 30.5591 9.93815 7.96718 7.92088 7.92088 
27.513 8.36106 30.5857 9.90105 7.89515 7.87201 7.87201 
27.3929 8.17502 30.5821 10.0469 7.94207 7.93049 7.93049 
27.52 8.0581 29.7028 10.9058 7.94162 7.93583 7.93583 
27.9413 7.97642 28.0093 12.3243 7.91818 7.91529 7.91529 
27.1974 8.05798 28.6849 12.4121 7.88351 7.88206 7.88206 
28.6589 7.94465 27.1436 12.682 7.85742 7.85669 7.85669 
28.2718 7.97874 29.5975 10.6679 7.93512 7.7745 7.7745 
28.652 7.86034 30.4439 9.68879 7.83853 7.75822 7.75822 
29.1948 7.86603 30.6738 8.78026 7.85512 7.81497 7.81497 
29.2939 7.92662 30.3529 8.70323 7.92117 7.90109 7.90109 
30.8328 7.80947 29.7598 8.19777 7.80674 7.7967 7.7967 
28.7687 8.02405 31.4992 8.07616 7.88064 7.87562 7.87562 
27.2242 7.93952 31.4596 9.77826 7.86781 7.8653 7.8653 
28.291 7.94529 29.4913 10.5466 7.90944 7.90819 7.90819 
28.0849 7.91204 29.2911 11.0309 7.89411 7.89349 7.89349 
28.0775 7.90339 28.6806 11.6558 7.89443 7.89411 7.89411 
27.8796 7.93093 28.3542 11.7103 8.27247 7.92629 7.92629 
27.7272 7.95218 29.9578 10.3402 8.12295 7.94986 7.94986 
27.393 7.94668 30.126 9.87597 8.76736 7.94552 7.94552 
26.2347 7.94887 28.8244 12.7362 8.35921 7.94829 7.94829 
27.1799 7.88069 29.256 11.8368 8.08586 7.8804 7.8804 
27.2677 8.19566 28.9137 11.8455 7.9943 7.89157 7.89157 
27.7162 8.05353 29.172 11.3025 7.95284 7.90148 7.90148 
29.2312 7.90736 28.1681 11.1736 7.85702 7.83134 7.83134 
30.2498 7.93598 27.6534 10.4541 7.91081 7.89797 7.89797 
29.9285 7.89548 27.5729 10.2119 8.63818 7.87648 7.87648 
29.1978 7.77986 30.3923 8.93808 8.15121 7.77036 7.77036 
30.0751 7.80149 30.1621 8.38061 7.98717 7.79674 7.79674 
29.9948 7.88935 29.1836 9.17606 7.98219 7.88698 7.88698 
29.0868 7.89657 30.0557 9.2272 7.94298 7.89538 7.89538 
30.2446 7.9117 29.5096 8.57702 7.93491 7.9111 7.9111 
30.6343 7.87151 28.9114 8.95718 7.88312 7.87121 7.87121 
29.4238 8.01099 30.1297 8.86731 7.86005 7.8541 7.8541 
30.0144 7.92009 30.1894 8.34824 7.84462 7.84164 7.84164 
30.1306 7.81807 30.6811 8.03215 7.78033 7.77885 7.77885 
28.3306 7.84489 31.9586 8.38925 7.82603 7.82528 7.82528 
28.4291 7.91018 29.1695 10.7897 7.90074 7.90037 7.90037 
29.574 8.53025 28.4736 9.80662 7.87194 7.87175 7.87175 
30.9775 8.23338 28.2051 8.87157 7.90422 7.90413 7.90413 
31.2782 7.98666 28.8084 8.30575 7.97688 7.82203 7.82203 
30.7906 7.93272 29.4042 8.24379 7.92783 7.85041 7.85041 
31.2311 8.9517 28.0452 8.08084 7.92286 7.88415 7.88415 
29.6155 8.47585 30.0226 8.04042 7.96143 7.94207 7.94207 
30.3596 8.08408 30.2287 7.86636 7.82687 7.81719 7.81719 
29.6658 8.24765 30.0676 8.13879 8.27481 7.80268 7.80268 
28.8954 8.03007 30.3463 9.06939 8.04365 7.80759 7.80759 
27.7065 8.80737 30.0294 9.64652 8.01544 7.8974 7.8974 
28.7571 8.41009 29.1173 10.272 7.85387 7.79486 7.79486 
26.8785 8.41557 30.8744 10.2676 7.8743 7.8448 7.8448 
26.7323 8.13528 30.2408 11.3271 7.86464 7.84989 7.84989 
27.8566 8.04853 30.407 9.96293 7.91321 7.90584 7.90584 
26.8264 8.16439 30.1717 11.0324 7.9375 7.93381 7.93381 
25.9908 7.96418 28.7504 13.746 7.85074 7.84889 7.84889 
26.8036 7.90651 26.2938 15.4486 7.84979 7.84886 7.84886 
25.3472 7.87817 29.0172 14.2089 7.84981 7.84935 7.84935 
24.085 7.99314 30.2744 13.8612 8.12911 7.82858 7.82858 
25.0519 8.38528 28.1466 14.7676 7.98305 7.83278 7.83278 
26.1905 8.07463 27.1168 15.1478 7.87351 7.79838 7.79838 
24.3379 9.21483 27.3158 14.9703 8.37463 7.89327 7.89327 
25.524 8.51621 27.9901 14.1627 8.09611 7.85543 7.85543 
26.9287 8.2581 27.4951 13.4147 8.04805 7.92772 7.92772 
28.4475 8.67451 28.0573 11.2528 7.89608 7.83591 7.83591 
29.5268 8.57968 27.968 10.3234 7.88743 7.85735 7.85735 
30.4777 8.25809 27.9523 9.60613 7.91197 7.89693 7.89693 
30.3951 8.0353 29.1324 8.86556 7.86224 7.85471 7.85471 
29.0174 7.89964 31.0258 8.62533 7.81311 7.80934 7.80934 
28.7062 7.80784 30.945 9.25094 7.76458 7.7627 7.7627 
29.3223 7.76195 30.2873 9.2551 7.89463 7.73937 7.73937 
29.0077 7.85825 28.78 10.7355 7.92459 7.84696 7.84696 
27.7171 7.83303 28.8044 12.1245 7.8662 7.82738 7.82738 
27.8522 8.00456 27.4525 13.1377 7.86392 7.84451 7.84451 
27.7698 7.91108 29.3614 11.4549 7.84075 7.83105 7.83105 
29.6661 7.86179 29.3682 9.63368 7.82663 7.82177 7.82177 
30.1064 8.11096 29.7967 8.67536 7.77183 7.76941 7.76941 
29.1558 7.90163 31.565 8.18383 7.73207 7.73086 7.73086 
30.7116 7.87524 29.736 8.30703 7.79045 7.78985 7.78985 
31.7596 8.03856 28.5904 8.09673 7.83844 7.83814 7.83814 
31.2644 7.86544 29.1553 8.419 7.76538 7.76522 7.76522 
29.8746 8.02363 30.1837 8.45192 7.82208 7.82201 7.82201 
28.4723 7.99271 31.6524 8.20685 7.89193 7.89189 7.89189 
28.8588 8.0844 31.235 8.03424 8.03402 7.87677 7.87677 
28.132 8.12383 32.0898 7.95298 7.95287 7.87424 7.87424 
14 14 14 14 14 14 14 
11.2925 13.5978 16.4595 16.38 12.7234 16.6184 11.9285 
14.4073 15.4715 18.9377 15.1811 11.3174 13.7959 10.389 
13.7131 15.7546 21.733 15.8925 11.4134 12.0867 9.15677 
12.8369 16.4067 21.8469 17.6521 11.0008 11.6316 8.49995 
12.3781 18.3044 23.9537 15.1897 11.056 10.8663 8.18937 
13.0784 17.2941 22.4153 17.1982 11.2691 10.6523 8.06128 
11.847 15.7596 23.8403 18.5779 11.7917 10.2094 7.95845 
10.9235 16.9224 22.4521 19.3953 13.1299 9.25364 7.9154 
10.1526 15.9239 24.5523 20.0388 11.7888 9.63748 7.90226 
9.04625 15.3654 26.3319 19.4615 12.6541 9.21788 7.92109 
8.46504 15.6702 24.9917 20.9341 12.8623 9.17326 7.90245 
8.88368 15.9747 25.0751 21.0379 12.3508 8.81496 7.86243 
8.44184 15.1452 26.5376 20.7295 11.8596 9.35485 7.93122 
10.2916 15.8508 24.1959 20.6296 11.6693 9.42356 7.93912 
9.71958 16.2414 23.3246 22.373 11.7598 8.66188 7.91966 
8.85979 17.2318 23.7734 22.5198 10.6577 8.99761 7.95983 
8.35146 16.1322 24.1961 24.5497 10.3397 8.52931 7.90148 
8.15423 16.7758 24.4636 23.3501 10.9763 8.35067 7.92924 
9.30724 17.3837 23.6335 22.8675 10.7183 8.15023 7.93951 
8.65362 17.955 22.9746 23.3285 10.6223 8.49617 7.96976 
9.64134 16.6782 24.0687 21.4256 12.1441 8.15264 7.88943 
10.5729 15.8612 23.8706 20.7792 12.7092 8.27986 7.92702 
9.45311 15.7431 24.9561 21.7438 12.0838 8.09826 7.92184 
8.69481 15.3545 25.63 20.5091 13.865 8.01739 7.92918 
8.69523 17.0251 25.8585 19.385 13.2369 7.92174 7.87763 
8.85108 16.0183 25.0539 20.316 13.7778 8.11791 7.86491 
9.59795 15.1212 24.3804 20.9339 13.8932 8.15378 7.91953 
9.94604 14.2833 25.4255 21.1812 12.934 8.27857 7.95136 
9.64393 14.9973 24.4962 21.3125 13.1549 8.49173 7.90349 
8.74806 14.7735 25.7585 22.8964 11.5428 8.40291 7.87784 
8.57858 15.3413 25.6065 23.1528 11.2259 8.17873 7.91619 
9.34192 15.6706 24.5927 24.208 10.1393 8.08936 7.9581 
9.32728 15.485 24.9349 23.9665 10.2803 8.03581 7.97018 
9.16814 16.5263 24.6296 22.9067 10.8834 7.95935 7.92653 
9.11971 15.4986 24.7338 23.3324 11.1652 8.19134 7.95895 
8.48362 16.4937 26.3804 22.3164 10.2911 8.13154 7.90324 
8.18918 15.5435 27.0658 22.4022 10.4087 8.49161 7.89899 
8.02472 14.2128 26.5242 24.8474 10.3354 8.17594 7.87963 
9.54333 14.5179 23.9922 24.9237 11.0305 8.07027 7.92211 
10.2541 15.7019 24.2768 23.5364 10.3398 7.9825 7.90843 
10.139 16.2042 23.2362 23.582 11.0172 7.9292 7.89216 
8.98449 16.7151 22.9157 25.6613 9.98286 7.87959 7.86107 
8.39468 16.8941 22.5554 24.7819 11.089 8.45199 7.83297 
8.7428 18.3753 23.1198 22.5584 11.1665 8.17336 7.86386 
9.5024 15.6287 23.8961 22.3054 12.7885 8.01681 7.86206 
9.76259 15.6731 22.9959 23.1117 12.5446 7.99474 7.91736 
8.81143 15.4785 23.1792 23.6738 12.7133 8.25501 7.88881 
8.98993 13.9226 25.6621 23.9904 11.4739 8.07207 7.88897 
10.0627 13.5115 25.9315 22.148 12.5055 7.96617 7.87462 
8.95509 13.7064 28.6608 21.7242 11.1855 7.90685 7.86107 
9.81524 11.7552 30.3435 21.8643 10.4947 7.87499 7.85211 
10.4632 11.4331 28.4568 23.0094 10.6821 8.04378 7.91156 
10.2992 12.2481 28.5302 22.6534 10.4086 7.96333 7.89722 
10.7834 11.171 30.2275 21.1858 10.7208 7.97228 7.93922 
11.2159 11.4097 27.7511 23.56 10.1955 7.94218 7.92565 
11.6873 11.0398 28.1436 23.0703 10.1846 7.94131 7.93305 
11.1503 12.0058 26.8076 24.0351 10.281 7.86217 7.85803 
11.0276 11.4553 26.7449 23.9665 11.057 7.8754 7.87333 
11.6224 12.0625 26.2684 23.8611 10.3927 7.89698 7.89594 
11.5013 13.7794 24.6354 23.0686 11.1286 7.94365 7.94313 
10.8819 13.095 25.4442 23.7061 10.9342 8.0291 7.90951 
10.9709 13.1143 26.547 23.1434 10.421 7.9316 7.87181 
10.6137 13.5502 26.6768 22.7605 10.5718 7.9285 7.89861 
11.2104 12.9197 26.8324 21.9827 11.069 8.06064 7.92521 
11.6942 12.6659 25.4771 22.2325 11.9748 8.01158 7.94387 
12.2452 13.442 24.7054 21.8983 11.9116 7.91574 7.88189 
11.8333 15.4773 22.8857 22.6243 11.4126 7.89188 7.87495 
10.9769 16.5338 23.1296 22.5169 11.0075 7.92184 7.91338 
10.7384 16.5169 24.0648 21.5085 11.2538 7.96092 7.95669 
10.6131 17.8926 24.1056 19.7786 11.8464 7.8829 7.88078 
9.52343 16.8981 24.101 22.1785 11.4654 7.91735 7.9163 
8.92838 17.0428 25.4619 22.2872 10.5504 7.86493 7.8644 
9.41343 16.897 23.5178 22.1842 12.2549 7.86647 7.86621 
10.4062 14.9252 25.2304 23.1387 10.6611 7.81925 7.81911 
10.325 15.0236 24.0786 23.8864 11.0623 7.81206 7.812 
9.38089 14.3356 23.8259 25.5909 11.1143 7.87625 7.87622 
9.40742 13.6368 25.6596 25.7334 9.8698 7.84648 7.84647 
9.12632 14.3123 26.2205 25.5203 9.1118 7.85445 7.85444 
8.558 14.7592 25.6102 26.0333 9.19508 7.92207 7.92206 
9.75845 12.9961 25.2709 25.6194 10.351 8.07062 7.93363 
10.3383 14.1903 25.4146 23.2315 10.8827 8.00553 7.93704 
10.6968 15.1354 25.7726 22.9223 9.7127 7.89724 7.86299 
10.7468 13.9944 25.4827 24.7002 9.22653 7.9332 7.91607 
10.6437 13.8891 26.9305 23.4312 9.34299 7.88552 7.87696 
10.248 14.9495 25.9037 23.9077 9.22815 7.88365 7.87936 
10.3669 13.2292 26.5068 24.9973 9.08978 7.90602 7.90388 
10.7944 12.2256 27.8419 22.7231 10.5299 7.94303 7.94196 
11.8693 12.458 26.6113 23.2905 9.96039 7.90553 7.90499 
12.0458 12.6179 27.1946 22.4786 9.70242 8.11943 7.84138 
11.6808 12.0984 28.992 21.8972 9.45647 8.00708 7.86806 
11.2424 10.3206 30.5764 23.5114 8.62271 7.89801 7.8285 
11.0413 10.8513 27.7543 25.5768 9.0539 7.87855 7.84379 
10.8674 10.628 27.75 26.0832 9.00672 7.84101 7.82363 
10.1956 11.3364 29.2812 25.0864 8.42493 7.84207 7.83338 
11.0775 10.5028 28.1266 26.0292 8.53816 7.86506 7.86071 
11.5154 10.645 26.8913 25.9884 9.22535 7.86839 7.86622 
12.2474 10.6322 27.3099 24.6461 9.33244 7.9165 7.91541 
12.7248 9.8105 29.2449 23.559 8.8797 7.89083 7.89029 
11.872 10.9659 28.672 24.1762 8.43434 7.93991 7.93963 
13.0789 9.63877 29.0113 24.0362 8.50289 7.86606 7.86592 
12.4295 10.1859 28.7727 23.9291 8.96348 7.85973 7.85966 
12.4647 9.61422 28.3491 25.2624 8.4711 7.91923 7.91919 
12.873 9.88523 25.7631 26.1729 9.57409 7.86586 7.86585 
12.4254 11.6279 24.9985 25.8998 9.38315 7.83265 7.83264 
12.7876 11.3185 26.2607 24.4178 9.43163 7.89186 7.89186 
13.3801 9.63186 27.6509 23.9897 9.51034 7.91853 7.91853 
14.4804 9.49015 27.7065 23.7512 8.72117 7.92527 7.92527 
15.3047 9.1439 27.7829 22.8727 9.05267 7.92158 7.92158 
13.5695 8.86189 28.5364 24.602 8.52042 7.95487 7.95487 
12.8927 8.83436 28.3307 25.7953 8.23748 7.95471 7.95471 
12.8749 8.70289 28.7368 25.612 8.11874 7.97735 7.97735 
13.1539 9.27682 28.3982 25.4925 7.93997 7.86927 7.86927 
13.459 10.2564 27.2609 24.9654 8.32392 7.86722 7.86722 
13.3863 10.1578 29.163 23.2815 8.15604 7.92769 7.92769 
12.6086 9.02255 29.6519 24.8802 8.02168 7.90751 7.90751 
13.0067 8.39868 29.5713 24.7725 8.56848 7.84115 7.84115 
13.7457 9.07399 28.0168 24.9211 8.60179 7.8203 7.8203 
13.2992 8.45549 28.742 25.6267 8.21939 7.82864 7.82864 
13.2952 8.18344 28.4533 26.2627 8.06539 7.87002 7.87002 
13.7705 8.42133 30.1484 24.0252 7.94331 7.84562 7.84562 
13.9858 9.53611 29.4233 23.2552 7.96574 7.91689 7.91689 
13.6497 9.94557 28.7649 23.7578 7.97695 7.95253 7.95253 
14.0851 9.63032 28.629 23.7967 7.96108 7.94887 7.94887 
14.6773 8.70737 28.3864 24.6229 7.87275 7.86665 7.86665 
15.6227 8.34777 26.3234 25.9209 7.93046 7.92741 7.92741 
15.3642 9.00772 26.7568 25.1961 7.89272 7.8912 7.8912 
15.3618 8.42543 27.2673 25.3432 7.86793 7.86717 7.86717 
15.1436 8.09331 27.2157 25.2089 8.71008 7.81418 7.81418 
16.7672 8.06964 28.1194 23.2366 8.23435 7.7864 7.7864 
16.0871 8.24994 27.7225 23.6823 8.62299 7.81762 7.81762 
16.9024 8.92977 27.6751 22.5018 8.36555 7.81271 7.81271 
15.9139 8.9425 29.6584 21.6987 8.21263 7.78695 7.78695 
15.7379 8.36174 29.0943 23.2413 7.9968 7.78397 7.78397 
15.9099 8.12824 28.2899 23.9013 8.09197 7.83935 7.83935 
16.5756 7.98261 27.6246 24.1764 7.96448 7.83817 7.83817 
17.4686 7.94611 28.3603 22.2577 8.21953 7.87389 7.87389 
18.4827 8.21834 28.3311 21.1917 8.04058 7.86776 7.86776 
19.1499 8.22502 28.4948 20.352 7.98371 7.8973 7.8973 
19.9975 8.61955 27.4868 20.176 7.93551 7.89231 7.89231 
17.839 8.30386 28.8322 21.1827 7.96184 7.94024 7.94024 
18.7786 8.37728 27.6555 20.873 8.48796 7.91378 7.91378 
19.1613 8.09744 29.4629 19.3942 8.15278 7.86569 7.86569 
16.8481 9.42662 29.121 20.7436 8.14616 7.85726 7.85726 
18.2428 8.6408 28.1557 21.2479 8.00057 7.85612 7.85612 
17.6799 8.22431 28.0418 22.4858 7.90419 7.83197 7.83197 
16.8757 7.9812 26.5209 25.231 7.82114 7.78503 7.78503 
16.6397 8.56473 26.8251 24.4452 7.85379 7.83573 7.83573 
17.1522 8.17458 27.4844 23.7495 7.81911 7.81008 7.81008 
18.8171 8.00295 26.9952 22.7181 7.82522 7.8207 7.8207 
17.6455 7.90321 28.382 22.6307 7.81434 7.81209 7.81209 
17.5184 7.86465 26.5098 24.6487 7.82021 7.81909 7.81909 
15.4151 8.31544 26.5666 26.2854 7.80621 7.80565 7.80565 
14.8287 8.09711 28.2833 25.2639 7.8425 7.84222 7.84222 
14.0012 7.94077 26.8662 27.1529 8.41227 7.81332 7.81332 
15.8932 7.82945 27.8626 24.8181 8.06519 7.76572 7.76572 
16.4572 8.01807 27.3052 24.5671 7.98396 7.83423 7.83423 
15.4469 7.88227 29.3216 23.7272 7.86522 7.96641 7.79035 
15.3912 7.93475 29.517 23.3652 7.92622 7.97682 7.88879 
14.0565 7.96146 29.9952 24.1086 7.95719 7.98249 7.93848 
15.5327 7.93967 27.0211 25.6907 7.93754 7.95019 7.92818 
15.5149 8.0634 27.2532 25.2722 8.06234 7.92246 7.91146 
15.4629 7.97006 26.9828 25.6498 8.14076 7.89959 7.89409 
14.4882 8.78983 27.6055 24.6868 8.72503 7.8537 7.85095 
15.9549 8.22767 28.4369 23.6674 8.19527 7.7596 7.75823 
16.415 8.02008 28.1247 23.7087 8.16013 7.78605 7.78536 
18.6241 7.87909 27.9016 22.1222 7.94911 7.76207 7.76173 
19.039 8.20576 27.944 21.1294 8.07012 7.80595 7.80578 
19.3234 8.02445 28.5145 20.532 7.95663 7.82454 7.82446 
19.3438 8.05847 27.8411 21.2487 7.88005 7.81401 7.81396 
19.7651 7.91122 28.2062 20.7175 7.82201 7.78899 7.78897 
20.6976 7.87411 26.9558 21.0171 7.8295 7.81299 7.81298 
21.7349 7.89745 27.8343 18.9244 7.87515 7.86689 7.86689 
20.5939 7.90009 27.747 20.1005 7.88894 7.88481 7.88481 
22.5973 8.42289 28.4102 16.7595 7.93808 7.93602 7.93602 
23.7986 8.11769 27.7989 16.661 7.87529 7.87426 7.87426 
21.8079 8.47958 29.2958 16.7146 7.90106 7.90054 7.90054 
22.4912 8.68423 27.9812 17.0875 7.91878 7.91853 7.91853 
24.1074 8.52218 28.9424 14.9746 7.81791 7.81778 7.81778 
23.8613 8.4885 28.3196 15.7963 7.84482 7.84475 7.84475 
23.266 8.43679 29.6877 15.1963 7.8044 7.80436 7.80436 
24.0959 8.07596 28.6421 15.9068 7.75976 7.75975 7.75975 
24.548 7.93409 28.6068 15.5832 7.77599 7.77598 7.77598 
23.6512 8.00896 29.1237 15.8755 7.78021 7.7802 7.7802 
25.8459 7.88961 29.4267 13.5121 7.77524 7.77524 7.77524 
28.4028 7.81478 28.0261 12.4836 7.75759 7.75759 7.75759 
28.2547 7.90147 28.0663 11.8631 8.16874 7.87288 7.87288 
28.0069 7.79689 29.2505 11.4499 7.93052 7.78259 7.78259 
28.4022 8.1706 29.8151 9.99712 7.92096 7.84699 7.84699 
27.5542 7.94287 29.4476 11.6751 7.81805 7.78106 7.78106 
25.6521 8.03393 30.0363 12.8688 7.81527 7.79678 7.79678 
24.1264 7.88694 30.3432 14.1743 7.9324 7.76836 7.76836 
25.4067 7.9312 28.2084 14.1424 8.56743 7.87191 7.87191 
24.174 7.93619 28.663 15.1594 8.2543 7.90654 7.90654 
22.9501 7.83714 28.1708 17.4011 7.9962 7.82232 7.82232 
24.4909 7.88682 26.9425 16.9545 7.96635 7.87941 7.87941 
25.8968 7.89078 27.945 14.2338 8.25949 7.88708 7.88708 
24.1105 7.92093 27.7339 16.2912 8.10528 7.91907 7.91907 
24.3194 7.89128 26.7601 17.2651 7.98346 7.89035 7.89035 
25.493 8.39008 27.6657 14.6643 7.95998 7.91343 7.91343 
26.472 8.11661 28.0486 13.7047 7.90156 7.87828 7.87828 
27.2547 8.10815 29.1333 11.9925 7.84486 7.83322 7.83322 
26.5666 8.04769 27.8254 13.664 8.07579 7.91022 7.91022 
27.306 7.98985 26.8022 14.0558 8.0039 7.92112 7.92112 
27.1981 7.84108 29.7891 11.5429 8.01533 7.80671 7.80671 
28.5639 7.79378 29.1551 11.0532 7.8809 7.7766 7.7766 
29.1468 7.81581 26.6046 12.959 7.85937 7.80722 7.80722 
29.3102 7.76755 29.2672 10.3392 7.78933 7.76326 7.76326 
27.7757 7.96179 31.3003 9.07029 8.32729 7.78234 7.78234 
28.0358 7.83942 32.2096 8.39366 8.02217 7.74969 7.74969 
28.9454 7.83275 30.7425 8.97944 7.92413 7.78789 7.78789 
28.7365 7.90411 29.1749 10.4713 7.94979 7.88167 7.88167 
30.7451 7.8651 27.486 10.3081 7.88794 7.85388 7.85388 
30.5459 7.97879 27.0378 10.9344 7.8457 7.82867 7.82867 
30.0744 8.14102 28.6814 9.43832 7.89397 7.88546 7.88546 
28.4781 8.73001 30.1113 8.66181 8.24806 7.88538 7.88538 
25.4192 8.24699 33.5339 9.14457 8.00602 7.82468 7.82468 
27.1109 8.81605 30.521 9.58847 8.37194 7.79583 7.79583 
28.208 8.33552 27.6472 12.045 8.11346 7.82541 7.82541 
28.9647 8.03773 27.7555 11.75 7.9267 7.78267 7.78267 
28.0761 7.92511 27.784 12.75 7.8696 7.79759 7.79759 
27.9556 7.91445 28.6686 11.8733 7.88669 7.85068 7.85068 
28.7027 7.84072 29.7065 10.3056 7.82684 7.80884 7.80884 
27.1065 7.83192 31.86 9.40449 8.16512 7.81598 7.81598 
26.4463 8.16125 31.3388 10.0482 8.32784 7.83881 7.83881 
28.1438 8.36634 30.59 8.99233 8.13218 7.88766 7.88766 
27.2004 8.09378 29.6805 11.3397 7.9767 7.85444 7.85444 
28.2343 8.01031 27.6451 12.3772 7.95177 7.89064 7.89064 
26.8131 8.39387 28.5561 12.6149 7.89438 7.86381 7.86381 
27.6319 8.1406 25.9682 14.6173 7.89085 7.87557 7.87557 
27.9185 7.91645 26.4456 14.0394 8.11209 7.78394 7.78394 
28.1659 7.83276 29.6435 10.8943 7.93058 7.76651 7.76651 
27.0829 7.91638 30.9884 10.2805 7.96529 7.88325 7.88325 
27.1404 7.94171 30.7415 10.0853 8.24089 7.92514 7.92514 
26.1856 7.97085 28.9092 12.8888 8.12044 7.96257 7.96257 
24.9599 8.41581 28.0622 14.514 8.17415 7.93698 7.93698 
23.8961 8.10964 27.7594 16.5056 7.98881 7.87023 7.87023 
22.7914 8.42229 26.2291 18.1925 8.66308 7.85078 7.85078 
24.4116 8.1794 28.9876 14.3344 8.29979 7.89364 7.89364 
24.6696 8.00274 27.3923 16.1527 8.06294 7.85986 7.85986 
23.2468 7.91017 27.7027 17.5226 7.94026 7.83873 7.83873 
21.9729 7.85293 28.5019 18.1699 7.86798 7.81721 7.81721 
22.1828 7.9142 27.4411 18.7475 7.92172 7.89634 7.89634 
22.6878 7.87276 26.6724 19.1629 7.87652 7.86383 7.86383 
21.19 7.93638 26.4131 20.6584 7.93826 7.93192 7.93192 
20.1629 7.82621 26.7868 21.7489 7.82716 7.82398 7.82398 
21.2095 7.87652 25.1312 22.155 7.87699 7.87541 7.87541 
22.0851 7.86575 24.6502 21.8026 7.86599 7.8652 7.8652 
19.9422 8.14 27.5355 20.7718 7.9783 7.81609 7.81609 
21.1832 8.16091 28.0102 19.0223 7.92854 7.84744 7.84744 
23.011 7.95142 28.3599 17.2531 7.83524 7.79469 7.79469 
21.0359 7.84311 29.5114 18.295 7.78502 7.76475 7.76475 
20.0988 7.81377 27.4803 21.2733 7.78473 7.77459 7.77459 
22.3445 7.84131 27.1828 19.1612 7.82679 7.82172 7.82172 
22.1478 8.03651 25.6341 20.5562 7.87681 7.87428 7.87428 
23.1482 8.50742 26.1297 18.792 7.80837 7.80711 7.80711 
23.8637 8.12576 27.8797 16.8034 7.77624 7.77561 7.77561 
24.9892 8.04377 29.8634 13.4973 7.86901 7.8687 7.8687 
24.6015 8.26717 29.3971 14.1386 7.86532 7.86517 7.86517 
25.4892 8.04663 28.6116 14.1707 7.99063 7.84563 7.84563 
25.7504 7.92505 27.7451 15.0333 7.89705 7.82455 7.82455 
27.227 7.82055 27.6071 13.9982 7.80655 7.7703 7.7703 
28.0789 7.84109 27.7973 12.8167 7.83409 7.81597 7.81597 
28.1699 7.80253 26.4763 14.1723 7.79903 7.78997 7.78997 
28.6059 7.79348 28.6573 11.5772 7.79173 7.7872 7.7872 
27.3255 7.75526 29.9235 11.7371 7.75439 7.75212 7.75212 
27.4614 7.77373 29.7345 11.7127 7.7733 7.77216 7.77216 
14 14 14 14 14 14 14 
11.402 12.1495 17.6312 13.3953 15.0565 14.2259 15.1395 
10.5427 13.7098 20.5475 12.5636 16.653 13.2582 12.2253 
10.1009 16.2299 20.4063 13.7629 17.0386 12.1215 10.0899 
10.988 16.0316 21.8698 13.5481 17.9985 10.4358 9.00328 
10.826 16.5671 23.611 13.7157 17.5505 9.24203 8.42518 
11.0565 16.0063 22.9936 15.3727 16.9931 9.37349 8.17299 
11.1317 14.4687 22.8115 18.6777 15.8241 8.99709 8.07356 
10.7946 14.9685 22.5168 19.2517 15.6463 8.85584 7.95835 
9.30186 16.8118 21.3452 19.4957 15.8492 9.30862 7.88373 
10.9667 16.3006 21.4094 18.9057 15.8193 8.65431 7.94187 
9.75687 17.1247 19.9996 19.923 15.8156 9.45536 7.92392 
10.2582 18.056 19.7044 18.7168 16.1357 9.26354 7.86492 
9.90132 17.054 23.5182 17.9267 14.7923 8.97017 7.83701 
10.4464 16.9322 24.3668 18.0151 13.5384 8.79543 7.90558 
11.0005 17.6048 23.738 18.0412 12.6516 9.01956 7.94438 
9.71191 17.5497 25.6919 18.5238 11.8333 8.72144 7.96787 
9.09508 17.1444 25.8894 19.2619 12.4384 8.27377 7.89698 
8.59093 16.2645 25.6666 21.6625 11.8405 8.08166 7.89326 
8.19157 15.5998 26.7943 21.9784 11.3315 8.26161 7.84274 
8.28033 14.2377 27.3457 23.6502 10.4941 8.10076 7.89132 
8.11368 14.2932 25.3726 25.5116 10.7658 8.02389 7.91917 
7.98465 14.7899 24.3636 25.1762 11.8585 7.93976 7.8874 
7.99233 15.6172 24.404 24.1437 11.9292 7.96988 7.9437 
7.97466 15.6581 24.8902 24.0073 11.4485 8.07096 7.95034 
9.03119 16.9299 23.5197 22.9686 11.426 8.20215 7.92254 
8.4575 18.4235 23.1706 21.3391 11.7296 8.97659 7.90318 
8.21582 19.7721 23.1155 19.9368 12.2226 8.79864 7.93866 
8.9355 19.4263 22.5922 20.8879 11.5136 8.76714 7.87738 
8.59721 19.423 20.8943 21.7163 12.788 8.73625 7.84494 
8.66542 18.3359 22.4559 21.011 12.8351 8.84411 7.8526 
9.02021 18.7662 22.6119 20.2153 12.5559 8.99795 7.83255 
8.71092 19.0142 22.7813 19.8413 13.2452 8.49487 7.91218 
8.26171 18.3241 22.8862 20.0769 14.2119 8.3769 7.86234 
9.71121 17.0861 24.1663 19.0786 14.0256 8.0947 7.83742 
9.11093 17.4792 23.7853 20.4968 13.2894 7.98352 7.85488 
8.45301 16.4234 24.0307 22.1637 13.2148 7.88931 7.82499 
8.81166 15.5261 24.5699 21.9989 13.376 7.87479 7.84263 
8.62524 16.5183 25.5761 21.4425 12.1732 7.84035 7.82427 
8.41462 16.2414 25.5375 21.4751 11.7407 8.68736 7.90326 
8.14604 15.7794 26.8825 20.8032 12.2161 8.28241 7.89036 
9.24156 13.5077 27.1491 22.087 12.0631 8.07379 7.87777 
8.57427 14.312 26.4815 19.4156 14.7525 8.57178 7.89237 
8.26064 15.103 24.0575 21.7387 14.661 8.2594 7.9197 
9.34309 14.7855 23.4118 24.2736 12.2241 8.06587 7.89602 
9.51788 14.3668 24.2354 23.7207 12.2586 8.05185 7.84872 
8.72164 14.6426 24.1224 25.2636 11.3741 7.98863 7.88706 
8.34789 14.3256 24.0224 25.4551 11.937 7.98138 7.9306 
8.07303 15.305 24.7406 22.3606 13.7667 7.88977 7.86438 
8.01002 15.7099 25.0634 21.9971 13.3955 7.9184 7.9057 
8.43683 16.264 25.0317 21.2258 13.175 7.93647 7.93012 
8.37489 15.3447 26.819 21.3708 12.3332 7.88022 7.87704 
8.91095 15.3913 25.3911 21.9757 12.6182 7.85716 7.85557 
9.78235 15.4438 24.5599 21.8838 12.4834 7.92374 7.92294 
9.42632 15.6584 27.1326 19.8988 12.024 7.93012 7.92973 
8.98568 15.104 27.3076 21.6122 11.2083 7.89116 7.89096 
8.39528 14.7471 28.288 21.7817 11.092 7.84802 7.84792 
9.55478 13.8021 28.6678 21.7242 9.95075 8.44782 7.85253 
9.28959 12.9986 26.7729 24.5206 10.4632 8.12635 7.8287 
9.35068 12.9699 27.7394 24.4956 9.46688 8.06317 7.91435 
9.90648 13.7842 25.5485 24.4133 10.5729 7.92453 7.85012 
8.91744 12.263 26.8408 26.6568 9.50638 7.92646 7.88925 
9.03703 13.1194 26.071 25.4971 10.4158 7.93913 7.92053 
11.127 13.4176 23.7587 24.3445 11.4423 7.95959 7.95029 
11.3147 12.6947 23.8512 24.8483 11.355 7.97041 7.96576 
10.442 13.4048 25.4423 23.7878 11.0603 7.93257 7.93025 
10.9353 13.0119 25.4593 22.6082 12.1968 7.89486 7.89369 
11.2904 12.4553 25.5144 23.3294 11.668 7.87148 7.8709 
11.6498 12.9251 26.7295 22.2883 10.6839 7.86184 7.86155 
12.5247 13.2864 25.5236 21.1938 11.6695 7.90114 7.901 
12.9039 11.781 25.9197 21.4991 11.9751 8.08591 7.83521 
13.2435 10.6915 27.831 21.5224 10.7885 8.02422 7.89887 
12.5477 11.2717 27.2488 21.255 11.814 7.96273 7.90005 
12.9235 11.1345 27.9467 21.1134 11.0221 7.94556 7.91422 
12.2261 10.5798 27.0059 22.7121 11.7767 7.85749 7.84182 
13.3711 10.5318 26.003 24.1249 10.3238 7.82659 7.81876 
13.4213 10.7063 25.5662 24.2386 10.2137 8.05838 7.79539 
12.6513 11.0462 26.1495 23.2579 11.0475 7.98958 7.85809 
13.0564 11.6529 26.4161 23.0472 9.97085 7.96114 7.89539 
13.6532 11.5765 27.333 22.5236 8.98542 7.98057 7.9477 
12.5023 10.518 29.8827 21.6672 9.62785 7.9092 7.89277 
12.7304 11.2492 27.2886 23.5475 9.4594 7.86658 7.85836 
13.2305 10.4173 28.2816 22.7841 9.65198 7.8193 7.81519 
14.6974 10.4142 26.8805 23.3099 8.93558 7.88225 7.8802 
13.494 11.3523 26.0101 23.5264 9.91472 7.85174 7.85071 
12.7744 11.5666 26.4297 24.229 9.20393 7.89847 7.89796 
11.0747 11.3822 27.2774 24.7447 9.8103 7.85549 7.85523 
12.0714 11.2309 26.1387 24.1621 10.587 7.90502 7.90489 
12.5865 10.2946 26.3046 24.6479 10.5074 7.82951 7.82945 
13.0538 9.79518 27.5185 23.0282 10.8875 7.85842 7.85839 
12.3204 8.92782 29.2504 23.4788 10.3556 7.83349 7.83348 
11.9043 10.9913 27.9411 22.7055 10.7914 7.83319 7.83319 
11.6043 10.7131 28.1735 23.3817 10.4681 7.82964 7.82964 
11.5662 11.1206 27.8937 23.085 10.7301 7.80222 7.80222 
13.2767 12.0202 26.7376 22.0076 10.4038 7.77708 7.77708 
14.9945 10.3937 26.7934 22.9216 9.1745 7.86114 7.86114 
15.0036 11.0493 25.4832 24.0562 8.65849 7.87459 7.87459 
14.724 11.2191 25.7972 23.417 9.19036 7.82618 7.82618 
13.6981 10.8437 27.6369 23.4165 8.58967 7.90758 7.90758 
13.5157 9.62475 27.1518 25.1865 8.78759 7.86683 7.86683 
13.7803 9.16631 26.9186 26.0764 8.32638 7.866 7.866 
12.9074 10.7436 26.3533 25.2158 9.17752 7.8012 7.8012 
12.3859 9.46785 26.736 26.7322 8.96729 7.8554 7.8554 
11.4271 9.6926 28.1063 26.176 8.75362 7.92219 7.92219 
11.2842 9.19413 28.9988 26.4032 8.31703 7.90131 7.90131 
9.85558 11.3386 28.123 26.2634 8.65289 7.88324 7.88324 
9.51113 12.0582 28.5059 25.0762 9.18756 7.83051 7.83051 
9.41658 10.6901 28.9422 25.9562 9.2548 7.87006 7.87006 
9.86588 10.3594 27.5084 27.1615 9.49846 7.80322 7.80322 
9.66074 9.76422 28.5106 27.3343 9.19049 7.76981 7.76981 
10.1828 9.97349 29.0073 26.722 8.51169 7.80135 7.80135 
11.0535 9.59379 29.1378 26.3691 8.18539 7.83022 7.83022 
11.9737 8.80836 28.0359 27.6545 7.96089 7.7833 7.7833 
11.6934 8.48027 27.0614 29.1805 7.92066 7.83187 7.83187 
11.1476 9.82753 27.141 28.4871 7.82853 7.78413 7.78413 
12.5538 9.18727 28.1004 26.4943 7.90287 7.88067 7.88067 
13.7697 9.20458 27.739 25.7832 7.84192 7.83082 7.83082 
13.8414 8.66026 27.9275 26.08 7.83401 7.82846 7.82846 
15.1828 9.03099 27.354 24.7209 7.90561 7.90283 7.90283 
15.501 8.89402 27.8013 24.0836 7.90761 7.90622 7.90622 
14.999 8.44109 28.1018 24.6158 7.94789 7.94719 7.94719 
14.8525 8.63231 28.4627 24.2197 7.94453 7.94418 7.94418 
14.5031 8.47 28.539 24.4175 8.12611 7.97209 7.97209 
14.2716 9.10606 28.8827 23.8133 8.21778 7.85424 7.85424 
15.2439 8.47195 27.8197 24.7445 8.02781 7.84604 7.84604 
14.8043 9.20835 28.1364 24.3888 7.88131 7.79042 7.79042 
14.8307 8.60418 26.6396 26.1944 7.94065 7.89521 7.89521 
14.3719 8.21513 27.9575 25.8508 7.88337 7.86065 7.86065 
16.0715 8.62564 26.1775 25.576 7.85735 7.84599 7.84599 
15.7155 9.37818 28.2848 22.9187 8.01364 7.84456 7.84456 
16.5856 8.68317 27.456 23.4416 8.0009 7.91636 7.91636 
17.8642 8.34159 27.1566 22.7208 8.00045 7.95818 7.95818 
16.2674 8.81151 27.0513 23.6359 8.49124 7.87131 7.87131 
17.1501 8.34018 27.9519 22.6376 8.18005 7.87008 7.87008 
16.4698 8.74073 27.9649 23.2302 7.96814 7.81316 7.81316 
16.8975 8.47371 26.9004 24.0771 7.93544 7.85795 7.85795 
15.8926 8.45034 25.8097 26.2239 7.9003 7.86156 7.86156 
19.242 8.21188 26.6922 21.916 8.10298 7.91749 7.91749 
16.6051 9.6615 28.4255 20.958 8.49593 7.927 7.927 
16.3562 8.68981 28.6423 22.5595 8.10703 7.82256 7.82256 
16.4098 8.46076 29.2602 21.7981 8.32181 7.87469 7.87469 
16.0084 8.13211 29.2255 22.8932 8.06264 7.83908 7.83908 
16.8537 8.19585 28.6245 22.0661 8.4561 7.90184 7.90184 
16.9896 8.07346 28.0737 22.8067 8.20358 7.92646 7.92646 
17.5591 8.1303 28.8029 21.3449 8.34156 7.9106 7.9106 
18.7489 8.20625 26.6714 22.3289 8.15851 7.94303 7.94303 
18.5091 7.94928 27.278 22.3824 8.24592 7.81767 7.81767 
17.1058 8.24461 26.9999 23.7256 8.11745 7.90332 7.90332 
16.2452 8.11091 26.6054 25.1107 8.04733 7.94027 7.94027 
14.7789 8.54462 26.3058 26.1776 8.51283 7.8401 7.8401 
14.4129 8.11846 26.698 27.1356 8.10257 7.7662 7.7662 
15.5398 7.92828 28.3788 24.7285 7.92033 7.75215 7.75215 
14.6717 7.95187 27.2262 26.4747 7.9479 7.86381 7.86381 
14.4561 9.03923 26.746 26.0538 7.92964 7.8876 7.8876 
14.7898 8.37764 28.8051 24.601 7.82285 7.80182 7.80182 
14.8354 8.95072 28.5395 24.3541 7.78047 7.76996 7.76996 
16.1333 8.4509 27.2667 24.5624 7.86577 7.86051 7.86051 
16.2062 9.02196 26.1333 25.0719 7.8573 7.85468 7.85468 
16.2241 8.65111 28.6718 22.727 7.90954 7.90823 7.90823 
17.0577 8.31916 26.3167 24.4626 7.94838 7.94773 7.94773 
18.5602 8.07808 27.5784 22.1059 7.89269 7.89236 7.89236 
19.0324 7.90901 26.4827 23.1272 7.81631 7.81615 7.81615 
19.7811 8.09358 28.3076 19.8418 8.21279 7.88158 7.88158 
20.3001 8.14235 28.4883 19.3065 8.03131 7.86571 7.86571 
18.9114 8.30078 29.5009 19.472 7.94315 7.86035 8.0114 
17.2335 8.11865 28.8774 21.9582 7.93983 7.89843 7.97396 
16.0067 8.61907 27.9607 23.715 7.90073 7.88003 7.9178 
17.7701 8.2454 25.6422 24.6855 7.88623 7.87588 7.89476 
18.5124 8.78108 28.1938 21.0384 7.8251 7.81993 7.82937 
19.925 8.6899 27.3134 20.3918 7.89344 7.89085 7.89557 
18.1415 10.0548 27.0826 21.307 7.80475 7.80345 7.80581 
18.1212 9.18172 28.3781 21.0393 7.75994 7.75929 7.76047 
18.7621 8.47146 27.9204 21.5644 7.76057 7.76024 7.76083 
21.0998 9.07948 26.6165 19.8447 7.78653 7.78637 7.78667 
20.1369 8.52204 26.8775 20.8368 7.87557 7.87549 7.87563 
19.8786 9.00786 26.4135 20.8614 8.05171 7.89344 7.89351 
19.4164 8.4255 26.442 22.032 7.94742 7.86829 7.86833 
17.938 8.71585 26.7303 22.9725 8.01098 7.81613 7.81615 
