5 80000 300 266
14 14 14 14 14 14 14 
11.363 15.6387 16.8604 15.5515 12.1483 14.0681 13.37 
11.6674 16.006 18.5534 17.6349 12.6763 11.1714 11.7906 
11.9675 16.0885 20.0574 18.4829 13.0296 10.2325 9.8916 
10.6773 18.4849 21.6187 18.3411 12.2619 9.61817 8.873 
9.44684 16.6573 24.136 20.393 11.642 9.31811 8.34432 
8.64291 15.2142 27.1104 19.5185 12.2829 9.10821 8.09165 
8.25763 16.1178 25.8956 20.1848 12.6308 8.9158 7.98199 
8.12041 16.0421 23.8722 21.647 12.5129 9.81505 7.98259 
8.62452 14.5563 23.8655 21.3007 12.688 11.0279 7.93321 
8.25963 15.8814 23.8761 21.0754 13.0241 9.96737 7.91397 
8.16708 16.2223 24.9815 21.7178 11.481 9.53855 7.89073 
7.99475 15.8278 25.9157 21.8526 11.4488 9.10331 7.85657 
7.95571 15.2056 25.3537 21.4471 13.641 8.50999 7.88662 
8.42701 14.4884 24.2235 23.1176 13.7061 8.17449 7.8628 
9.01261 14.387 23.0492 23.3892 13.6611 8.66314 7.83765 
9.06117 14.6469 23.3259 22.4606 13.6628 8.98995 7.85257 
9.06688 15.388 24.0621 21.5126 13.6863 8.42643 7.85774 
9.25447 14.4536 23.5117 22.7735 13.7101 8.39776 7.89883 
8.68129 15.7507 23.3983 22.3015 13.8197 8.14899 7.89952 
8.78509 16.542 22.6991 23.4841 12.4654 8.07449 7.94976 
8.3625 17.1766 21.65 22.4717 13.5288 8.86557 7.94484 
8.4731 17.7085 21.8765 22.0727 13.5241 8.40274 7.94238 
8.17272 18.2159 22.9595 21.8874 12.7195 8.13754 7.90736 
8.07343 16.5433 23.872 22.1506 13.3641 8.05584 7.94075 
7.99817 15.6592 22.9638 24.0303 13.4272 7.98938 7.93183 
7.94919 16.1456 23.5401 22.5141 13.9901 7.94479 7.91602 
8.14975 16.7286 22.9717 22.255 14.0215 7.94388 7.9295 
8.05337 16.2138 24.6041 22.5254 12.2796 8.38054 7.94324 
7.98814 16.5651 24.7218 22.1835 12.4567 8.15173 7.93308 
8.7151 17.51 22.3394 22.3578 12.6661 8.47501 7.9365 
8.41738 16.8747 22.7082 22.931 12.957 8.19049 7.92124 
8.41128 16.8425 22.2377 23.2112 13.2673 8.08232 7.94769 
8.15863 19.105 22.871 21.5415 12.4029 7.99415 7.92684 
7.98387 18.0124 25.1014 22.0506 11.0821 7.90163 7.86797 
8.42916 18.2053 26.7282 20.5491 10.4112 7.84692 7.83009 
9.05669 17.1027 24.7325 21.4324 11.8372 7.92346 7.91505 
10.226 16.4583 24.9244 21.5302 11.0349 7.91522 7.91101 
10.6807 15.4344 24.5801 21.9005 11.631 7.88774 7.88564 
9.25534 17.3369 23.6994 22.4715 11.5202 7.85886 7.85781 
8.59243 16.598 24.0744 23.9009 11.0464 7.89419 7.89366 
8.22403 16.7915 24.9884 23.5216 10.7249 7.87491 7.87464 
8.48421 18.5976 24.3776 21.6263 11.1921 7.86122 7.86109 
9.05611 18.0515 23.5674 21.8635 11.7229 7.86934 7.86928 
8.49281 17.9465 25.5502 21.2842 10.9276 7.89943 7.8994 
8.15945 17.995 26.5794 21.0769 10.4638 7.86276 7.86274 
8.04607 17.7715 24.5878 22.6779 11.0011 8.01792 7.89772 
7.95822 17.9135 23.405 23.6074 11.2876 7.94414 7.88404 
7.90521 17.7328 24.0582 22.8892 11.6484 7.89817 7.86812 
7.86458 17.7906 24.743 22.3248 11.5699 7.86106 7.84604 
9.4617 15.9541 24.7245 22.4565 11.5497 7.93053 7.92302 
9.2976 15.3541 24.1889 22.9379 12.3322 7.94653 7.94277 
9.5531 14.8541 22.9796 21.756 14.7785 8.15987 7.91876 
9.97136 15.0028 23.611 21.4841 13.3417 8.73361 7.85548 
8.96798 14.4704 25.5223 22.4677 12.2018 8.45973 7.91004 
8.99866 14.1201 24.4993 23.6492 12.4214 8.40594 7.90536 
9.36358 15.4311 24.58 22.0056 12.5456 8.16224 7.91196 
8.66306 15.2097 23.297 24.5859 12.2447 8.06239 7.93724 
9.08791 14.5654 23.9455 24.706 11.8068 7.97551 7.91294 
9.71637 14.4091 22.5475 25.1116 12.4551 7.8958 7.86451 
9.54568 14.7567 22.9925 24.7954 12.0869 7.98436 7.83851 
9.15673 13.184 24.4109 24.3645 12.9155 8.1391 7.82921 
9.97405 13.0668 25.0352 24.0528 11.8534 8.14629 7.87144 
10.8694 13.8864 25.0176 23.3009 11.0738 7.99471 7.85729 
9.97033 13.7466 25.3598 24.7174 10.2885 7.99304 7.92432 
8.90921 13.329 27.6166 23.8777 10.4607 7.92057 7.88621 
8.45004 14.4271 27.3928 23.5827 10.2532 7.95572 7.93854 
8.21563 13.0821 26.7246 24.5848 11.4646 7.96847 7.95988 
8.83927 11.4004 29.0912 24.8244 9.95226 7.94843 7.94413 
8.38598 11.5896 30.0504 24.5516 9.54344 7.94056 7.93841 
8.88435 10.8565 29.0993 25.856 9.46308 7.9209 7.91982 
8.43702 10.7118 29.2404 25.5569 10.1439 7.95529 7.95476 
10.6041 12.5848 26.5479 24.4652 9.89123 7.95355 7.95328 
11.6746 11.562 26.9994 24.1199 9.84758 7.89834 7.89821 
12.5478 10.9126 26.3945 24.4283 9.92379 7.89654 7.89647 
12.508 10.2909 26.3016 24.6824 10.4326 7.89229 7.89226 
13.1 10.6467 26.5982 24.0771 9.86179 7.85813 7.85811 
12.0347 10.2978 28.7328 22.7528 10.4156 7.88314 7.88314 
11.7962 10.8022 29.0649 22.1804 10.4842 7.83604 7.83604 
14.4507 10.0064 28.8745 21.0902 9.84735 7.86539 7.86539 
13.5217 10.0649 28.6348 22.397 9.61503 7.88331 7.88331 
14.0715 10.2544 27.2417 23.9922 8.72397 7.85811 7.8581 
14.1244 10.3171 26.912 24.4012 8.5392 7.8531 7.8531 
13.0831 9.21612 28.2466 24.2425 9.5052 7.85325 7.85325 
13.7862 9.12113 27.3062 25.4229 8.67184 7.84587 7.84587 
13.7751 9.61674 26.8553 25.7732 8.2685 7.85552 7.85552 
12.3542 10.4084 28.4943 24.0866 8.80092 7.92776 7.92776 
11.7771 11.3375 26.2472 25.3766 9.33379 7.96388 7.96388 
10.8886 11.5021 26.8736 25.605 9.11134 8.14861 7.87083 
10.2746 12.8007 25.4472 25.9879 9.64705 7.99075 7.85186 
11.6094 14.2683 24.7795 24.6691 8.88444 7.92939 7.85994 
11.679 13.9648 24.958 25.1761 8.40397 7.92644 7.89172 
11.294 13.0863 27.4141 24.4062 8.09809 7.85932 7.84196 
10.2689 13.9661 28.1328 23.2675 8.67089 7.85123 7.84255 
11.0252 12.4428 28.7216 23.9901 8.21476 7.80493 7.80059 
12.1116 11.9321 27.8126 24.4316 8.04139 7.83647 7.8343 
14.0772 10.9126 28.3448 23.1784 7.8977 7.79524 7.79416 
13.5984 10.8499 29.187 22.8137 7.88471 7.83348 7.83294 
12.8314 10.3847 28.4005 24.1414 8.63404 7.80414 7.80387 
11.8598 9.49035 28.9567 25.9676 8.18522 7.77026 7.77013 
11.5549 9.37018 30.1033 25.1088 8.09261 7.88513 7.88506 
11.9905 8.67917 29.8446 25.5721 8.04039 7.93665 7.93662 
12.1428 9.80407 28.8567 25.2178 8.11855 7.93007 7.93006 
13.0635 9.51945 29.7318 23.8226 8.01706 7.92282 7.92281 
12.5206 8.65945 30.3255 24.7247 8.04753 7.86113 7.86113 
13.9308 8.44904 29.6514 24.1521 8.00104 7.90784 7.90784 
13.2996 11.0978 28.8419 23.1273 7.90887 7.86228 7.86227 
15.481 9.57489 28.7066 22.7325 7.85054 7.82724 7.82724 
15.7786 10.9182 28.5223 20.903 8.1487 7.86457 7.86457 
17.7979 9.57497 28.438 20.36 8.03777 7.8957 7.8957 
15.7908 9.78749 29.3541 20.7206 8.61348 7.86677 7.86677 
17.2047 9.2481 27.8903 21.4714 8.51094 7.83729 7.83729 
18.8588 8.61265 28.6175 19.8525 8.24408 7.90725 7.90725 
18.654 9.11916 28.3462 20.2204 7.99904 7.83063 7.83063 
17.9373 9.0913 28.0704 21.2884 7.92701 7.84281 7.84281 
17.2527 9.42731 26.3133 22.4785 8.69723 7.91549 7.91549 
16.7146 8.8313 26.6861 23.5922 8.31921 7.92833 7.92833 
15.8041 8.40501 27.9707 23.7642 8.14896 7.95353 7.95353 
17.1668 8.17309 27.9559 22.7644 8.04507 7.94735 7.94735 
17.4689 8.30341 27.5322 22.828 8.0888 7.88934 7.88934 
17.658 8.11771 26.9389 23.4537 8.01041 7.91067 7.91067 
17.2151 8.64746 28.3429 22.0116 7.9609 7.91103 7.91103 
15.7737 8.39539 30.1323 21.9179 8.05211 7.86431 7.86431 
14.4086 8.83538 28.8343 24.2923 7.9391 7.8452 7.8452 
13.0955 8.34518 30.7313 24.2307 7.89704 7.85009 7.85009 
14.5973 8.50696 30.0716 23.1061 8.12809 7.79502 7.79502 
14.3274 8.40683 30.0518 23.3741 8.05765 7.89112 7.89112 
14.2318 8.26101 27.8531 25.5614 8.3482 7.87226 7.87226 
12.435 8.08187 27.3004 28.2822 8.12547 7.8875 7.8875 
13.9448 7.98033 27.2866 27.0199 8.00213 7.88314 7.88314 
14.1746 7.86828 27.0782 27.3604 7.87918 7.81969 7.81969 
15.3686 7.84039 26.6641 26.6489 7.84584 7.81609 7.81609 
15.353 7.90793 27.1357 25.2877 8.52415 7.89578 7.89578 
14.2518 7.92657 28.3624 25.3836 8.23468 7.92049 7.92049 
12.7945 8.1784 28.28 26.936 8.04176 7.88466 7.88466 
13.3552 7.97269 27.8941 27.222 7.90437 7.82583 7.82583 
14.1776 8.98635 29.4158 23.9235 7.85844 7.81916 7.81916 
12.9271 8.38539 29.0791 26.1833 7.82143 7.8018 7.8018 
13.9937 8.10836 27.1902 26.9471 8.12758 7.81656 7.81656 
15.2477 8.17959 27.4565 25.3547 8.02419 7.86868 7.86868 
16.0594 8.07753 28.4522 23.5669 7.99982 7.92207 7.92207 
17.6923 8.02649 26.8028 23.5933 7.98764 7.94876 7.94876 
19.1965 7.99414 27.2549 21.6693 7.97471 7.95527 7.95527 
17.247 7.96307 27.7917 23.1576 7.95336 7.94364 7.94364 
16.3634 7.85151 28.7566 22.5695 8.77544 7.84179 7.84179 
17.0527 8.1193 28.4105 22.5751 8.25869 7.79186 7.79186 
18.8508 8.92691 27.3321 21.022 8.11165 7.87823 7.87823 
18.7347 8.36736 27.9303 21.3218 7.95973 7.84302 7.84302 
19.1158 8.1145 27.6444 21.51 7.91068 7.85233 7.85233 
19.5257 7.91577 28.1309 21.0444 7.81386 7.78468 7.78468 
20.7153 7.92614 28.0337 19.7285 7.87518 7.8606 7.8606 
20.2322 8.35178 26.8695 20.9928 7.85609 7.84879 7.84879 
20.0077 8.10543 28.0689 20.2525 7.85758 7.85394 7.85394 
16.7404 7.94493 29.6033 21.9526 8.12041 7.81918 7.81918 
16.5917 7.99931 29.0634 22.7213 8.08705 7.76865 7.76865 
16.9915 7.9127 28.2998 23.2447 7.95657 7.79737 7.79737 
15.8783 7.9832 29.2506 23.5351 7.83734 7.75775 7.75775 
16.7901 8.33942 27.9793 23.5688 7.80066 7.76086 7.76086 
18.2635 8.11708 28.9568 21.1594 7.8477 7.8278 7.8278 
17.0828 8.6457 28.0869 22.5063 7.89938 7.88943 7.88943 
18.5414 8.32285 26.7101 22.5865 7.94969 7.94472 7.94472 
18.6656 8.14232 26.7309 22.599 7.95574 7.95325 7.95325 
17.5836 8.03155 27.7219 22.5206 8.2683 7.93702 7.93702 
19.5943 7.8738 27.1325 21.2912 8.45514 7.82654 7.82654 
22.2971 7.81014 27.4747 18.7442 8.10081 7.78651 7.78651 
22.4291 8.3258 29.1337 16.2318 8.16626 7.85667 7.85667 
21.4026 8.0814 28.2032 18.6175 8.00162 7.84683 7.84683 
20.5346 8.37403 27.2683 19.9754 8.00081 7.92341 7.92341 
20.434 8.18702 28.3008 19.1544 8.00041 7.96171 7.96171 
21.3117 8.08759 27.464 19.0446 8.14221 7.97494 7.97494 
22.9996 7.95005 27.482 17.8036 7.97736 7.89372 7.89372 
23.8744 8.32285 28.1223 16.2596 7.83483 7.79301 7.79301 
24.2204 8.06316 28.6565 15.6443 7.81915 7.79824 7.79824 
24.2508 8.02519 28.226 15.6496 8.06293 7.89273 7.89273 
24.0022 7.97154 25.9898 18.2354 7.99041 7.90531 7.90531 
23.425 8.62153 26.7366 17.3958 7.96871 7.92616 7.92616 
22.7322 8.75156 27.0196 17.744 7.93173 7.91045 7.91045 
24.1145 8.34929 27.2515 16.4879 7.93937 7.92874 7.92874 
23.3425 8.24988 27.8891 16.8646 7.88818 7.88286 7.88286 
22.1074 8.01902 28.119 18.2454 7.83817 7.83551 7.83551 
24.8242 8.27181 27.3382 16.0079 7.85351 7.85218 7.85218 
25.8108 8.05747 28.375 14.2131 7.84832 7.84766 7.84766 
26.1494 8.64183 27.5803 14.2494 7.79321 7.79288 7.79288 
28.6679 8.21922 27.858 11.8705 7.79491 7.79474 7.79474 
30.6314 8.06531 27.853 9.89093 7.85315 7.85307 7.85307 
29.6706 7.90362 30.2168 8.81643 7.79754 7.7975 7.7975 
29.2968 7.95181 28.6469 10.4082 7.89877 7.89875 7.89875 
27.8947 8.08038 29.9951 10.428 7.8673 7.86729 7.86729 
27.6437 8.00059 31.3342 9.33941 7.89404 7.89404 7.89404 
25.8645 9.33566 30.7586 10.3099 7.91044 7.91043 7.91043 
26.5969 8.54982 28.1122 13.2295 7.83721 7.8372 7.8372 
24.54 8.13397 28.8212 15.004 7.94545 7.77766 7.77766 
25.4279 7.9451 29.5076 13.7347 7.85084 7.76695 7.76695 
23.9289 7.86663 29.2398 15.5901 7.8195 7.77755 7.77755 
24.6604 8.00855 26.8456 17.0427 7.82825 7.80727 7.80727 
24.8714 7.96467 26.7891 16.7722 7.87452 7.86403 7.86403 
26.7214 7.81509 27.8545 14.1352 7.77001 7.93898 7.76477 
27.3183 8.32451 29.1216 11.8379 7.77193 7.85642 7.76931 
28.8258 8.16225 28.8941 10.419 7.88597 7.92821 7.88466 
27.9479 8.06202 28.1413 12.0566 7.92387 7.945 7.92322 
27.263 8.01772 29.0208 11.8423 7.94865 7.95921 7.94832 
26.7725 8.17553 29.0937 12.4916 7.82048 7.82576 7.82031 
27.923 8.08137 26.368 13.9136 7.90385 7.90649 7.90377 
27.2948 8.04069 26.5173 14.2901 7.95192 7.95324 7.95188 
27.593 8.10198 26.694 13.9478 7.88753 7.88819 7.88751 
27.9379 8.59644 28.6669 11.351 7.81582 7.81615 7.81581 
28.4056 8.17146 29.4743 10.6051 7.78115 7.78131 7.78114 
27.8255 9.02585 29.1084 10.6918 7.78279 7.78287 7.78279 
26.1079 8.34568 31.8016 10.5724 7.72415 7.72419 7.72415 
27.7414 8.07909 29.0258 11.8487 7.76832 7.76834 7.76832 
27.7169 8.03954 29.1283 11.4628 7.88416 7.88417 7.88416 
25.1442 8.01977 29.5641 13.4457 7.94208 7.94209 7.94208 
26.0769 7.86841 28.2869 14.2791 7.82956 7.82956 7.82956 
26.3613 7.8527 27.7798 14.3496 7.99002 7.83328 7.83328 
23.2373 7.89236 28.4791 16.6649 7.96101 7.88264 7.88264 
24.0797 7.84026 27.0122 17.5225 7.87459 7.8354 7.8354 
24.3402 7.91374 26.6051 17.3874 7.9309 7.91131 7.91131 
24.3281 8.51614 28.0442 15.3806 7.91682 7.90702 7.90702 
24.4536 8.29847 28.6686 15.0977 7.83046 7.82557 7.82557 
24.348 8.18964 28.4757 15.6297 7.78729 7.78484 7.78484 
23.0303 8.07036 30.5987 14.6956 7.86918 7.86795 7.86795 
23.2362 7.89274 28.6525 16.8433 7.79216 7.79154 7.79154 
24.1563 7.92191 28.6993 15.6082 7.87161 7.87131 7.87131 
25.7546 7.93154 27.732 14.8629 7.90639 7.90624 7.90624 
26.3671 7.92472 26.9159 15.0561 7.91214 7.91207 7.91207 
26.3246 7.80851 28.0413 14.4191 7.80222 7.80219 7.80219 
23.934 8.40586 28.6509 15.7304 7.75963 7.75961 7.75961 
22.4285 8.20293 27.4024 18.3268 7.87982 7.87981 7.87981 
22.1711 7.95949 28.3617 18.114 7.79793 7.79793 7.79793 
21.0523 7.96646 28.7988 18.5254 7.88568 7.88568 7.88568 
22.6474 8.22565 27.1267 18.3536 7.88223 7.88223 7.88223 
21.3969 8.50843 28.7648 17.7849 7.78727 7.97042 7.78727 
21.9441 8.23345 30.4724 15.4668 8.04588 7.96445 7.87287 
22.3054 8.95006 29.0695 15.7334 8.02294 7.98222 7.93644 
20.7516 8.34323 30.0075 17.3223 7.87967 7.85931 7.83641 
21.9675 8.32386 29.0176 16.9656 7.91907 7.90889 7.89745 
22.077 8.50277 28.9783 17.0037 7.81806 7.81297 7.80724 
24.729 8.12043 26.9891 16.8352 7.77808 7.77553 7.77267 
25.3015 8.25602 29.2288 14.012 7.73519 7.73392 7.73249 
25.8174 8.12801 30.4477 12.006 7.8676 7.86696 7.86624 
25.8551 8.08186 29.0632 13.5923 7.80285 7.80253 7.80217 
25.0441 8.02866 29.1021 14.1581 7.88915 7.88899 7.88881 
23.987 7.99522 28.2453 15.9963 7.92547 7.92539 7.9253 
22.6185 7.90386 30.0602 15.8106 7.86898 7.86894 7.8689 
22.9372 7.87635 28.5475 17.0623 7.85891 7.85889 7.85887 
23.5804 8.13072 27.0067 17.8479 7.81144 7.81143 7.81142 
26.8264 8.23203 28.3584 12.9095 7.89123 7.89122 7.89122 
27.5309 8.0866 29.7674 10.4253 8.35738 7.9162 7.9162 
25.8344 7.9618 30.401 11.9525 8.09718 7.8766 7.87659 
25.9042 7.877 29.1615 13.4438 7.9447 7.8344 7.8344 
25.1614 8.58966 26.0633 16.6056 7.89677 7.84162 7.84162 
24.3048 9.46725 29.0661 12.958 8.43114 7.88633 7.88633 
26.0947 8.57978 30.2382 11.4469 8.06172 7.78932 7.78932 
24.4509 8.38346 30.47 13.0334 7.97823 7.84203 7.84203 
25.6757 8.1391 27.8081 14.7038 7.93648 7.86838 7.86838 
23.3562 8.64272 28.3858 15.8885 7.93166 7.89761 7.89761 
23.5828 8.23292 29.499 15.0871 7.87739 7.86037 7.86037 
25.1152 7.98466 28.0733 15.4232 7.80689 7.79838 7.79838 
25.6491 7.93555 27.9168 14.9671 7.84666 7.84241 7.84241 
24.8119 7.91099 27.8385 15.8432 7.86655 7.86442 7.86442 
25.5878 7.89489 27.1011 15.8004 7.87267 7.8716 7.8716 
22.7939 8.55062 28.7886 16.1542 7.90459 7.90406 7.90406 
22.5605 8.20613 29.1742 16.4104 7.88311 7.88285 7.88285 
23.5903 8.05443 27.0491 17.6277 7.89292 7.89279 7.89279 
24.4863 8.00275 27.7447 16.0004 7.922 7.92193 7.92193 
21.8894 7.8599 29.9495 16.8426 7.81952 7.81949 7.81949 
20.602 8.44708 28.6819 18.3902 8.27113 7.80382 7.80382 
14 14 14 14 14 14 14 
12.0325 13.5747 16.2532 15.9286 13.0877 14.3864 13.737 
12.401 13.0892 20.2328 17.6658 13.0944 12.1683 10.8486 
12.9997 13.4483 22.6687 16.8873 12.4049 11.9419 9.3992 
11.908 13.6629 23.7833 17.2192 13.8555 10.7669 8.67919 
11.3482 13.7817 24.7547 18.7756 13.2556 9.74028 8.2815 
9.58714 16.2387 24.0078 18.8443 12.8234 10.4136 8.0538 
9.00409 15.593 24.846 19.5274 13.4643 9.5226 8.0269 
9.0288 15.101 25.5917 20.3604 13.1108 8.87653 7.92291 
10.2639 15.6614 24.5002 19.4205 13.6396 8.64771 7.86289 
11.2858 13.7648 24.0083 18.7212 15.2813 9.04913 7.88749 
11.1631 14.4195 24.5307 18.8086 14.3286 8.87701 7.87156 
10.9869 14.2784 22.3485 20.9428 15.1684 8.38861 7.88588 
10.545 14.8711 22.3083 20.059 15.6255 8.73039 7.86047 
10.221 14.9613 22.3913 20.1326 15.7509 8.69509 7.84776 
9.84166 15.9753 21.1956 20.1738 15.7249 9.18625 7.90237 
8.90856 15.2474 22.561 21.1299 15.6334 8.58086 7.93892 
9.41209 15.5351 23.4113 21.1135 13.7239 8.93178 7.87241 
8.68094 16.7634 24.5718 20.5986 12.5105 8.9638 7.9111 
8.61397 15.3261 26.1748 19.3805 13.1997 9.39643 7.90854 
9.76917 14.3857 28.0034 19.144 11.7469 9.00494 7.94587 
9.87419 14.9891 28.7626 18.9275 11.071 8.45257 7.92304 
9.92601 14.3682 29.348 19.5525 9.8592 8.99347 7.95265 
11.2265 13.0156 28.8209 20.4674 9.46524 9.03237 7.97201 
10.6808 13.4898 25.8969 22.7337 10.4759 8.79547 7.92744 
9.32 13.2755 25.7036 24.326 10.9522 8.47937 7.94331 
10.1251 14.661 24.0146 23.9072 10.2436 9.1234 7.92515 
9.76341 13.6339 23.8663 24.1331 11.2115 9.47623 7.91556 
8.80525 13.9598 23.5025 25.0444 11.4408 9.36588 7.88132 
9.13831 11.9359 26.2887 25.6279 10.0155 9.08823 7.90542 
10.1983 13.9149 23.63 24.6241 11.0784 8.628 7.92622 
9.55349 14.6412 26.6257 22.6684 10.3276 8.32291 7.86066 
8.67583 15.2335 25.9275 23.3755 10.5537 8.40457 7.82941 
9.02201 15.7867 25.1642 23.1257 10.9413 8.12386 7.83627 
9.02713 17.7858 23.6574 23.6058 9.9868 8.04042 7.89663 
8.49587 18.0743 23.3331 24.3029 9.5288 8.33437 7.93062 
8.46871 18.9939 22.4891 24.3809 9.74275 8.06329 7.86141 
8.20431 17.3296 22.9398 25.2806 9.9143 8.43079 7.90066 
8.06691 15.493 25.3466 25.0852 8.92191 9.17134 7.91509 
7.9749 16.9807 24.0472 24.0291 10.3168 8.75234 7.89899 
8.07133 16.1063 24.1649 24.3766 11.0083 8.34968 7.923 
8.94638 15.5308 25.1405 23.7954 10.4149 8.3043 7.86775 
8.83049 14.846 25.5332 25.6232 9.23793 8.07372 7.85544 
8.34538 14.6282 24.8845 26.5671 9.74997 7.96699 7.85785 
8.96721 16.4465 23.7436 23.215 11.7243 7.97893 7.92436 
8.42234 16.8666 23.141 23.5331 11.442 8.69406 7.90091 
8.17044 18.2749 22.9958 22.0607 12.169 8.41943 7.90973 
9.64078 17.2486 23.8312 21.0303 11.64 8.65416 7.95487 
9.28467 16.8832 23.746 22.2339 10.8423 9.12619 7.88368 
9.75103 17.3547 24.0469 21.9865 9.98639 9.01961 7.85488 
8.98807 16.4695 25.3351 22.3569 10.0798 8.94704 7.82355 
9.38292 16.7903 23.2231 22.2896 11.4843 8.91796 7.91177 
8.66636 18.3324 22.0718 22.5465 12.0183 8.43388 7.93078 
8.75495 16.9893 22.4872 22.9512 12.4717 8.41195 7.93364 
9.58581 17.8697 23.0491 20.6191 12.7174 8.2569 7.90201 
9.71281 17.1728 23.0806 22.4377 11.7363 8.01861 7.84116 
8.94732 16.2 23.1312 24.0598 11.7772 7.98658 7.89785 
8.43293 16.0186 22.5385 24.134 13.0153 7.95257 7.9082 
8.78122 15.1218 24.3266 23.3196 12.6648 7.9041 7.88191 
8.30259 15.6294 23.4102 23.7625 12.8116 8.23078 7.85294 
9.16269 14.6484 24.3475 22.2457 13.5812 8.10172 7.9128 
8.55331 14.0999 25.4915 23.6229 12.2813 8.02282 7.92836 
8.502 13.8575 26.0087 23.7833 11.8918 8.00202 7.95479 
8.15171 14.4937 25.2975 24.303 11.3833 8.49274 7.87811 
9.42893 14.4223 25.9745 23.0854 10.9308 8.2327 7.92539 
9.37133 13.7062 26.4676 23.1849 11.3478 8.03792 7.88426 
10.6067 12.3794 26.918 23.1714 11.0686 7.96633 7.8895 
11.2527 12.1391 26.3704 24.2439 10.2179 7.90721 7.8688 
10.815 11.8478 27.572 24.622 9.47213 7.84512 7.82591 
10.2299 11.2539 28.5068 24.7475 9.5584 7.85657 7.84696 
10.0678 11.759 30.527 22.7511 9.26033 7.81979 7.81499 
9.73976 11.1736 29.3811 24.905 8.98311 7.9099 7.9075 
10.2656 11.1024 29.3189 24.323 9.16781 7.91178 7.91058 
11.5053 10.0855 29.3653 22.5782 10.7114 7.87746 7.87686 
11.1316 9.44373 28.1301 25.5923 10.0012 7.85071 7.85041 
10.1812 10.3629 28.0394 24.9756 10.6416 7.89971 7.89956 
10.4891 11.094 28.1585 24.313 10.0766 7.93443 7.93436 
12.1658 11.2749 26.8478 24.6863 9.2149 7.90516 7.90513 
10.7742 10.9461 28.7325 25.1827 8.55807 7.9032 7.90318 
10.401 11.3226 27.5975 26.2404 8.73586 7.85132 7.85131 
10.6222 11.9264 28.2566 24.566 8.82576 7.90156 7.90156 
10.9081 11.6846 28.183 24.9695 8.39298 7.93088 7.93088 
10.789 10.5569 26.8707 26.5046 9.40741 7.93566 7.93566 
10.8467 11.5285 26.4672 25.7523 9.49094 7.95719 7.95719 
9.73805 10.5866 27.7006 26.4548 9.69471 7.91261 7.91261 
10.396 10.9488 27.7321 25.4382 9.60314 7.94088 7.94088 
9.49908 9.64107 29.1886 25.6223 10.3123 7.86829 7.86829 
10.5485 9.33085 28.8984 25.5689 9.79534 7.92899 7.92899 
10.9194 9.23532 28.1589 26.3597 9.46756 7.99675 7.86234 
11.5444 9.90866 26.7779 25.4814 10.4216 7.96663 7.89943 
11.4173 10.4651 27.233 24.5687 10.5871 7.88116 7.84756 
11.7247 11.1149 27.7876 23.9154 9.83903 7.81759 7.80079 
11.4759 11.0405 28.3847 24.6209 8.83596 7.82524 7.81684 
10.9721 11.9941 26.8645 25.1203 9.23892 7.90711 7.90291 
10.8808 11.5233 26.7217 26.5075 8.56683 7.90092 7.89882 
10.0558 10.1206 26.8224 28.8948 8.25777 7.92482 7.92377 
10.7386 10.5172 27.2437 27.1378 8.57051 7.89642 7.8959 
11.2203 10.5777 26.7867 26.8667 8.67355 7.93757 7.93731 
11.1174 9.63669 28.176 26.0421 8.6846 8.46154 7.8817 
11.4642 10.1989 28.3925 25.6195 8.27931 8.16778 7.87786 
11.6218 9.48543 29.9857 25.0904 8.02437 7.9686 7.82364 
13.1516 10.0059 27.7352 24.8721 8.58282 7.86242 7.78994 
13.0976 10.5102 26.4763 26.0592 8.20445 7.84425 7.80801 
13.4498 10.0728 26.5194 26.0504 8.26889 7.82838 7.81026 
12.8503 9.45235 28.217 25.5608 8.12305 7.90279 7.89373 
12.928 10.073 27.5478 25.0637 8.6858 7.85313 7.8486 
13.4441 10.1647 28.5887 23.5005 8.47396 7.91517 7.9129 
14.3609 9.24902 27.6277 24.8058 8.26476 7.84647 7.84534 
13.2099 9.62451 28.2256 25.05 8.10297 7.89382 7.89326 
14.6049 8.95511 27.9699 24.525 8.05148 7.94691 7.94663 
15.1482 8.46692 28.2137 24.2306 8.0151 7.96282 7.96268 
14.9315 8.58781 29.4222 23.3765 7.91146 7.88531 7.88524 
14.2304 8.26449 30.1523 23.6 7.92632 7.91324 7.91321 
14.4155 8.6777 28.437 24.3345 8.23313 7.95111 7.95109 
14.0675 9.52178 28.8527 23.4477 8.23242 7.93897 7.93896 
14.1971 9.77522 28.4664 23.9015 7.9844 7.83768 7.83768 
15.3302 8.85102 28.41 23.5361 8.10806 7.88225 7.88225 
15.8987 8.76683 28.5763 23.1453 7.94624 7.83334 7.83334 
14.3963 8.53814 29.9042 23.7503 7.84132 7.78487 7.78487 
13.5518 8.13647 29.4549 25.5492 7.78806 7.75984 7.75984 
13.452 8.04551 28.932 25.9848 7.8713 7.85719 7.85719 
14.9613 7.99334 29.9072 23.4336 7.90624 7.89918 7.89918 
17.2029 8.02445 27.4536 23.8001 7.84201 7.83848 7.83848 
15.3916 8.48753 27.4614 24.863 8.24199 7.77727 7.77727 
14.6691 8.10133 28.7158 25.0428 7.97856 7.7462 7.7462 
13.2517 9.52404 27.6715 25.835 7.98336 7.86718 7.86718 
13.4234 8.68951 28.4883 25.7574 7.91917 7.86108 7.86108 
13.4069 9.33051 30.341 23.1351 7.94819 7.91915 7.91915 
16.0307 8.64079 27.7087 23.8 7.94963 7.93511 7.93511 
16.636 8.19971 26.9291 24.6873 7.85413 7.84686 7.84686 
16.4186 8.01047 27.012 25.0532 7.83768 7.83405 7.83405 
14.7093 8.1719 29.506 23.8599 7.91884 7.91702 7.91702 
14.847 8.06149 28.6674 24.6211 7.93495 7.93405 7.93405 
15.4117 8.02483 26.7597 25.92 7.96156 7.96111 7.96111 
14.2399 8.27378 27.5844 26.0282 7.95805 7.95783 7.95783 
13.6695 8.1305 27.2107 27.0716 7.97264 7.97252 7.97252 
14.0222 8.284 27.9804 25.8796 8.04882 7.89251 7.89251 
14.4516 8.01105 26.7878 27.2255 7.89346 7.8153 7.8153 
14.6861 8.6087 28.632 24.4064 7.91498 7.87591 7.87591 
16.1926 8.28665 26.7054 25.0351 7.93979 7.92025 7.92025 
15.2605 8.02392 27.3825 25.8011 7.85049 7.84072 7.84072 
14.3073 7.89395 28.4428 25.944 7.80723 7.80235 7.80235 
16.2301 7.92787 29.0303 23.1631 7.88451 7.88207 7.88207 
16.8614 7.89979 28.2178 23.3891 7.87811 7.87689 7.87689 
16.2923 7.88071 27.9454 24.2732 7.86987 7.86926 7.86926 
16.5354 8.47056 28.0666 23.546 7.794 7.79369 7.79369 
15.8529 8.10525 29.0488 23.6925 7.76697 7.76682 7.76682 
14.1764 8.0299 29.7233 24.4883 7.86076 7.86068 7.86068 
15.9307 7.87347 27.7234 25.1059 7.7889 7.78886 7.78886 
15.3227 7.84064 28.2761 25.1656 7.79835 7.79833 7.79833 
15.6433 8.7396 29.1983 22.9743 7.81484 7.81483 7.81483 
17.0117 8.41964 28.1505 23.0137 7.8015 7.8015 7.8015 
17.8007 8.37649 28.3381 22.244 7.7469 7.7469 7.7469 
17.2071 8.18185 27.2681 23.7418 7.86706 7.86706 7.86706 
15.1124 8.23294 28.279 24.5928 7.92761 7.92761 7.92761 
14.2126 7.98644 28.8454 25.4543 7.83378 7.83378 7.83378 
15.6777 7.96147 27.1211 25.5843 7.88514 7.88514 7.88514 
16.4103 7.98074 27.7034 24.0779 7.94257 7.94257 7.94257 
16.0129 7.89427 26.6145 25.8527 7.87519 7.87519 7.87519 
17.4014 7.92803 26.683 24.2321 7.91849 7.91849 7.91849 
18.8918 8.74108 25.9211 22.6256 7.94013 7.94013 7.94013 
16.1423 8.23959 28.1391 23.9616 7.83912 7.83912 7.83912 
18.1351 8.11341 26.3699 23.6421 7.91317 7.91317 7.91317 
20.1786 7.99935 28.4179 19.7064 7.89924 7.89924 7.89924 
20.0272 8.19222 29.1158 19.17 7.83161 7.83161 7.83161 
20.397 8.24947 27.9764 19.6489 7.90941 7.90941 7.90941 
22.2324 8.02304 28.5645 17.621 7.85301 7.85301 7.85301 
20.5179 8.00012 27.1028 20.6339 7.91511 7.91511 7.91511 
22.1131 7.95143 26.4693 19.7394 7.90892 7.90892 7.90892 
21.9686 7.88451 27.2412 19.316 7.86326 7.86326 7.86326 
20.7476 8.82391 26.7863 19.8651 7.92571 7.92571 7.92571 
21.7599 8.70238 28.2446 17.5233 7.92325 7.92325 7.92325 
23.8051 8.43283 27.2175 16.5848 8.21333 7.87319 7.87319 
24.106 8.11472 29.0325 15.0721 8.00497 7.8349 7.8349 
23.0699 8.01216 28.2168 16.4343 8.52226 7.87225 7.87225 
21.7551 8.25136 27.6304 18.4373 8.19195 7.86694 7.86694 
23.7589 8.02399 28.0525 16.5068 7.99428 7.83178 7.83178 
23.4179 8.01199 28.3339 16.4072 7.99714 7.91589 7.91589 
23.9148 8.56482 26.814 16.8801 7.96916 7.92853 7.92853 
25.7279 8.21684 27.0136 15.3253 7.91901 7.89869 7.89869 
24.6652 8.45624 29.0347 14.1844 7.84149 7.98661 7.83133 
23.5366 8.07428 28.2297 16.7912 7.7669 7.83946 7.76182 
23.8752 8.12519 28.5803 15.9428 7.81427 7.85055 7.81173 
24.0445 7.99341 26.7115 17.7198 7.83795 7.85609 7.83668 
22.1184 7.84286 28.0994 18.6355 7.76513 7.7742 7.76449 
22.8972 7.81551 27.9126 18.0405 7.77665 7.78118 7.77633 
22.8045 8.14504 29.041 16.6474 7.78663 7.7889 7.78647 
22.7456 7.95312 28.9981 16.9804 7.77391 7.77504 7.77383 
24.6278 7.83562 28.9286 15.3694 7.74602 7.74658 7.74598 
25.607 7.8453 28.0595 14.9355 7.95156 7.80078 7.80048 
26.7895 7.76881 29.4143 12.7125 7.82193 7.74655 7.74639 
28.7146 8.09316 29.1853 10.7333 7.78302 7.74533 7.74525 
28.7154 7.93171 29.9643 10.0964 7.77665 7.7578 7.75776 
28.6027 8.38181 28.23 11.1736 7.87693 7.8675 7.86748 
28.5871 8.15916 28.8769 10.6661 7.90672 7.90201 7.902 
27.7005 8.18053 29.5804 10.8536 7.89658 7.89422 7.89422 
27.9175 8.0658 30.8452 9.40232 7.92382 7.92265 7.92264 
26.3839 7.92511 30.243 11.7371 8.00383 7.85354 7.85354 
25.2609 7.88105 27.9742 15.2729 7.92041 7.84526 7.84526 
26.5106 7.88374 29.129 12.8415 7.90342 7.86585 7.86585 
26.9199 7.82386 28.695 13.0978 7.8337 7.81491 7.81491 
27.6972 7.81023 28.4153 12.6506 7.81515 7.80576 7.80576 
29.2202 7.79025 29.2414 10.3793 7.79271 7.78802 7.78802 
30.2636 8.15045 28.7544 9.29302 7.84772 7.84538 7.84538 
31.102 8.55283 27.8101 9.12412 7.80446 7.80328 7.80328 
31.4526 8.21084 28.3313 8.49649 7.83666 7.83607 7.83607 
29.9901 8.09315 29.6564 8.54272 7.90606 7.90576 7.90576 
28.8248 7.94729 30.4311 9.05859 8.03104 7.85359 7.85359 
28.1665 8.01895 31.8822 8.41279 7.89902 7.81029 7.81029 
28.096 7.99037 31.5462 8.665 7.9304 7.88604 7.88604 
29.6443 7.97072 29.0758 9.53127 7.94074 7.91855 7.91855 
29.8528 7.97309 28.3416 9.98036 7.9581 7.94701 7.94701 
29.4524 7.96208 27.3206 11.4122 7.95458 7.94904 7.94904 
29.1493 7.82719 29.686 9.87277 7.82345 7.82067 7.82067 
28.6772 7.75975 31.1891 9.10305 7.75788 7.75649 7.75649 
27.9889 7.86761 30.6252 9.91962 7.86667 7.86598 7.86598 
27.9696 7.81579 30.3747 10.3946 7.81532 7.81498 7.81498 
28.4329 7.804 29.1484 10.3921 8.61545 7.80359 7.80359 
28.2941 7.78549 29.1373 11.0213 8.19122 7.78529 7.78529 
29.224 8.50813 28.8763 9.51065 8.09561 7.89265 7.89265 
30.7658 8.25407 28.2843 8.75532 8.04781 7.94632 7.94632 
27.5228 8.65378 30.8088 8.69865 8.13913 8.08839 8.08839 
26.7122 8.75312 32.1257 8.44769 8.00399 7.97862 7.97862 
27.4633 8.66227 30.17 9.93813 7.93057 7.91788 7.91788 
27.4259 8.31203 27.9831 12.4531 7.94618 7.93983 7.93983 
28.8255 8.01454 29.5864 10.0851 7.83161 7.82844 7.82844 
30.0091 7.9828 28.096 10.2413 7.89134 7.88975 7.88975 
28.6268 8.79016 28.1347 11.003 7.81564 7.81485 7.81485 
28.5257 8.33344 28.9646 10.6385 7.84618 7.84578 7.84578 
29.0455 8.07976 30.1345 9.23229 7.83613 7.83593 7.83593 
26.9441 7.9707 29.6899 11.8488 7.84888 7.84878 7.84878 
27.7578 7.88145 30.5917 10.3075 7.82055 7.8205 7.8205 
28.3269 7.83683 31.2049 9.21221 7.80638 7.80635 7.80635 
27.1887 8.1201 30.4484 10.7686 7.82476 7.82474 7.82474 
26.2449 7.97571 28.6278 13.6674 7.82804 7.82803 7.82803 
26.3629 7.82061 28.077 14.4992 7.74677 7.74677 7.74677 
25.7581 7.89803 29.836 12.9245 7.86112 7.86112 7.86112 
26.1144 8.36078 30.2775 11.5276 8.01553 7.85213 7.85213 
25.5162 8.11482 29.2371 13.4687 7.94219 7.86049 7.86049 
24.6349 8.01635 26.642 16.9983 7.93004 7.88919 7.88919 
24.1187 7.89016 26.5198 17.9712 7.84701 7.82658 7.82658 
25.9482 7.86665 26.9854 15.6849 7.84507 7.83486 7.83486 
28.1685 7.82025 28.3337 12.0828 7.98614 7.80436 7.80436 
27.311 7.83454 29.4285 11.8553 7.91749 7.8266 7.8266 
27.1403 7.85667 27.8961 13.5034 7.89814 7.85269 7.85269 
27.0184 7.89385 28.948 12.4414 7.91459 7.89186 7.89186 
28.5399 7.93466 29.1979 10.5152 7.94502 7.93366 7.93366 
27.2037 7.91055 27.6905 13.4595 7.91573 7.91005 7.91005 
28.4848 7.80143 28.3937 11.9137 7.80402 7.80118 7.80118 
28.8397 7.75977 30.3042 9.8159 7.76107 7.75965 7.75965 
26.274 7.83125 30.8056 11.5949 7.8319 7.83119 7.83119 
26.8006 7.81953 28.1656 13.7554 7.81986 7.8195 7.8195 
27.26 7.76941 29.6968 11.9654 7.76958 7.7694 7.7694 
26.2374 7.7529 29.1751 13.5758 7.75298 7.75289 7.75289 
26.6808 7.79802 29.13 12.9971 7.79806 7.79802 7.79802 
27.6727 7.8078 30.6888 10.4073 7.80782 7.8078 7.8078 
26.9942 7.85127 30.2567 11.344 7.85128 7.85127 7.85127 
26.5544 7.90653 28.9818 12.8376 7.90653 7.90653 7.90653 
25.9891 7.85157 27.3723 15.2324 7.85157 7.85157 7.85157 
25.3439 7.84145 28.897 14.3933 7.84145 7.84145 7.84145 
25.4446 7.8148 28.3114 14.9848 7.81481 7.8148 7.8148 
24.848 7.79962 27.6288 16.3247 7.79962 7.79962 7.79962 
23.0253 7.85551 28.6878 16.8649 7.85551 7.85551 7.85551 
21.793 7.82183 26.9607 19.9589 7.82183 7.82183 7.82183 
21.1201 7.90453 27.3781 19.8836 7.90453 7.90453 7.90453 
22.8912 8.51307 28.5539 16.5296 7.8374 7.8374 7.8374 
25.1112 8.11506 27.4602 15.9819 7.77722 7.77722 7.77722 
14 14 14 14 14 14 14 
14.4486 12.9932 14.1918 15.5616 12.8219 16.5034 12.4795 
13.4306 14.5385 17.9351 15.7354 14.3655 13.3216 10.1733 
12.5138 15.159 20.1843 15.1871 14.9774 12.6494 9.07904 
11.8586 14.9446 23.0589 15.6848 13.9202 11.9264 8.48143 
10.5589 16.0114 22.8463 16.4844 14.7791 11.1072 8.15018 
9.47945 16.8057 21.1232 18.9422 15.0895 10.4536 8.07509 
8.65539 16.6358 22.5094 21.0173 12.9665 10.2469 7.95321 
8.53936 17.4972 21.9458 21.1998 13.0707 9.76707 7.97228 
8.21159 19.122 22.1762 19.5211 13.9005 9.13665 7.92805 
8.08194 19.7996 23.7124 19.6015 11.6222 9.24029 7.94017 
8.96602 17.2874 25.3466 20.0791 11.2715 9.11693 7.93154 
8.41082 18.0917 25.4121 20.2306 11.4744 8.48628 7.89358 
8.57641 17.6812 24.3265 22.2688 10.7479 8.50753 7.89135 
9.51209 17.5826 23.7837 21.5822 11.3441 8.30494 7.89024 
9.92503 19.0299 23.1245 20.135 10.4434 9.42086 7.92126 
9.55542 18.3876 23.2533 19.984 11.6935 9.19895 7.92723 
9.63003 19.6368 23.1245 18.8528 11.6484 9.24082 7.86657 
9.06603 17.8144 24.6189 20.2563 10.4801 9.88357 7.88065 
8.59551 17.3447 28.247 18.4615 10.3442 9.10845 7.89866 
8.87292 16.9512 28.0668 19.0347 10.0741 9.12939 7.8709 
8.41969 17.3855 27.8699 18.6368 10.5926 9.17685 7.91868 
10.3557 16.5052 26.2266 18.6934 10.9213 9.38009 7.91767 
10.5531 16.7719 26.2979 18.0688 10.2274 10.1667 7.91421 
10.2657 18.0389 23.778 19.7719 10.8621 9.42175 7.86166 
11.4363 18.4211 22.3591 19.6082 11.6276 8.66387 7.88382 
11.1918 17.6316 23.7059 20.7515 10.4454 8.33193 7.94191 
11.1396 19.2636 22.9404 19.5442 11.0862 8.11053 7.91552 
10.8678 19.1241 23.0596 20.3681 10.6204 8.02877 7.93127 
10.0164 18.116 22.2223 22.3022 11.2165 8.18954 7.93712 
10.4024 18.6016 22.0032 21.3171 11.7286 8.03668 7.91047 
10.2326 18.4203 23.0561 19.1491 13.097 8.10639 7.93846 
9.63245 18.3499 23.8937 19.467 12.4625 8.24674 7.94773 
8.94467 17.6612 25.823 19.8253 11.5065 8.36649 7.87295 
9.56589 15.8992 25.8013 21.3471 11.3665 8.13335 7.88658 
9.55567 16.1314 26.537 20.6736 11.0242 8.15758 7.92056 
8.95417 15.0263 25.9135 22.6338 11.5446 8.02311 7.9046 
9.01223 14.0891 26.789 23.5618 10.5342 8.09319 7.92055 
9.28389 14.0445 26.0611 24.1142 9.93376 8.60215 7.96028 
8.79925 14.2133 25.2778 25.3155 10.1354 8.23366 8.02508 
8.45945 14.799 26.5278 25.1578 9.0207 8.06982 7.96553 
9.27457 12.8927 28.1742 24.4623 9.21887 8.07078 7.90653 
9.42088 11.3439 28.2101 24.6457 10.4181 8.02172 7.9396 
8.77365 10.8638 26.859 25.9797 11.6425 7.9612 7.92014 
8.30839 12.1857 25.9567 25.735 12.0304 7.90217 7.88164 
8.06224 14.1388 24.5876 25.6261 11.8773 7.85913 7.84886 
8.43026 13.1853 25.9204 24.7229 11.6253 8.22141 7.89439 
8.1964 13.3842 26.3091 25.8275 9.91102 8.44326 7.92846 
8.38085 13.9726 26.0025 25.0123 10.3088 8.39722 7.92569 
9.02236 13.1838 26.1315 25.1112 10.4065 8.19021 7.95444 
8.86412 13.6507 27.5363 23.3791 10.3797 8.21275 7.97722 
8.35583 13.3276 27.8937 23.4609 11.0195 8.03014 7.91238 
8.99854 13.7266 26.3908 23.8381 11.2272 7.93884 7.87996 
9.17217 14.4567 24.8776 24.1854 11.4547 7.94138 7.91194 
9.99474 14.8005 25.4196 23.6312 10.2947 7.93704 7.92232 
10.3632 14.7173 25.1488 23.5229 10.0254 8.35876 7.8636 
9.88345 14.8128 24.8451 24.2614 10.2879 8.07846 7.83088 
8.92299 15.0176 24.8347 24.1916 11.1159 8.0205 7.89671 
9.16029 15.9426 25.1884 23.3006 10.4977 7.98615 7.92426 
10.1486 15.3959 25.8193 22.6712 10.1212 7.93739 7.90644 
9.34259 16.2345 25.5926 22.799 10.3045 7.87113 7.85566 
9.07935 17.0593 25.2648 22.8605 10.0641 7.83985 7.83211 
9.43228 15.6896 27.1909 20.8574 11.118 7.85787 7.854 
10.6217 15.5876 27.1125 19.7463 11.202 7.86594 7.86401 
11.2287 14.7986 28.049 20.5012 9.58652 7.91848 7.91751 
10.9431 14.6555 26.9497 22.1553 9.44179 7.92749 7.92701 
11.311 14.7487 26.6135 22.7565 8.85715 7.85669 7.85645 
12.3387 13.6862 25.683 23.507 9.00778 7.88874 7.88862 
11.0989 14.5896 26.2218 23.6079 8.61187 7.93498 7.93492 
11.2196 13.7381 26.2552 24.1751 8.68738 7.96234 7.96231 
10.9669 13.2466 26.2654 24.46 9.19063 7.93525 7.93523 
11.7188 14.2704 25.2503 23.5241 9.3012 7.96762 7.96762 
12.1094 13.6256 26.928 21.738 9.69868 7.95016 7.95015 
11.4337 12.0695 27.7672 23.7052 9.25032 7.88706 7.88706 
11.5992 11.5335 28.9731 22.3385 9.74025 7.90772 7.90772 
11.9093 12.0012 27.3295 22.7653 10.107 7.94389 7.94389 
11.0328 11.7297 26.5554 25.1847 9.74102 7.87819 7.87819 
11.2521 12.598 25.1231 25.1859 9.98273 7.92912 7.92912 
12.0199 11.2862 25.0935 24.997 10.7458 7.92876 7.92876 
13.3304 11.168 24.9777 23.8245 10.8978 7.9699 7.83178 
12.6601 13.3646 24.8613 22.499 10.806 7.93903 7.86997 
11.7822 14.2621 24.6647 22.9516 10.0573 8.35781 7.92435 
10.188 14.4227 26.2646 23.3248 9.84634 8.08516 7.86842 
10.3504 14.7755 26.4657 22.3034 10.1796 8.01694 7.90857 
10.4741 13.9095 27.4991 21.6137 10.6604 7.94869 7.8945 
9.59029 13.9199 26.063 25.2347 9.31032 7.95444 7.92735 
9.83716 13.8227 26.6169 23.5417 10.3975 7.89879 7.88524 
10.0637 12.5842 26.633 24.8315 10.08 7.90718 7.90041 
10.93 11.1178 28.0618 25.2844 8.9274 7.84099 7.8376 
11.481 10.6391 28.202 25.209 8.87546 7.7975 7.79581 
12.3339 9.85253 28.112 25.1045 8.83334 7.88227 7.88142 
11.7225 11.1432 27.6803 24.7216 8.91402 7.90939 7.90896 
10.9863 10.3216 28.9652 25.3608 8.45701 7.95469 7.95448 
11.9746 10.055 29.562 24.3206 8.19676 7.9456 7.94549 
15.0525 10.5516 28.9453 21.3671 8.20603 7.93881 7.93875 
15.9731 10.1804 26.4617 23.4901 8.05397 7.92036 7.92033 
17.3703 10.6924 26.6762 20.9887 8.08861 8.30192 7.88173 
14.7458 10.5804 27.5255 23.0288 8.03879 8.14545 7.93536 
14.9148 10.4578 30.2432 19.7546 8.768 7.98334 7.87829 
15.8813 9.16911 30.8825 19.9317 8.32422 7.93189 7.87936 
15.7449 8.81736 29.3301 21.8706 8.39491 7.9342 7.90794 
16.2508 9.13841 27.7732 22.4218 8.65692 7.88602 7.87289 
15.6922 9.02024 29.1685 22.1901 8.18602 7.94894 7.79401 
15.2637 8.76836 29.282 21.672 9.17543 7.95799 7.88052 
15.5423 8.41403 29.2679 22.627 8.46831 7.85959 7.82086 
15.2782 8.45631 28.6566 23.4948 8.3418 7.8958 7.87643 
16.5963 8.23885 28.9005 22.5763 8.04791 7.82491 7.81522 
15.8324 8.63997 29.3818 22.384 7.99656 7.88506 7.88021 
17.0203 8.51074 27.5521 22.7527 8.47805 7.84426 7.84184 
16.0859 8.95234 29.2306 21.8309 8.17842 7.86152 7.86031 
14.6492 9.00985 29.5117 23.2211 7.97522 7.81677 7.81617 
16.3029 8.52969 28.0685 23.5301 7.85758 7.93315 7.77805 
16.0994 8.16658 28.9187 23.3257 7.83052 7.86831 7.79076 
15.6768 8.03809 28.4424 24.2335 7.87006 7.88896 7.85018 
15.9673 8.77365 27.5647 23.9266 7.92276 7.93221 7.91282 
14.8802 9.70292 28.4375 23.4575 7.84069 7.84541 7.83572 
14.0577 9.11616 29.0717 23.7876 8.18505 7.8933 7.88845 
14.7548 9.51435 28.8216 23.1183 8.02839 7.88251 7.88008 
13.8533 8.67284 29.471 24.2097 8.08046 7.85692 7.8557 
14.3113 8.9518 27.5047 25.3356 8.04023 7.92846 7.92785 
13.9049 8.74587 29.5926 23.8248 8.0146 7.95872 7.95842 
14.1162 9.4899 27.808 24.7779 7.95467 7.92673 7.92658 
16.5957 8.64668 28.4994 22.6491 7.87907 7.8651 7.86502 
15.0472 10.6594 27.886 22.6193 7.93403 7.92704 7.927 
14.468 9.18774 27.9862 24.8899 7.82504 7.82154 7.82153 
15.6438 9.02812 27.9075 23.7599 7.88805 7.88631 7.8863 
15.7734 8.42242 28.2395 24.0093 7.85238 7.85151 7.8515 
14.6202 8.65247 28.8762 24.4689 7.79439 7.79395 7.79395 
14.8402 8.2419 27.8417 25.638 7.81286 7.81264 7.81264 
15.6072 8.50691 26.494 25.8307 7.8538 7.85369 7.85369 
14.9042 8.24754 28.9274 23.8621 8.21684 7.92093 7.92093 
16.4187 8.07514 28.7494 22.8733 8.05979 7.91183 7.91183 
18.0334 7.99651 27.8645 22.2871 7.98884 7.91486 7.91486 
18.4009 8.25046 26.3956 23.167 7.95336 7.91637 7.91637 
17.1129 8.50233 25.824 24.2098 8.69049 7.83024 7.83024 
18.5232 8.5701 27.3639 21.4072 8.33195 7.90183 7.90183 
18.8361 9.90815 27.9676 19.3662 8.11734 7.90228 7.90228 
19.891 9.17705 28.0041 19.1426 8.11273 7.83628 7.83628 
18.2522 9.5406 27.8998 20.4339 8.04997 7.91175 7.91175 
18.4095 8.6791 29.4222 19.8261 7.93378 7.86467 7.86467 
18.8774 9.54788 28.2528 19.7345 7.98475 7.80138 7.80138 
19.3428 8.76755 27.7047 20.4104 7.98598 7.8943 7.8943 
21.0862 8.72461 27.3572 19.3692 7.85151 7.80567 7.80567 
21.1065 8.30597 28.3265 18.6987 7.86942 7.8465 7.8465 
22.1157 8.84048 26.8195 18.2556 8.30971 7.8295 7.8295 
23.3062 8.2793 28.1748 16.6781 8.01392 7.77381 7.77381 
23.6228 8.68511 31.3601 12.5815 8.09787 7.8263 7.8263 
23.7679 8.22454 30.2763 14.21 7.93092 7.79514 7.79514 
24.562 8.10087 28.2436 15.3671 7.95406 7.88617 7.88617 
23.3743 7.90896 28.1089 17.1691 7.83555 7.80161 7.80161 
22.3696 7.81205 29.188 17.3383 7.77534 7.75837 7.75837 
22.8515 7.84542 28.5334 17.154 7.97858 7.81858 7.81858 
22.9011 7.85713 29.0208 16.6098 7.92372 7.84372 7.84372 
23.2769 8.26988 27.3846 17.5863 7.85407 7.81407 7.81407 
27.2229 8.03105 28.3027 13.0139 7.82314 7.80314 7.80314 
27.807 8.2742 29.6088 10.4502 8.17025 7.84479 7.84479 
27.8838 8.08447 30.5939 9.66588 8.03249 7.86976 7.86976 
26.1332 7.90026 31.655 10.8515 7.87427 7.79291 7.79291 
28.1136 7.86862 28.5234 12.0088 7.85563 7.81495 7.81495 
25.9409 7.84736 28.0298 14.2653 8.27564 7.82052 7.82052 
26.2821 7.98212 28.6253 13.4638 8.03392 7.80636 7.80636 
26.4301 7.97777 29.4289 12.3797 8.00367 7.88989 7.88989 
26.2085 7.93625 30.3395 11.782 7.94921 7.89231 7.89231 
27.3447 8.39851 29.252 11.2707 7.9303 7.90185 7.90185 
27.8718 8.12675 28.0701 12.2819 7.89264 7.87842 7.87842 
27.8599 8.01907 27.0097 13.4194 7.90202 7.89491 7.89491 
26.7246 7.88159 29.3298 12.602 7.82306 7.81951 7.81951 
26.9545 7.82429 29.7134 12.1262 7.79503 7.79325 7.79325 
27.9351 7.82781 30.2182 10.5812 7.81318 7.81229 7.81229 
28.7516 7.90061 28.8965 10.7723 7.8933 7.89285 7.89285 
27.3758 8.09316 27.7339 12.9576 7.94665 7.94643 7.94643 
27.612 8.00228 27.3163 13.2826 7.92902 7.92891 7.92891 
27.0847 7.93557 27.7565 13.3626 8.06287 7.89888 7.89888 
28.6367 9.31369 26.6141 11.5555 8.11949 7.88026 7.88026 
28.5812 8.503 29.493 9.94443 7.9059 7.78628 7.78628 
29.0166 8.53232 29.815 9.0818 7.8913 7.8315 7.8315 
28.666 8.20881 31.0365 8.48355 7.8883 7.8584 7.8584 
26.833 8.8122 32.0767 8.78723 7.84026 7.8253 7.8253 
27.1665 8.31235 31.5071 9.54987 7.82638 7.8189 7.8189 
