5 80000 300 266
14 14 14 14 14 14 14 
13.3005 11.685 17.6624 14.9968 13.3005 15.4814 12.5735 
15.8968 10.9795 19.0195 15.7176 13.9276 13.7339 10.2251 
16.0197 10.7308 21.7739 17.2927 12.8338 12.0032 9.09578 
15.5982 10.8748 22.6333 17.0663 14.0053 11.1991 8.498 
13.238 12.9756 20.9541 19.6019 15.495 9.51177 8.16121 
12.8035 13.3012 21.064 20.5976 14.5609 9.57769 8.06383 
11.2725 14.3047 23.4545 19.4439 14.7357 8.76499 8.00806 
9.61476 15.4319 23.6627 19.5069 14.5722 9.2212 7.98252 
8.80738 15.9265 22.2524 20.385 15.0756 9.55797 7.99126 
9.83847 15.2755 21.6993 20.8645 15.0477 9.32444 7.9482 
9.63415 16.7386 22.1435 19.3138 15.6379 8.60959 7.92147 
10.163 17.384 22.1829 18.986 15.0516 8.28802 7.94396 
11.2503 16.7007 23.4291 19.0168 13.6946 8.04012 7.86809 
9.84457 15.9453 22.7905 21.1118 14.1258 8.34495 7.837 
10.257 15.9224 21.6463 20.8069 14.0713 9.4026 7.89339 
9.60767 16.3987 20.719 21.2368 14.744 9.3888 7.90503 
8.76529 17.9424 22.2439 19.2908 13.4748 10.3689 7.91397 
8.87826 18.8396 21.3193 18.8559 13.426 10.7766 7.90435 
8.37387 18.249 24.9591 18.737 11.9913 9.80287 7.88692 
8.18694 16.68 25.1462 21.1463 11.329 9.5681 7.94346 
9.07228 16.179 26.3443 20.107 10.7492 9.65693 7.89122 
8.54505 14.9937 26.3125 21.5234 10.6085 10.1737 7.84316 
9.2504 16.2358 24.55 22.3768 9.50778 10.1753 7.90388 
8.56711 17.0391 25.0344 21.6656 10.2518 9.54825 7.89385 
8.74603 17.8502 24.8904 21.7861 10.0955 8.7295 7.9023 
8.66172 17.0841 24.9975 22.1901 10.4871 8.65345 7.92605 
8.76545 15.8591 25.0265 22.0707 10.565 9.7591 7.95415 
10.0412 14.9254 26.6079 20.7061 10.5294 9.30342 7.88654 
10.481 13.8867 26.7943 19.882 11.7958 9.25556 7.90473 
9.15753 13.5102 28.9501 20.3096 11.1974 9.00566 7.86941 
9.17278 14.4474 28.364 19.3429 12.3295 8.45582 7.8877 
10.4319 14.635 26.1862 20.5274 12.1146 8.19451 7.91045 
9.62772 14.8967 24.8578 21.9153 12.7315 8.05653 7.9145 
10.0594 14.926 26.045 22.1184 11.0533 7.93452 7.8635 
10.2813 14.2464 26.3704 22.0001 11.3253 7.90599 7.87048 
10.8454 13.3872 24.259 24.1992 11.5911 7.86798 7.85023 
11.3469 13.2102 23.3854 23.474 12.9045 7.84394 7.83507 
10.1255 12.8836 23.4507 23.9516 13.6441 8.03156 7.91297 
9.00147 14.2099 23.1039 23.3544 13.6054 8.82978 7.89521 
8.64967 14.5517 22.8286 23.8048 13.9304 8.35106 7.88378 
9.27979 14.8209 23.9143 23.0511 12.7084 8.3422 7.88333 
10.1344 14.9929 26.3527 21.1959 11.2993 8.12714 7.89771 
9.99061 14.3892 27.2902 21.8671 10.573 8.0023 7.88759 
9.52117 14.4144 27.4382 23.3258 9.38135 7.98822 7.93086 
9.26509 14.6397 25.9939 23.8251 10.4339 7.93555 7.90687 
9.35165 14.2861 25.4688 25.8451 9.2619 7.90036 7.88602 
9.13234 14.9691 24.3649 24.9878 10.8266 7.86322 7.85605 
8.95416 15.2213 25 25.0805 10.0322 7.85771 7.85412 
8.77224 14.1084 25.3855 26.6372 9.31127 7.89361 7.89182 
8.86888 15.2151 25.2215 25.5025 9.36828 7.96979 7.85396 
8.35149 16.4785 25.7444 23.9264 9.75326 7.90195 7.84403 
8.07483 15.9228 24.5694 25.7246 10.0372 7.85006 7.8211 
8.1262 15.3212 25.0184 25.596 10.1588 7.89699 7.88251 
8.05878 16.6239 24.2802 25.433 9.72302 7.94418 7.93694 
8.70976 16.9877 24.0123 23.9037 9.88434 8.5383 7.9639 
9.04595 14.5579 25.6217 24.8809 9.63325 8.38814 7.87211 
8.92478 13.5995 27.8221 24.8558 8.76696 8.14441 7.88639 
9.25211 13.6923 27.6961 24.4606 8.93956 8.04417 7.91516 
9.11778 13.3473 27.0868 25.4691 9.19791 7.92279 7.85829 
8.49408 13.5024 27.0851 25.8132 9.34433 7.89658 7.86433 
8.14775 14.198 26.1903 25.4362 10.3459 7.849 7.83287 
9.21741 13.4387 24.698 26.2348 10.6754 7.87187 7.86381 
8.58067 12.9109 25.0827 25.2669 12.347 7.9079 7.90387 
8.90572 14.2577 24.6292 25.2708 11.1186 7.90999 7.90798 
8.75666 14.8504 25.9855 23.9012 10.496 8.13221 7.87804 
8.97881 13.5995 26.6731 24.6625 10.0906 8.06126 7.93418 
9.55853 12.2145 26.355 25.4649 10.5753 7.94768 7.88414 
9.80378 14.1955 25.1873 25.1099 9.94449 7.89541 7.86364 
9.18062 13.8215 26.2856 24.5354 10.4735 7.85969 7.8438 
8.70653 14.6589 25.3704 24.2532 11.1689 7.925 7.91706 
9.59136 13.639 25.7804 23.6742 11.5368 7.89107 7.8871 
8.75251 12.3351 26.6792 26.5853 9.84516 7.90237 7.90038 
9.30237 11.34 27.2558 26.9626 9.35608 7.89207 7.89108 
9.44735 14.0633 25.3785 25.2319 10.0737 7.90287 7.90237 
8.92215 15.4286 24.6485 25.0841 10.1259 7.89546 7.89521 
9.5228 15.3686 24.7934 23.2828 11.2358 7.89835 7.89822 
8.92807 14.0569 25.0193 24.7542 11.5003 7.87074 7.87068 
8.72194 14.206 26.0133 24.2992 11.1029 7.82831 7.82828 
8.37651 12.8025 27.3849 25.4916 10.3442 7.80017 7.80015 
9.62592 14.0936 25.4962 25.8758 9.15088 7.87886 7.87886 
10.0829 13.4735 27.2725 24.7631 8.56002 7.92401 7.924 
12.584 12.8195 26.41 24.0604 8.41626 7.85495 7.85495 
12.1296 13.5163 26.403 24.086 8.14214 7.86148 7.86148 
11.1153 13.7026 26.5853 24.543 8.364 7.84488 7.84488 
11.4787 12.7724 27.24 24.6399 8.12937 7.86981 7.86981 
9.93882 13.7353 27.2683 24.7872 8.52663 7.87191 7.87191 
10.6344 12.04 27.7967 25.4478 8.32735 7.87684 7.87684 
9.93068 11.8804 28.2375 25.1927 8.90183 7.92845 7.92845 
10.1333 11.2373 28.9766 24.9995 8.97288 7.84019 7.84019 
11.6601 11.8 28.2246 23.4887 9.01941 7.90361 7.90361 
13.0116 11.32 29.2884 21.7715 8.84575 7.88135 7.88135 
11.8131 10.9673 28.6107 23.4556 9.45081 7.85129 7.85129 
12.337 11.6516 26.6413 24.5887 9.05611 7.86265 7.86265 
12.4185 10.0872 27.2411 25.5046 8.93146 7.9086 7.9086 
11.9881 10.5712 27.1884 26.1945 8.3602 7.84877 7.84877 
13.0737 11.3328 28.0485 22.6843 9.04736 7.90669 7.90669 
12.9257 11.222 28.4687 22.731 8.96812 7.84223 7.84223 
12.8765 10.9775 28.7631 22.3603 8.80343 8.37138 7.84782 
13.0172 9.69926 29.1184 23.8117 8.34909 8.13306 7.87128 
14.1493 9.67537 28.0981 23.5681 8.06194 8.62417 7.82304 
13.6206 8.87668 27.9766 25.0152 8.4878 8.21181 7.81124 
14.2483 9.25928 28.0379 24.2156 8.23839 8.10039 7.90011 
15.0257 9.55192 27.8791 23.5068 8.26427 7.93621 7.83607 
14.6937 8.76532 28.1682 24.3864 8.1215 7.95747 7.90739 
14.7393 9.759 25.7777 25.2308 8.76505 7.87658 7.85155 
13.9104 9.53067 28.8772 23.0805 8.88834 7.86271 7.85019 
13.1524 9.55406 27.9597 23.0896 10.5005 7.87502 7.86876 
13.8839 9.39242 28.3388 22.8268 9.73743 7.91187 7.90874 
14.6235 9.86381 27.9962 22.5866 9.19833 7.86655 7.86498 
16.8951 9.51524 27.3315 22.1266 8.48805 7.82216 7.82138 
15.4917 9.86812 27.2016 22.9418 8.94016 7.77848 7.77809 
14.908 8.98811 28.0603 23.2276 9.19981 7.80816 7.80797 
16.4246 9.49406 28.4419 21.1726 8.71755 7.87467 7.87457 
15.6036 9.38471 25.9601 23.195 10.1559 7.85038 7.85033 
16.1121 8.84748 27.1075 23.3704 8.95605 7.80331 7.80328 
14.5349 8.93078 28.2016 23.2345 9.4076 7.84531 7.8453 
13.8686 8.81932 28.7076 24.2577 8.63639 7.85524 7.85524 
13.9343 8.40966 29.3538 24.1288 8.31819 7.92762 7.92762 
13.0718 8.2746 28.485 26.3086 8.08352 7.88823 7.88823 
13.0174 8.10555 29.9833 25.0591 8.01001 7.91237 7.91237 
12.2779 8.34272 28.4532 27.0266 7.99909 7.95027 7.95027 
12.4949 8.12616 27.6447 27.9201 7.95435 7.92994 7.92994 
12.4458 8.60854 26.3568 28.6983 7.97166 7.95946 7.95946 
12.5742 8.22319 27.9081 27.5924 7.90475 7.89865 7.89865 
11.5969 8.83136 27.2284 26.7756 9.70459 7.93162 7.93162 
13.0332 8.43497 28.0836 26.0887 8.71081 7.82433 7.82433 
13.7188 8.78812 27.4767 26.2023 8.23352 7.79028 7.79028 
12.4343 8.57525 29.0694 26.1673 8.29795 7.72789 7.72789 
12.7814 9.17589 30.1771 24.2569 8.05959 7.77456 7.77456 
13.0483 8.52816 28.5397 26.2589 7.97001 7.8275 7.8275 
13.181 8.25816 28.471 26.2951 7.97909 7.90783 7.90783 
13.4502 8.39737 27.955 26.2573 8.1054 7.91733 7.91733 
12.8601 8.18642 29.4683 25.552 8.04043 7.9464 7.9464 
14.0689 8.95432 28.0675 24.8593 8.32577 7.86209 7.86209 
14.1342 8.85782 28.0821 25.1185 8.09038 7.85854 7.85854 
14.6055 9.35199 26.6564 25.4823 8.04519 7.92927 7.92927 
13.7207 8.55659 28.1043 26.0247 7.90319 7.84523 7.84523 
14.4823 9.00391 29.2961 23.5307 7.91501 7.88603 7.88603 
15.2907 8.68152 28.4251 24.1492 7.82747 7.81298 7.81298 
17.2668 8.28398 29.5122 21.0652 8.17241 7.84971 7.84971 
14.9208 8.0342 29.1274 23.8559 8.42752 7.81707 7.81707 
15.997 7.98052 28.2832 23.8182 8.17718 7.87195 7.87195 
17.5223 7.85931 27.9809 22.7722 8.25525 7.80502 7.80502 
17.2119 7.87331 29.0609 22.0903 8.07129 7.84617 7.84617 
17.3752 7.93666 28.3766 22.4298 8.03564 7.92309 7.92309 
17.1752 8.44364 29.3118 21.4001 8.03017 7.81957 7.81957 
16.5069 8.25909 31.1155 20.4826 8.05235 7.79177 7.79177 
15.9695 8.45053 30.9898 20.8895 8.19284 7.75391 7.75391 
17.753 8.5299 29.7333 20.2129 8.06993 7.85047 7.85047 
17.1846 8.79667 27.8576 22.4932 7.96246 7.85273 7.85273 
17.6688 8.37923 27.1454 23.03 7.96212 7.90725 7.90725 
16.9182 8.38123 28.6924 22.1438 8.17268 7.84584 7.84584 
16.9558 8.11218 28.0717 23.1634 8.00791 7.84449 7.84449 
17.5057 7.94498 28.0636 22.9706 7.89284 7.81113 7.81113 
17.3012 7.84346 27.9028 23.5821 7.81739 7.77653 7.77653 
17.9099 7.77975 28.4576 22.5935 7.76672 7.74629 7.74629 
19.162 7.88396 29.0217 20.3204 7.87744 7.86723 7.86723 
20.6258 7.82258 26.6004 21.5035 7.81932 7.81421 7.81421 
20.5503 7.91722 25.9115 22.3244 7.76723 7.76467 7.76467 
19.5457 7.90998 25.5697 23.4723 7.83498 7.8337 7.8337 
18.7305 7.86378 28.42 20.6938 8.64062 7.82565 7.82565 
18.8668 7.82597 29.7863 19.5369 8.37015 7.8069 7.8069 
19.4633 7.8052 29.2644 19.7984 8.07729 7.79567 7.79567 
19.5867 7.81564 29.7047 19.3195 7.95169 7.81088 7.81088 
18.8983 7.92017 29.6672 19.6906 8.29683 7.76346 7.76346 
19.9833 7.96602 28.6318 19.9343 8.00598 7.7393 7.7393 
19.5017 7.8735 27.8606 21.3504 7.89348 7.76014 7.76014 
19.3031 8.41436 26.3183 22.6155 7.82734 7.76067 7.76067 
20.6578 8.138 28.0963 19.6411 7.84449 7.81115 7.81115 
21.9335 7.93719 27.3719 19.4194 7.79044 7.77377 7.77377 
20.294 7.94413 28.059 20.1073 7.87075 7.86242 7.86242 
20.744 7.85266 27.6116 20.3521 7.81597 7.81181 7.81181 
19.7371 7.89459 27.4566 20.811 8.35243 7.87416 7.87416 
21.3391 7.91788 26.5224 20.2584 8.1468 7.90767 7.90767 
21.7302 7.89833 27.3521 19.2201 8.0128 7.89323 7.89323 
23.8344 7.87408 28.1812 16.2654 8.10196 7.87153 7.87153 
23.4779 8.56132 28.5415 15.7916 7.95271 7.8375 7.8375 
23.9746 8.20815 28.168 16.0529 7.90385 7.84624 7.84624 
23.7323 8.29871 28.8491 15.7446 7.81099 7.78218 7.78218 
25.896 8.02995 27.8574 14.8872 7.78609 7.77169 7.77169 
23.3084 7.91888 28.3431 17.0532 7.79695 7.78975 7.78975 
23.7337 7.93497 28.6975 16.019 7.87401 7.87041 7.87041 
23.7339 7.92318 28.9057 15.7626 7.8927 7.8909 7.8909 
24.1551 8.48137 28.5772 15.0847 7.90115 7.90025 7.90025 
22.6604 8.22841 29.4726 15.8246 7.93831 7.93786 7.93786 
22.6867 8.05742 30.036 15.4833 7.91237 7.91215 7.91215 
22.3648 7.92656 28.9965 17.1502 7.85403 7.85392 7.85392 
25.1323 7.88178 27.5077 15.9419 7.84551 7.84546 7.84546 
25.2167 8.91077 26.555 15.8023 7.83842 7.83839 7.83839 
26.8941 8.40675 26.6514 14.4361 7.87058 7.87056 7.87056 
24.3591 8.60077 28.3094 15.1985 7.84408 7.84408 7.84408 
24.0771 8.21605 28.4619 15.7318 7.8377 7.8377 7.8377 
23.5272 8.31514 29.9268 14.8238 7.80235 7.80235 7.80235 
20.2206 8.16351 30.542 17.7977 7.75874 7.75874 7.75874 
21.7986 7.97786 27.771 19.1261 7.77547 7.77547 7.77547 
20.9897 8.2058 27.2891 20.1052 7.8034 7.8034 7.8034 
18.5251 8.04229 26.8264 23.0829 7.84109 7.84109 7.84109 
20.0242 8.98803 27.3205 19.9852 7.89406 7.89406 7.89406 
23.0766 8.36498 27.0473 18.0571 7.818 7.818 7.818 
24.7305 9.88282 26.7158 14.4031 8.63213 7.81779 7.81779 
24.1775 8.8249 28.0828 14.8067 8.52318 7.79239 7.79239 
23.4306 9.36453 29.6964 13.3139 8.41495 7.88981 7.88981 
24.4399 8.57448 29.0697 14.142 8.09969 7.83712 7.83712 
25.6205 8.17773 28.3677 13.267 8.94898 7.80905 7.80905 
25.8261 8.53331 27.5172 13.9351 8.44274 7.87278 7.87278 
26.9859 8.24016 26.8381 13.2589 8.85713 7.9099 7.9099 
27.0712 8.11369 27.9558 12.54 8.42218 7.94856 7.94856 
25.6324 8.0891 30.1069 12.399 8.08206 7.84525 7.84525 
26.3809 7.98777 26.8831 15.0323 7.98425 7.86584 7.86584 
25.3699 7.84004 27.8646 15.529 7.83828 7.77907 7.77907 
23.7628 7.81223 28.603 16.4471 7.81135 7.78175 7.78175 
23.8944 7.80222 28.9119 16.0158 7.80178 7.78698 7.78698 
23.9232 7.79333 29.426 15.0438 8.24221 7.78571 7.78571 
24.3469 7.8722 28.9332 15.0143 8.09664 7.86839 7.86839 
26.8599 7.8965 28.163 13.2827 8.00872 7.89459 7.89459 
27.3798 8.65044 28.6583 11.657 7.92285 7.86579 7.86579 
26.9118 8.27659 29.5267 11.6036 7.91279 7.88426 7.88426 
28.1424 8.75876 29.4498 9.76219 8.08181 7.90253 7.90253 
28.0056 8.3138 29.479 10.4549 7.97533 7.88569 7.88569 
28.311 9.03112 29.8338 9.15825 7.91848 7.87366 7.87366 
28.7639 8.43122 29.0735 10.1514 7.8749 7.85249 7.85249 
29.1335 8.0976 30.22 9.11297 7.81944 7.80823 7.80823 
29.6582 8.16465 29.5917 8.97722 7.87313 7.86753 7.86753 
30.5759 7.97843 28.5946 9.35874 7.83267 7.82987 7.82987 
30.255 7.93658 29.4289 8.79121 7.8637 7.8623 7.8623 
30.3873 7.8644 29.9742 8.29171 7.82796 7.82726 7.82726 
29.4793 8.12474 30.9809 8.02784 7.79597 7.79562 7.79562 
29.2301 8.04326 29.9809 9.10946 7.87887 7.8787 7.8787 
29.7966 8.14704 29.0168 9.34021 7.89983 7.89975 7.89975 
28.7789 8.9989 29.2845 9.44622 7.83051 7.83047 7.83047 
28.3955 8.56571 30.9073 8.63877 7.83092 7.8309 7.8309 
27.7071 8.16484 29.5841 11.1517 7.79745 7.79744 7.79744 
28.3198 8.01501 28.6965 11.4747 7.83131 7.8313 7.8313 
26.0502 8.2758 30.0495 11.9874 7.87907 7.87907 7.87907 
25.2607 8.06539 27.8646 15.2082 7.86703 7.86703 7.86703 
24.3126 8.39407 28.8856 14.925 7.82759 7.82759 7.82759 
23.7505 8.11008 29.6602 14.9987 7.82684 7.82684 7.82684 
23.7294 8.00641 28.052 16.6179 7.86479 7.86479 7.86479 
23.0587 7.8838 28.5036 17.1149 7.81299 7.81299 7.81299 
22.0399 7.8458 28.5161 18.1671 7.8104 7.8104 7.8104 
22.4397 8.08957 28.3012 17.7255 7.91755 7.76322 7.76322 
24.2492 7.95358 27.5057 16.8432 7.86757 7.79041 7.79041 
26.5656 7.85878 27.5727 14.6328 7.81577 7.77719 7.77719 
26.3597 7.92939 27.4787 14.5472 7.90789 7.8886 7.8886 
27.9947 7.85358 28.369 12.2736 7.84283 7.83319 7.83319 
29.8038 8.12034 28.7006 10.0078 7.79238 7.78756 7.78756 
27.0088 7.99099 30.2308 11.2932 7.82701 7.8246 7.8246 
27.4579 7.91991 29.0689 12.0419 7.83792 7.83672 7.83672 
28.8347 7.88745 27.8275 11.9122 7.84645 7.84585 7.84585 
28.5199 8.07478 28.7286 10.9419 7.91183 7.91153 7.91153 
27.183 8.03739 26.9797 13.9325 7.95592 7.95576 7.95576 
29.0754 7.88966 27.8447 11.6437 7.84893 7.84885 7.84885 
30.4886 7.93256 28.0328 9.80956 7.91219 7.91216 7.91216 
29.7394 7.87508 29.3258 9.46504 7.86489 7.86487 7.86487 
29.2815 8.20224 28.3394 10.4678 7.90303 7.90302 7.90302 
28.6724 8.05369 29.5847 9.77936 7.90409 8.10171 7.90408 
26.2697 7.95434 32.315 9.72352 7.87954 7.97835 7.87953 
27.443 7.90799 31.4091 9.57874 7.87059 7.91999 7.87058 
27.0766 7.86279 30.5254 10.9783 7.84409 7.86879 7.84409 
28.023 7.83112 29.4688 11.1995 7.82177 7.83412 7.82176 
28.233 7.80777 28.2075 12.3363 7.8031 7.80927 7.8031 
28.8404 7.89162 27.2939 12.3031 7.88928 7.89237 7.88928 
28.2686 8.17321 27.9327 11.9825 7.8805 7.88204 7.8805 
28.2016 8.06214 27.1162 12.872 7.91578 7.91656 7.91578 
26.7532 7.99449 27.5825 13.9055 7.92131 7.92169 7.92131 
26.2431 7.90604 28.4492 13.7931 7.86945 7.86964 7.86945 
14 14 14 14 14 14 14 
12.2048 12.8874 15.1058 15.1058 14.6792 14.9352 14.0819 
12.2099 15.3199 17.5692 17.8949 13.5285 11.9464 11.0312 
12.6356 14.4967 20.2132 18.9475 13.1928 10.7691 9.49518 
11.6144 13.7102 22.1829 19.7492 12.2108 11.7405 8.66708 
9.77545 14.3948 25.0795 18.8031 12.2562 11.3266 8.3018 
8.88772 16.3553 24.0134 18.0332 12.7597 11.7686 8.1509 
8.43976 16.6817 23.3797 19.5699 13.9618 9.88018 8.07135 
9.37452 17.6192 23.1331 19.888 12.7541 9.26999 7.9532 
8.66216 16.1318 24.2235 21.2411 12.3394 9.44671 7.9515 
8.2486 16.3133 23.555 22.0638 12.7676 9.15634 7.89327 
8.03551 15.4505 23.2997 23.1884 13.2549 8.91221 7.85784 
8.21857 14.9999 23.6376 22.045 14.7217 8.45201 7.92482 
9.89531 14.596 23.9367 20.8478 14.0202 8.81116 7.89254 
9.89389 15.0399 23.4737 20.854 14.3219 8.4916 7.92477 
8.87257 15.991 23.5137 21.584 13.0494 9.10117 7.888 
10.0148 17.1897 23.4304 20.5028 12.5164 8.47621 7.86962 
9.70172 16.1276 23.8331 21.4959 12.1534 8.82326 7.86494 
8.96478 15.6587 23.9419 22.2459 12.5113 8.84201 7.83542 
8.47807 17.2246 23.742 21.9221 12.3032 8.41668 7.91339 
8.18914 16.8244 23.5134 23.1232 11.8688 8.57425 7.9068 
8.0823 16.7966 23.4131 23.3203 12.1716 8.27485 7.94113 
9.18338 17.6981 23.9604 22.2728 10.8998 8.07616 7.9093 
8.5029 17.6228 23.3967 23.9271 10.4182 8.26641 7.86585 
8.8928 17.5667 23.8291 23.0395 10.2724 8.56358 7.83588 
8.39096 17.632 23.1086 23.5667 11.1063 8.33296 7.8625 
8.35303 16.584 24.9022 22.5054 11.3519 8.43344 7.86998 
9.11073 15.7482 24.7318 21.0115 12.6935 8.82198 7.88236 
8.49153 16.2783 25.6638 20.7185 12.6233 8.34716 7.87735 
8.61677 17.201 25.5185 19.9541 12.7083 8.11814 7.88324 
8.7234 17.4305 25.5628 20.0212 12.3144 8.03258 7.91513 
8.37955 16.6394 23.6073 21.9526 13.6349 7.92254 7.86381 
8.97701 17.3622 22.9738 21.721 12.8813 8.21659 7.86808 
8.75817 15.6474 24.9701 24.3436 10.3732 8.04088 7.86662 
8.37068 14.5464 24.0397 25.197 11.9093 8.01204 7.92491 
8.14138 13.8666 25.866 24.6864 11.559 7.96206 7.9185 
8.03895 13.0558 27.6722 24.8149 10.5414 7.94928 7.9275 
8.54534 11.9158 26.9827 25.3385 11.3052 7.96171 7.95082 
8.31522 13.6175 26.7892 23.9458 11.5037 7.91703 7.91158 
8.30559 13.7594 26.3991 24.529 11.2451 7.88228 7.87956 
8.11207 15.5901 24.9642 23.1242 12.4099 7.90042 7.89905 
9.33076 13.9489 24.8997 23.5401 12.4687 7.90625 7.90557 
8.71352 14.3049 26.126 22.1639 12.9083 7.89186 7.89152 
9.44334 12.9966 25.9418 23.5279 12.4065 7.84203 7.84186 
9.25682 12.5074 25.8961 24.1222 12.4391 7.88927 7.88919 
9.29811 12.5179 25.5904 23.9062 12.8255 7.93097 7.93093 
10.5447 12.8349 24.7 23.5177 12.5352 7.93374 7.93372 
10.8154 12.8654 23.5491 24.3154 12.6024 7.92614 7.92613 
9.34287 15.1133 24.3903 22.9216 12.4355 7.89826 7.89825 
11.1573 14.75 23.5159 23.0174 11.8781 7.84064 7.84064 
10.9399 15.417 22.5971 22.8141 12.4659 7.88302 7.88302 
9.56833 17.6616 21.4859 22.297 12.5561 8.50826 7.92278 
9.07311 18.4245 22.8197 21.3065 11.6957 8.7688 7.91173 
8.4446 18.2927 22.5593 22.1475 12.3996 8.29245 7.86391 
8.19957 16.3054 23.8933 22.3238 13.1316 8.23713 7.90923 
8.20777 17.1903 24.7401 21.2558 12.5517 8.10918 7.94522 
8.79524 17.9779 23.4811 22.7267 11.0907 8.00521 7.92323 
9.00755 17.4996 25.4522 21.1742 10.8645 8.13972 7.86232 
8.89567 18.5471 24.4378 20.9475 10.8376 8.46175 7.8726 
8.5681 16.7346 24.5797 23.3913 10.764 8.12843 7.83385 
8.71755 18.8353 23.2504 22.2868 11.047 8.0051 7.85781 
8.9449 17.3595 24.4888 23.1121 10.3334 7.91754 7.8439 
8.46761 16.67 26.0458 21.6045 11.341 7.95393 7.9171 
9.54041 15.0567 25.5229 22.8305 11.3309 7.86847 7.85006 
9.11293 15.2748 25.7896 22.6829 11.1819 8.04222 7.91564 
8.9094 16.108 24.8948 22.6356 11.4733 8.02111 7.95782 
9.07364 16.599 23.071 23.7889 11.6258 7.93665 7.90501 
9.26983 16.6733 23.186 22.4527 12.7304 7.85182 7.836 
9.42607 16.3219 24.1237 22.6514 11.5249 8.10281 7.8492 
9.49772 15.2184 24.8609 23.1678 11.3845 7.99878 7.87197 
9.49245 15.3015 25.892 22.3531 11.0768 7.97375 7.91034 
10.5155 15.7036 24.7248 21.8737 11.3077 7.95322 7.92152 
10.8812 15.6758 25.6876 21.328 10.6661 7.88859 7.87274 
12.1495 14.4202 25.7552 21.8033 10.1432 7.86835 7.86042 
10.8727 16.0485 25.8826 21.634 9.86956 7.84831 7.84435 
11.3187 15.9526 25.6012 20.2799 11.0729 7.88835 7.88637 
11.2003 15.628 25.8613 22.0133 9.49423 7.90196 7.90097 
11.0055 14.3005 25.9036 23.5742 9.47684 7.8699 7.8694 
10.6799 13.5535 25.6221 25.1386 9.23433 7.8859 7.88566 
9.63969 11.8136 25.8332 27.0656 9.89972 7.87416 7.87403 
8.74142 11.299 27.1323 26.6456 10.4646 7.85865 7.85858 
10.8223 10.7363 27.0897 25.9779 9.57472 7.89955 7.89952 
11.8379 10.8952 26.3983 25.4568 9.54314 7.93435 7.93433 
12.0947 10.9108 26.9759 24.0111 10.2348 7.88641 7.88641 
11.96 12.7819 26.0843 23.188 10.1302 7.92778 7.92778 
11.3747 12.5751 25.279 23.9624 10.9862 7.91126 7.91126 
10.5343 12.7927 26.9252 23.0782 10.8502 7.90971 7.90971 
9.8944 12.9516 26.5732 24.264 10.438 7.93943 7.93943 
10.6805 12.2091 27.0199 23.9987 10.1523 7.96972 7.96972 
10.811 13.102 25.5965 24.5948 10.038 7.92888 7.92888 
10.8012 12.0666 27.1867 24.5276 9.57535 7.92127 7.92127 
11.0186 12.0726 27.0765 24.4829 9.56296 7.89322 7.89322 
11.2534 11.911 26.8542 25.1657 9.08957 7.86306 7.86306 
12.16 10.7555 25.8271 26.5829 8.81145 7.93153 7.93153 
11.4709 11.0381 27.8731 25.5556 8.31408 7.87412 7.87412 
10.9848 10.7684 28.241 25.7699 8.48775 7.87407 7.87407 
11.106 10.7367 28.8725 25.4176 8.16032 7.85348 7.85348 
12.1464 9.90131 28.9967 25.0714 8.06368 7.91026 7.91026 
12.6848 10.1848 28.8234 24.3814 8.02633 7.94962 7.94962 
12.249 9.35065 29.659 24.8281 7.99668 7.95833 7.95833 
13.9974 9.6477 28.2273 24.0163 8.41823 7.84657 7.84657 
14.6356 8.71434 28.811 24.1119 8.0996 7.81377 7.81377 
16.4909 8.74993 28.359 22.2627 8.57177 7.78286 7.78286 
14.1355 9.34879 30.0172 22.6497 8.21258 7.81813 7.81813 
13.8138 9.17175 29.2943 23.4941 8.47137 7.87732 7.87732 
14.1898 8.50744 29.353 24.072 8.15725 7.86023 7.86023 
14.7152 8.5318 29.6498 23.5333 7.95563 7.80712 7.80712 
14.1576 8.2659 29.3582 24.4333 7.97782 7.90356 7.90356 
15.3206 9.078 28.5527 23.2057 7.97242 7.9353 7.9353 
16.8932 8.51627 27.4866 22.9665 8.24758 7.94492 7.94492 
16.4356 9.07907 27.1042 22.9157 8.5315 7.96695 7.96695 
16.8435 9.2179 27.0024 22.4228 8.65172 7.93084 7.93084 
15.107 10.0407 28.2644 22.632 8.22558 7.86514 7.86514 
17.1465 9.81686 28.3764 20.909 8.03721 7.85699 7.85699 
17.1278 8.89073 27.61 22.2539 8.29589 7.9108 7.9108 
16.4504 8.38858 28.6315 22.0102 8.72208 7.89862 7.89862 
16.5153 8.33937 27.7873 23.4404 8.24705 7.83532 7.83532 
16.64 8.28733 26.8348 23.779 8.68235 7.88825 7.88825 
15.8435 8.06216 27.524 24.5854 8.25967 7.86262 7.86262 
14.8427 8.55085 28.0275 24.0159 8.79085 7.88611 7.88611 
14.3507 8.21564 28.6877 24.6438 8.33564 7.88327 7.88327 
13.5856 8.80868 27.7342 24.1453 9.86583 7.93024 7.93024 
14.1946 8.33183 29.7281 23.0998 8.86041 7.89261 7.89261 
14.4249 8.1889 29.8066 23.3315 8.59687 7.82562 7.82562 
14.8371 8.93316 28.2464 23.9825 8.25738 7.87175 7.87175 
14.5224 8.97478 27.238 25.3792 8.09044 7.89762 7.89762 
14.1482 8.48188 26.9799 26.4637 8.03971 7.9433 7.9433 
12.7316 9.43972 28.9334 25.0056 7.99539 7.94719 7.94719 
14.7756 8.69539 27.7694 24.8881 7.97323 7.94913 7.94913 
16.3766 9.12298 26.2443 24.5227 7.9192 7.90715 7.90715 
14.7714 8.63672 27.6989 25.2708 7.87809 7.87207 7.87207 
14.0054 9.24794 29.2016 23.903 7.88271 7.8797 7.8797 
14.4951 8.5995 28.6681 24.4897 7.91689 7.91538 7.91538 
13.6161 9.58431 28.0197 24.8465 8.15899 7.88723 7.88723 
13.3298 8.82942 27.5192 26.709 7.96148 7.8256 7.8256 
13.0093 8.3422 29.0164 25.7412 8.21035 7.84029 7.84029 
15.472 8.24719 27.8234 24.6912 8.04539 7.86036 7.86036 
15.4521 8.29026 27.9549 24.8456 7.88072 7.78821 7.78821 
15.0242 8.1824 28.4184 25.0005 7.82235 7.77609 7.77609 
15.5866 7.97319 28.4949 24.612 7.79316 7.77003 7.77003 
15.2857 8.26794 27.2444 25.6088 7.87212 7.86055 7.86055 
16.6919 8.1217 27.4259 24.0007 7.92379 7.91801 7.91801 
16.6546 7.91842 27.8079 23.7214 8.26456 7.81657 7.81657 
15.7617 7.89507 28.1897 24.3972 8.06814 7.84414 7.84414 
16.0313 7.86603 27.7312 24.7378 7.95257 7.84057 7.84057 
15.4869 8.53072 28.2334 24.2942 7.85559 7.79959 7.79959 
17.1879 8.15425 26.8945 24.3693 7.81669 7.78869 7.78869 
15.0608 8.80898 27.3274 25.2761 7.85156 7.83756 7.83756 
15.3939 8.41043 27.7586 25.101 7.78335 7.77635 7.77635 
17.29 8.71103 28.7049 21.8528 7.81609 7.81259 7.81259 
19.1555 8.25942 26.8149 22.3378 7.81195 7.8102 7.8102 
22.2762 8.09796 26.2646 19.5816 8.03296 7.87335 7.87335 
24.9368 7.94509 27.905 15.635 7.91258 7.83278 7.83278 
25.7083 7.86662 28.75 14.2038 7.85037 7.81047 7.81047 
27.758 7.77947 27.9968 13.1916 7.77134 7.75139 7.75139 
28.5092 7.74825 29.2717 11.2582 7.74419 7.73422 7.73422 
27.9036 8.19168 29.3991 11.2001 7.77182 7.76683 7.76683 
26.2442 8.08255 30.148 11.5801 8.20485 7.87013 7.87013 
27.9539 8.16971 29.4471 10.5301 8.07796 7.9106 7.9106 
27.9521 8.74324 28.6987 11.0104 7.92097 7.83729 7.83729 
24.9228 9.25328 29.1423 12.9017 7.95457 7.91273 7.91273 
24.8453 8.49661 28.8126 14.3456 7.84725 7.82633 7.82633 
25.5021 8.55294 28.9758 13.2986 7.89714 7.88668 7.88668 
26.1249 8.22784 30.1414 11.8165 7.89994 7.89471 7.89471 
27.1108 8.04141 28.6659 12.5548 7.87746 7.87485 7.87485 
27.0229 7.89067 28.5744 13.0885 7.8087 7.80739 7.80739 
27.5598 7.87283 29.393 11.6802 7.83184 7.83119 7.83119 
27.9103 8.28424 28.6716 11.2749 8.26375 7.79758 7.79758 
26.575 8.13573 28.8726 12.5065 8.12548 7.8924 7.8924 
28.1609 8.02356 28.0439 11.9494 8.01844 7.9019 7.9019 
26.4629 7.93028 28.7555 13.1847 7.92771 7.86944 7.86944 
26.6053 8.52441 28.8154 12.3674 7.91522 7.88609 7.88609 
26.6577 8.33387 29.2286 12.2098 7.86641 7.85184 7.85184 
26.7367 8.07755 31.0947 10.5742 7.84382 7.83653 7.83653 
27.633 8.00936 28.3415 12.3459 7.8925 7.88886 7.88886 
27.4529 7.94407 27.6556 13.2942 7.88564 7.88382 7.88382 
28.2124 8.8007 27.2234 12.2546 7.8369 7.83599 7.83599 
28.2046 8.33478 27.874 12.0289 7.85288 7.85242 7.85242 
27.7386 8.12633 28.1599 12.3194 7.88538 7.88516 7.88516 
27.5598 8.22983 28.6633 12.1121 7.81174 7.81163 7.81163 
27.7297 8.03341 27.4978 13.2661 7.82436 7.82431 7.82431 
27.3445 8.09194 27.3853 13.6863 7.83068 7.83065 7.83065 
28.5903 7.9804 27.4631 12.4169 7.84977 7.84975 7.84975 
29.1795 7.89193 28.616 10.8327 7.82662 7.82661 7.82661 
30.9777 7.79212 28.6892 9.26253 7.75946 7.75946 7.75946 
30.6204 7.84343 28.6538 8.90758 8.32052 7.8271 7.8271 
31.2031 7.85029 28.7912 8.38236 8.08883 7.84212 7.84212 
27.9545 8.8271 30.8662 8.50491 7.96598 8.03871 7.84263 
30.695 8.40128 28.7767 8.24018 7.97072 8.00708 7.90904 
29.3412 8.60316 29.3254 8.83707 8.07341 7.93436 7.88534 
30.0674 8.26983 29.4246 8.38679 8.00496 7.93543 7.91092 
29.7212 8.50992 28.7748 9.1934 8.06498 7.87397 7.86171 
30.9649 8.24269 28.3445 8.58443 8.02022 7.92471 7.91859 
30.4516 8.59665 28.987 8.45888 7.86813 7.82038 7.81732 
29.5839 8.18346 30.7097 8.11458 7.8192 7.79533 7.79379 
28.749 8.07946 29.772 9.73213 7.89733 7.88539 7.88463 
29.8048 7.8973 29.4261 9.46547 7.80623 7.80026 7.79988 
28.8086 7.8549 28.7755 11.139 7.80937 7.80638 7.80619 
26.9783 7.92153 29.3286 12.0784 7.89877 7.89727 7.89718 
26.0265 7.84136 27.7986 14.8452 7.82998 7.82923 7.82919 
24.3629 7.90841 29.3901 14.6312 7.90272 7.90235 7.90232 
24.2158 7.8224 28.3054 16.1981 7.81955 7.81937 7.81936 
25.7302 7.78117 27.775 15.3746 7.77975 7.77965 7.77965 
24.8941 8.23841 27.3657 16.0931 7.80292 7.80287 7.80287 
25.276 8.06657 27.9921 15.1189 7.84883 7.8488 7.8488 
25.4505 8.09579 27.746 15.2157 7.83066 7.83065 7.83065 
27.8672 7.99111 27.5954 12.9706 7.85855 7.85854 7.85854 
27.6114 7.94692 27.3235 13.4762 7.88064 7.88064 7.88064 
25.914 7.96207 27.6219 14.7153 7.92893 7.92892 7.92892 
25.1405 7.93673 29.0008 14.1615 7.92016 7.92016 7.92016 
23.801 7.96836 28.1927 16.1576 7.96008 7.96008 7.96008 
22.6043 7.94313 26.5597 19.0759 7.93898 7.93898 7.93898 
19.8425 8.47467 28.342 19.4758 8.16204 7.85148 7.85148 
21.9021 8.23094 29.5064 16.4472 8.07463 7.91935 7.91935 
20.0828 8.00769 30.1724 17.8044 8.22893 7.85189 7.85189 
20.4826 7.97443 27.8803 19.7846 8.08505 7.89653 7.89653 
19.8158 8.24254 26.7061 21.4424 7.99389 7.89963 7.89963 
21 8.04618 27.6875 19.5949 7.92186 7.87473 7.87473 
21.2872 10.2913 26.3802 18.2523 8.04256 7.87323 7.87323 
22.1947 9.10605 27.5465 17.377 7.98168 7.89701 7.89701 
23.0606 8.54076 28.1904 16.3572 7.97857 7.93623 7.93623 
23.2621 8.18099 27.6427 17.2568 7.8999 7.87873 7.87873 
22.1249 7.94852 29.4078 17.1161 7.80797 7.79739 7.79739 
23.2683 7.94485 27.2039 17.8227 8.02163 7.86928 7.86928 
25.1726 7.97242 26.525 16.4498 8.01082 7.93464 7.93464 
25.5931 8.88486 27.6206 13.9682 8.22838 7.85246 7.85246 
27.7965 8.47469 28.4877 11.6615 7.98516 7.7972 7.7972 
27.7316 8.23734 30.4105 9.83075 7.99258 7.8986 7.8986 
27.788 8.01089 31.822 8.80759 7.88851 7.84151 7.84151 
28.5999 7.87541 31.2361 8.89296 7.81422 7.79073 7.79073 
26.7999 7.78386 32.1245 10.0555 7.75326 7.74152 7.74152 
26.9174 7.81635 31.3239 10.551 7.80105 7.79518 7.79518 
25.7006 8.33295 30.8537 11.3227 8.03032 7.87989 7.87989 
25.6668 8.12217 29.3509 13.0981 7.97086 7.89564 7.89564 
26.3146 7.986 29.5219 12.3511 8.08099 7.87274 7.87274 
26.8076 7.98073 28.5646 12.7706 8.02823 7.9241 7.9241 
26.9552 7.88445 28.7683 12.7716 7.90819 7.85613 7.85613 
27.1289 7.88959 28.1999 13.1292 7.90147 7.87543 7.87543 
28.2026 7.89216 28.7381 11.4988 7.8981 7.88509 7.88509 
27.8784 7.97085 29.8489 10.8578 7.81902 7.81251 7.81251 
27.7725 8.31876 29.7578 10.4289 7.90951 7.90626 7.90626 
28.6404 8.09381 29.9609 9.64067 7.88918 7.88755 7.88755 
27.6648 8.10096 32.0412 8.70547 7.82973 7.82891 7.82891 
28.2094 8.04409 31.6756 8.34635 7.90847 7.90807 7.90807 
28.7922 7.92829 31.619 8.07942 7.86049 7.86028 7.86028 
28.3034 7.93766 30.0479 9.99998 7.90375 7.90365 7.90365 
29.313 7.8398 28.7336 10.6451 7.82284 7.82279 7.82279 
28.4983 7.8747 29.9035 10.1248 7.86622 7.8662 7.8662 
27.8414 7.82085 29.8385 11.0495 7.81661 7.81659 7.81659 
26.769 7.78039 30.2443 11.8715 7.77827 7.77827 7.77827 
27.2818 7.81769 30.0768 11.3738 7.81663 7.81663 7.81663 
26.8331 7.81764 27.9049 13.9931 7.81711 7.81711 7.81711 
26.9214 8.08888 28.2611 13.4274 7.76708 7.76707 7.76707 
27.368 8.01795 28.7001 12.3428 7.85705 7.85705 7.85705 
24.1869 8.7427 29.1429 14.1596 7.92261 7.92261 7.92261 
24.906 8.2776 28.9465 14.2673 7.86755 7.86755 7.86755 
25.6348 8.38123 27.5035 14.8609 7.87317 7.87317 7.87317 
26.2914 8.08672 29.3362 12.7876 7.83269 7.83269 7.83269 
25.9747 8.64862 28.3194 13.1372 8.19266 7.86371 7.86371 
27.9202 8.18337 28.0859 12.2733 7.95539 7.79092 7.79092 
26.7261 8.49898 29.5445 11.6078 7.92906 7.84683 7.84683 
26.2914 8.14357 29.5697 12.5017 7.85861 7.81749 7.81749 
26.4997 7.95377 30.0023 12.1515 7.81129 7.79073 7.79073 
26.5311 7.88314 28.2824 13.8882 7.8119 7.80162 7.80162 
24.5229 7.88894 28.6149 15.4237 7.85332 7.84818 7.84818 
24.1233 8.44897 27.9711 15.9701 7.83056 7.82799 7.82799 
26.1085 8.07064 26.8618 15.6773 7.76144 7.76015 7.76015 
14 14 14 14 14 14 14 
14.7526 13.5331 15.6237 13.7073 13.6202 15.3624 12.4007 
15.9129 14.5714 18.4623 13.8455 12.8264 13.6974 10.1841 
14.7107 16.3852 21.5201 14.6151 11.6665 11.8206 9.03201 
12.7833 17.9003 24.2256 15.5539 10.9481 9.98127 8.4826 
11.0583 17.839 22.7795 17.4436 11.8074 10.7684 8.2413 
9.48956 17.3354 24.36 19.3159 11.9433 9.44361 8.08105 
10.397 17.5807 23.0496 18.4623 13.1456 9.39572 7.95357 
10.1355 16.4584 24.655 16.5841 14.0308 10.16 7.96838 
10.8239 15.4527 25.7587 16.5313 13.2231 10.2719 7.93453 
9.96778 15.0156 26.5468 19.3135 11.2812 9.91955 7.9536 
9.71957 15.7677 26.4892 19.018 11.808 9.25493 7.94156 
9.93705 15.1686 27.0415 19.3324 11.9746 8.60097 7.94429 
10.0013 14.8053 26.8687 20.6071 11.5672 8.23922 7.91087 
11.9086 13.872 26.2633 21.5974 10.3889 8.06698 7.90281 
11.7708 12.9762 24.541 23.886 11.011 7.94848 7.86639 
11.4164 14.5633 23.3325 23.8899 10.9258 7.95654 7.9155 
9.6194 15.2098 23.9284 24.2071 11.2769 7.88947 7.86895 
8.71426 14.9802 24.3286 24.0341 12.2545 7.84929 7.83903 
10.1349 14.0456 24.7199 22.4615 11.905 8.81354 7.91952 
11.6266 13.582 24.1879 22.091 12.1891 8.38526 7.93825 
11.7285 14.3803 23.8127 22.0946 12.0097 8.09888 7.87538 
10.2352 14.866 23.6334 23.5206 11.8684 7.994 7.88225 
12.7647 15.3154 22.6402 21.4074 11.6989 8.2323 7.94113 
10.378 15.2171 22.8752 22.1508 13.3009 8.11183 7.96624 
9.28565 16.0119 23.0973 22.4199 12.6378 8.57272 7.97472 
8.64282 15.4504 22.1042 23.6544 13.2078 8.95303 7.98736 
8.48808 16.6996 22.0564 21.0152 14.7236 9.07053 7.94667 
8.16561 17.1733 22.0304 20.2026 16.0764 8.45683 7.8949 
8.0089 16.5543 21.0614 20.9558 17.3915 8.15451 7.87355 
8.85434 17.1686 22.6554 19.9467 15.3932 8.11883 7.86287 
8.40068 16.9728 21.703 19.576 16.1955 9.24705 7.90495 
8.17183 15.8184 25.1081 19.564 14.6151 8.79868 7.92396 
8.90654 16.9899 23.2043 19.7596 14.1461 9.10786 7.88575 
9.54377 16.0741 23.1406 21.4182 13.0685 8.85257 7.90215 
8.69798 17.1595 22.7712 20.7553 14.1555 8.58333 7.87717 
10.1805 15.9231 22.7247 21.2848 13.6652 8.28735 7.93427 
10.4094 16.2594 24.4475 20.4296 12.4709 8.07984 7.9033 
9.99312 17.1498 23.9164 20.2371 12.917 7.93747 7.8492 
9.54202 17.5492 23.4967 20.8412 12.7522 7.93144 7.8873 
8.71245 18.1215 23.0096 21.7945 12.5698 7.90716 7.88509 
8.35166 18.5356 20.9797 22.0844 13.8191 8.29148 7.93798 
8.8669 17.3914 22.618 22.3695 12.8592 8.0359 7.85915 
9.62669 18.8406 22.4201 20.7258 12.4683 8.00346 7.91508 
8.75766 18.7011 21.6509 22.0798 12.9627 7.94604 7.90186 
8.57384 17.8539 21.483 22.8313 13.3974 7.94128 7.91918 
8.2915 18.3091 21.8399 21.7131 14.1358 7.8608 7.84975 
8.18162 16.3294 22.9155 22.5158 14.3549 7.85417 7.84864 
8.06277 15.6414 23.2568 23.2906 13.8363 8.01587 7.89628 
7.95063 14.4715 26.3552 22.8092 12.6189 7.92717 7.86738 
8.40009 14.7579 27.5582 21.5816 11.8404 7.94589 7.91599 
8.23592 16.796 27.6804 19.311 12.1982 7.89671 7.88176 
9.10608 17.5429 25.1229 21.1757 11.3248 7.8676 7.86012 
10.122 15.7932 25.5154 21.8469 10.8682 7.92896 7.92522 
9.87873 15.4487 24.8671 22.9026 11.0331 8.00094 7.86886 
9.58484 16.1596 25.2697 22.3315 10.8955 7.91245 7.84641 
12.1816 14.8532 25.4427 21.6337 10.1276 7.89711 7.86409 
11.916 14.8295 25.7068 22.5887 9.31135 7.83205 7.81554 
10.6796 15.0419 25.9285 22.6745 9.86149 7.91118 7.90293 
11.187 15.2775 25.7327 23.0318 8.98802 7.89354 7.88941 
10.6783 14.9027 27.6363 22.4118 8.48917 7.94193 7.93986 
10.0655 15.0384 27.1266 22.2755 9.59284 7.95106 7.95003 
9.61106 13.6638 26.4549 25.2342 9.13377 7.95144 7.95092 
10.4321 12.4585 25.6315 24.3818 10.4492 8.70718 7.93965 
9.79353 12.6846 25.7266 25.3364 10.1542 8.3442 7.96044 
9.00305 12.1394 27.7184 25.4701 9.5457 8.15761 7.96573 
10.0571 11.6253 26.6987 24.4635 11.0691 8.15288 7.93348 
8.97285 11.7291 28.5466 23.3686 11.451 8.02075 7.91106 
8.38253 10.7996 30.1174 23.8921 11.0502 7.90648 7.85163 
8.72494 10.4516 28.1416 25.029 12.0018 7.83925 7.81183 
8.59976 10.1895 27.2669 25.9527 12.1752 7.91478 7.90107 
9.70529 9.1488 28.2526 25.8756 11.2473 7.8886 7.88174 
8.72005 8.99429 29.5959 25.9212 11.1485 7.8117 7.80827 
9.40089 8.99306 28.5582 27.6745 9.66145 7.8568 7.85509 
9.57224 9.36832 27.997 27.427 9.83073 7.90276 7.9019 
10.0493 9.53181 28.1259 27.1484 9.486 7.8295 7.82907 
10.7125 10.586 26.4968 27.1985 9.24035 7.883 7.88279 
10.3995 9.90396 26.3608 28.0085 9.66341 7.83199 7.83188 
9.57639 10.9201 27.2388 27.2668 9.20836 7.89478 7.89472 
9.53819 10.2101 28.2444 27.5084 8.60418 7.94739 7.94736 
9.17681 10.4769 27.6208 28.217 8.57206 7.96818 7.96817 
10.2167 9.55784 28.0774 26.674 9.65252 7.91079 7.91079 
10.8541 11.9916 27.1194 24.7062 9.59399 7.86738 7.86737 
10.9399 12.1497 27.4059 24.4044 9.28417 7.90805 7.90805 
11.4699 11.8248 26.0779 25.5772 9.14209 7.95402 7.95402 
11.0735 11.902 26.0598 26.7209 8.47729 7.88326 7.88326 
11.7537 10.7129 27.3156 26.1911 8.2069 7.90988 7.90988 
12.4046 10.2176 27.2689 26.0122 8.40901 7.84383 7.84383 
13.2104 10.0953 27.2463 25.2703 8.51717 7.83027 7.83027 
13.156 9.59311 28.329 25.0683 8.26928 7.79214 7.79214 
12.5147 9.94167 28.0168 25.0671 8.75205 7.85385 7.85385 
11.6509 9.34401 29.4603 24.9242 8.89498 7.86279 7.86279 
13.0447 9.88591 27.8317 24.8953 8.72556 7.8084 7.8084 
13.6849 8.93745 28.1032 25.1198 8.35727 7.89869 7.89869 
13.0238 9.13905 26.9637 26.1588 8.84897 7.93286 7.93286 
12.8337 8.44884 27.4186 27.3035 8.30379 7.84574 7.84574 
13.4197 8.14599 27.0146 27.2372 8.49363 7.84444 7.84444 
13.7895 8.49777 28.8466 24.6805 8.37661 7.90452 7.90452 
15.0215 8.6566 28.0596 24.186 8.1828 7.94675 7.94675 
15.1496 9.05052 26.6687 25.1486 8.25806 7.86226 7.86226 
13 11.4168 24.7713 25.7708 9.261 7.89008 7.89008 
12.7121 10.1023 27.0826 24.4005 9.93353 7.88443 7.88443 
13.3785 10.2478 26.1818 24.9812 9.46115 7.8748 7.8748 
14.0262 9.33585 25.8626 25.8058 9.21427 7.87762 7.87762 
14.1109 10.6616 27.2846 22.9975 9.02354 8.03976 7.88203 
14.2588 11.263 27.4841 22.657 8.46657 7.97468 7.89582 
15.2527 11.2337 28.1678 20.8523 8.71508 7.90891 7.86948 
15.3803 11.7666 28.7898 20.1855 8.23454 7.83146 7.81174 
14.7454 10.0244 27.2783 24.0498 8.105 7.90346 7.8936 
13.3727 9.4122 26.3058 25.8916 9.11917 7.95173 7.9468 
13.5177 9.06657 26.2343 26.6086 8.7747 7.90028 7.89782 
12.3927 9.74455 26.3566 27.1071 8.6127 7.8938 7.89257 
12.5793 8.82364 26.2482 28.2952 8.25772 7.89827 7.89765 
12.9281 9.21408 26.5422 27.4244 8.08366 7.90394 7.90363 
11.357 8.58258 27.1855 29.0027 8.01737 7.9275 7.92735 
11.2495 9.30522 26.6847 28.8468 8.18696 7.86347 7.8634 
11.4449 8.62086 27.4958 28.5768 8.06173 7.89999 7.89995 
11.2622 9.42407 26.9581 28.493 8.00814 7.92727 7.92725 
11.6783 8.69433 28.0808 27.6683 7.98637 7.94593 7.94593 
12.0892 8.36502 28.6237 27.227 8.01104 7.84202 7.84201 
13.1098 9.07382 28.5782 25.57 7.94574 7.86122 7.86122 
13.6782 10.5643 27.7137 24.2919 7.94547 7.90322 7.90321 
14.9472 10.3873 27.2202 23.8576 7.87664 7.85551 7.85551 
16.3917 11.0416 26.768 22.1627 7.88569 7.87512 7.87512 
16.304 9.57485 26.4471 24.1444 7.84675 7.84147 7.84147 
14.4811 10.3254 27.3058 23.7811 8.35375 7.87643 7.87643 
16.7158 9.68165 28.0844 21.6573 8.11274 7.87407 7.87407 
16.5965 8.8181 27.3945 23.3287 8.03364 7.91431 7.91431 
18.3944 8.2552 26.1972 23.6836 7.86297 7.80331 7.80331 
18.8358 8.19387 27.8577 21.6309 7.84715 7.81732 7.81732 
21.022 8.02185 27.922 19.5185 7.84849 7.83357 7.83357 
22.1503 8.43715 28.7151 16.8084 8.18654 7.85121 7.85121 
24.1806 8.20718 27.1781 16.5239 8.08187 7.91421 7.91421 
27.2137 7.96162 28.2495 13.0459 7.89896 7.81513 7.81513 
26.2252 9.18585 28.9513 11.728 8.20816 7.85078 7.85078 
27.8952 8.50597 28.2437 11.6611 8.01712 7.83843 7.83843 
27.4373 9.0917 27.6116 12.1355 7.9675 7.87816 7.87816 
28.3413 8.47667 27.9567 11.5709 7.91457 7.8699 7.8699 
28.9855 8.27874 29.4666 9.65751 7.99769 7.807 7.807 
29.8532 9.15504 28.6831 8.74725 7.91734 7.822 7.822 
29.6602 10.2202 27.6645 8.91908 7.87717 7.82949 7.82949 
29.6765 9.03499 29.0199 8.72575 7.8635 7.83966 7.83966 
29.124 8.7449 30.2534 8.29874 7.86761 7.85569 7.85569 
29.6241 8.25444 29.8783 8.80775 7.81579 7.80983 7.80983 
30.522 8.20577 29.2896 8.48243 7.83539 7.83241 7.83241 
30.5735 8.00913 28.551 9.39746 7.82394 7.82245 7.82245 
29.4879 7.99865 29.2163 9.58039 7.90605 7.90531 7.90531 
30.2995 7.96758 29.2113 8.75845 7.92128 7.92091 7.92091 
30.0232 7.93949 29.6373 8.65138 7.91634 7.91615 7.91615 
30.2351 7.88036 30.0421 8.2363 7.86878 7.86869 7.86869 
28.0057 7.82217 31.7912 8.93182 7.81638 7.81633 7.81633 
28.0978 7.76865 30.1389 10.6974 7.76576 7.76573 7.76573 
28.4834 7.75337 30.248 10.2594 7.75193 7.75191 7.75191 
28.4411 7.80418 28.8702 11.4741 7.80346 7.80345 7.80345 
27.3158 7.77114 28.7208 12.8799 7.77078 7.77077 7.77077 
25.7269 7.85109 30.5673 12.302 7.8509 7.8509 7.8509 
26.6617 7.93148 31.159 10.8988 7.78302 7.78302 7.78302 
26.2816 7.90017 29.6779 12.6625 7.82594 7.82594 7.82594 
27.5671 7.88451 27.6258 13.3804 7.84739 7.84739 7.84739 
26.9414 7.81222 29.2928 12.5726 7.79367 7.79367 7.79367 
27.121 7.89384 29.8304 11.501 7.88456 7.88456 7.88456 
27.5288 8.07391 29.0422 11.6235 7.91054 7.91054 7.91054 
26.1886 7.97635 29.3696 12.6299 8.04618 7.89466 7.89466 
25.6312 7.97047 28.8441 13.6896 8.00539 7.92963 7.92963 
24.9562 7.97885 28.3198 14.832 7.9963 7.95843 7.95843 
25.3479 8.13144 27.6214 14.9604 7.99224 7.9733 7.9733 
23.5935 7.94503 29.1843 15.6698 7.87543 7.86596 7.86596 
22.4028 8.36645 27.9255 17.6834 7.87711 7.87237 7.87237 
21.9706 8.18323 27.1935 18.8417 7.93855 7.93619 7.93619 
22.4779 8.12146 27.0296 18.8238 7.84987 7.84869 7.84869 
22.694 7.9307 28.5303 17.4615 7.79491 7.79431 7.79431 
24.2456 7.87839 27.8883 16.5568 7.8105 7.8102 7.8102 
23.9461 8.92495 28.0467 15.4009 7.89385 7.8937 7.8937 
24.7457 8.35656 27.419 15.9559 7.84101 7.84093 7.84093 
25.8525 8.88047 26.8756 13.9341 8.77944 7.83896 7.83896 
26.5024 8.41375 27.3451 13.424 8.52879 7.89299 7.89299 
26.4345 8.38694 29.589 11.8567 8.12292 7.80502 7.80502 
27.6468 8.05253 28.3851 12.472 7.92052 7.76157 7.76157 
29.1961 7.90825 28.9441 10.5838 7.84225 7.76277 7.76277 
