5 3000 100 30
20 20 20 20 20 
20.9756 17.9268 20.3659 20.9756 19.7561 
19.9615 18.7003 20.9724 23.1194 17.2465 
19.5436 19.1862 18.6829 23.8548 18.7325 
20.417 18.3028 20.3092 23.2177 17.7534 
20.0887 19.6304 20.0348 22.3873 17.8587 
19.4599 19.5555 19.433 23.5313 18.0203 
18.9072 18.322 19.2102 23.791 19.7696 
20.7341 17.0878 19.3612 23.176 19.6409 
20.4936 16.1389 20.1236 23.9298 19.3141 
20.0953 16.4028 21.8042 22.9497 18.748 
21.5861 15.8937 21.2867 22.6287 18.6048 
20.5675 16.5935 21.9216 22.2166 18.7009 
20.8898 17.0089 21.5668 22.0932 18.4413 
21.773 16.7076 20.9397 20.8122 19.7675 
21.8109 16.7571 21.8144 19.2296 20.388 
21.3221 16.7119 22.5739 18.7815 20.6107 
20.8237 16.486 23.0755 19.1468 20.4679 
21.0676 16.4397 21.7837 18.9996 21.7094 
21.3338 16.2199 22.4918 17.8998 22.0547 
22.0114 16.5133 21.33 17.7734 22.3719 
20.3277 16.7312 22.5294 19.4799 20.9317 
21.1808 16.8402 20.5867 19.062 22.3303 
21.1373 16.6232 20.8402 19.2966 22.1026 
21.1377 16.4417 22.6152 18.5914 21.2139 
21.4932 16.6242 21.3917 19.3797 21.1112 
20.8241 16.064 22.3237 19.3798 21.4083 
21.92 15.9685 23.0666 18.0232 21.0216 
21.6157 16.181 20.9595 19.6674 21.5764 
21.5771 15.7828 21.6336 19.4491 21.5574 
20 20 20 20 20 
22.6263 20.101 15.0505 20.101 22.1212 
21.4358 21.0934 15.5007 19.8665 22.1036 
21.4737 19.8491 15.3085 23.0146 20.3541 
22.2753 18.5784 18.5517 21.1227 19.4719 
19.5293 18.7297 18.7164 24.897 18.1276 
19.4313 18.6982 18.6915 24.7818 18.3971 
20.8268 17.9911 19.2223 21.9588 20.001 
19.8622 18.8381 20.2411 21.6093 19.4493 
19.6872 19.7849 21.0961 21.1705 18.2613 
21.0936 18.0174 20.5481 21.8353 18.5056 
22.6273 18.0691 17.9922 21.3203 19.9911 
23.5514 17.4262 17.3877 20.4504 21.1843 
22.7606 17.4252 17.7848 20.0737 21.9558 
22.1803 17.1126 18.0924 20.4368 22.1779 
21.5068 17.3063 19.4629 20.2184 21.5056 
21.8645 16.9865 22.033 18.4425 20.6734 
22.0434 16.4297 21.334 20.3324 19.8605 
22.4038 16.345 20.4231 19.5158 21.3124 
21.3523 16.0672 21.4897 21.0361 20.0547 
20.9703 15.3865 23.2449 20.8122 19.5862 
21.5507 15.89 21.4585 20.2421 20.8587 
20.7754 16.2783 21.9792 20.5377 20.4293 
21.2748 16.2037 21.8767 19.1398 21.505 
20.8144 16.9514 21.1154 19.7469 21.372 
21.8479 16.9503 20.3034 18.348 22.5504 
22.1239 16.4751 21.3517 17.574 22.4752 
21.7457 16.7846 21.3596 18.1887 21.9214 
21.7424 15.6387 21.1871 20.3262 21.1056 
21.7867 14.8616 22.9175 20.0223 20.412 
20 20 20 20 20 
19.1398 18.6022 22.9032 20.2151 19.1398 
19.6309 17.5328 20.9028 22.3026 19.6309 
19.454 18.7062 20.6924 23.5007 17.6468 
19.9014 18.6554 21.9741 22.7969 16.6722 
19.9507 18.6825 21.9548 23.0113 16.4006 
18.8711 19.464 22.3271 23.4689 15.869 
20.3446 19.429 20.5575 22.9466 16.7224 
20.2267 18.4101 21.1483 23.1581 17.0568 
19.7407 16.3479 23.3071 23.3803 17.2241 
19.9374 15.5565 24.0696 23.4351 17.0013 
19.5275 16.6018 23.0642 22.747 18.0595 
21.0776 15.6002 21.0212 22.3224 19.9786 
21.1449 15.7546 20.7379 21.3885 20.9742 
20.7228 15.3961 22.7749 20.8446 20.2615 
20.5976 15.5721 23.1985 20.6585 19.9733 
21.0426 16.0505 21.9298 19.8334 21.1437 
21.4457 16.4286 21.4691 19.1604 21.4962 
21.6984 16.3444 21.3037 18.9298 21.7237 
22.4195 16.4367 20.9824 17.7294 22.4321 
22.0097 16.6183 19.6912 19.2647 22.4161 
21.9424 16.1217 21.5644 17.8355 22.5362 
21.7921 15.5235 20.8568 20.4849 21.3427 
20.6418 16.2363 21.0216 20.8357 21.2646 
19.7697 15.9922 21.9281 22.6226 19.6874 
20.9504 16.1928 20.8001 20.7375 21.3191 
22.2862 15.9704 19.0615 20.2113 22.4706 
22.1601 16.4598 19.2765 19.4277 22.676 
21.48 16.6299 20.0383 20.9138 20.938 
21.2239 16.3795 22.1159 19.7311 20.5496 
20 20 20 20 20 
18.4158 18.4158 19.4059 26.3366 17.4257 
17.8671 18.4258 20.8762 26.2968 16.5341 
19.2277 19.8011 19.5557 24.619 16.7965 
20.7903 19.3123 18.8955 23.7801 17.2218 
21.3778 18.0377 18.1183 25.4739 16.9924 
20.2127 18.245 20.071 24.3441 17.1271 
19.3088 17.4047 20.465 25.0555 17.766 
20.0369 16.6259 21.1614 24.0031 18.1726 
19.3133 17.6078 23.0807 22.5785 17.4196 
21.242 17.0356 22.2111 20.4356 19.0757 
20.895 16.737 22.4069 21.5192 18.4419 
21.2475 16.7685 22.0035 20.7596 19.221 
21.2795 16.581 21.6575 20.6257 19.8564 
22.4718 15.9241 20.3707 20.9999 20.2335 
22.7467 15.1563 19.1782 22.3704 20.5484 
22.8237 15.2117 19.5127 21.1089 21.3429 
22.1557 15.8703 19.6737 20.4718 21.8285 
23.2207 15.078 19.4797 20.2359 21.9857 
21.7729 16.4821 19.9025 21.0936 20.7489 
21.3516 15.993 23.1295 19.8491 19.6768 
21.18 16.3999 23.3295 19.1683 19.9224 
21.4771 16.2644 22.9551 19.2615 20.0419 
21.3446 15.708 25.1139 17.5853 20.2482 
20.7529 15.9185 23.8473 19.2765 20.2047 
21.246 16.6549 21.4889 20.073 20.5372 
21.7341 16.8745 20.1461 19.8656 21.3797 
22.7718 16.3737 20.3905 18.2661 22.1978 
23.3694 16.4513 19.6994 17.3975 23.0824 
22.989 16.9213 19.4149 18.264 22.4107 
20 20 20 20 20 
21.7284 18.0247 24.1975 18.0247 18.0247 
21.4892 18.3873 23.6613 19.0123 17.4498 
21.2542 20.0217 19.7924 21.2896 17.6421 
21.1384 20.2381 18.9871 22.0084 17.6279 
20.6251 19.6163 21.2254 20.2221 18.3111 
20.3775 17.2757 21.6517 21.7994 18.8958 
21.903 17.7807 19.683 20.8997 19.7336 
22.1357 17.443 19.381 20.6472 20.3931 
20.4012 17.7215 19.6905 21.3236 20.8632 
19.878 16.6027 20.813 23.2424 19.4639 
21.4498 17.6539 19.0396 21.6932 20.1636 
21.2718 16.6394 20.0667 21.3935 20.6287 
21.5381 16.5904 20.1837 20.8471 20.8407 
21.4834 17.0254 20.8061 19.9474 20.7378 
22.825 16.846 19.5697 19.1403 21.6189 
23.0125 16.423 20.5849 17.9702 22.0094 
21.6757 16.6861 21.3094 19.5783 20.7505 
22.3763 16.89 20.0564 18.3362 22.3411 
22.2993 16.3815 19.1552 21.0728 21.0912 
21.3 15.7096 21.2317 21.4387 20.32 
21.9403 15.9193 21.9062 19.1871 21.0471 
21.2161 16.1564 22.8383 19.4296 20.3596 
21.8483 15.8301 22.2719 19.4047 20.6449 
21.6385 15.8516 21.8502 19.623 21.0367 
22.2478 15.0686 21.2823 19.4544 21.9469 
21.7796 15.731 20.4772 20.3829 21.6292 
21.8142 16.2689 19.9025 19.8553 22.1591 
21.872 16.9064 19.6004 20.0154 21.6059 
21.5292 16.9278 20.8171 19.7535 20.9724 
