5 80000 300 266
12 12 12 12 12 12 12 12 
14.9319 13.2744 12.4457 14.6556 11.8011 8.94659 8.94659 12.9982 
15.4024 13.7801 13.5244 15.9786 11.6942 7.4098 7.4098 13.8007 
14.9128 14.39 14.743 15.5855 12.7702 6.68567 6.68567 13.7273 
13.4368 15.5283 16.195 15.6359 12.6596 6.28401 6.28401 13.7264 
13.3001 17.3183 16.5901 16.9474 11.7438 6.11441 6.11441 11.7464 
11.9416 18.9183 16.7184 17.113 11.8114 5.97297 5.97297 11.4888 
11.7898 20.5583 16.1178 17.1772 11.8324 6.327 5.89597 10.2702 
10.4974 19.5888 17.5777 16.4338 12.9246 6.09237 5.87685 10.9929 
9.35548 19.24 17.3104 18.3812 13.9572 6.12627 5.91584 9.70588 
9.94633 20.4671 15.9899 17.6617 13.9001 6.059 5.95379 10.0182 
9.31639 19.3437 16.3636 18.5766 13.8356 6.10153 5.943 10.5176 
9.47377 19.5079 17.1982 17.485 14.2949 6.02208 5.94281 10.0744 
9.46939 18.4988 19.7102 17.0758 14.2462 5.99458 5.95494 9.04953 
9.56367 19.2092 19.6137 17.0892 12.8575 5.91479 5.89498 9.85676 
10.139 17.6928 20.6262 17.9984 13.1514 5.89857 5.88866 8.60485 
10.384 17.7401 21.4844 17.3506 13.1918 5.8777 5.87275 8.09852 
9.03817 18.1649 20.3576 18.077 14.1814 6.14398 5.92783 8.10909 
9.69879 16.5878 20.7496 18.2351 14.596 6.77178 5.92374 7.43721 
10.3246 16.6616 20.0856 19.0349 13.4963 6.58837 5.95774 7.85084 
10.2149 16.3308 19.8323 18.8859 14.2218 6.24155 5.92624 8.34647 
9.33427 16.619 20.1223 19.3398 14.8429 6.11047 5.95281 7.67839 
8.78106 14.8496 22.192 18.8471 15.0164 6.53625 5.92999 7.84763 
9.69356 16.191 22.3514 17.1076 14.8675 6.40665 5.88707 7.49525 
10.8601 15.8906 20.9752 18.6874 13.6698 6.43272 5.83886 7.64517 
10.6448 15.9208 21.4283 17.7282 14.2991 6.1816 5.88467 7.91257 
10.143 16.0321 20.4675 18.3932 15.2213 6.22981 5.85713 7.65583 
9.8146 16.6129 20.214 17.9911 16.0099 6.5734 5.89299 6.89116 
10.2571 15.3023 22.0412 17.6375 15.8239 6.57888 5.93004 6.42912 
10.1593 15.454 22.1089 17.5457 15.4068 6.7802 5.94243 6.60265 
10.1226 15.5596 21.8913 19.3951 14.1412 6.39439 5.86821 6.62751 
9.75213 15.6689 21.9265 19.6123 14.0002 6.60871 5.91918 6.51205 
9.93935 15.6404 20.1405 18.245 15.4389 6.89085 5.91318 7.79189 
11.0269 15.6396 19.5416 18.3736 14.7679 7.07979 5.93016 7.64044 
10.5982 16.6122 19.1988 18.7207 14.3755 6.92972 5.93118 7.63378 
9.93712 17.1296 20.6854 17.392 14.9932 6.63228 5.90677 7.32368 
9.32541 18.5233 20.7161 17.6172 14.9655 6.22071 5.85795 6.77387 
8.67114 19.8102 21.223 15.8761 14.9722 6.27491 5.88256 7.28989 
9.34601 18.8821 22.3025 16.1844 14.6886 6.06021 5.86404 6.67208 
9.03982 16.8646 22.9417 17.0442 15.9688 5.9777 5.87962 6.28364 
9.97015 14.5935 23.0822 18.0008 15.6858 5.95094 5.90189 6.81481 
10.0388 15.7914 21.4336 18.2477 14.6171 6.63138 5.85417 7.3859 
11.2827 14.2651 22.1818 18.3595 14.2088 6.28809 5.89949 7.5146 
12.1969 14.4659 20.9798 19.2909 13.4377 6.25516 5.94974 7.42397 
10.9019 15.7482 19.9877 19.4708 14.2516 6.07518 5.92247 7.64212 
9.94659 16.5364 21.7263 18.617 13.8144 6.65601 5.92176 6.78158 
10.3304 17.3018 22.943 17.5018 12.7896 6.58431 5.90206 6.64709 
10.6218 18.005 22.496 18.105 11.0718 6.29884 5.84635 7.55517 
11.6038 19.1856 21.5455 16.3752 11.4856 6.58191 5.898 7.3245 
9.56534 19.8078 20.6652 16.7897 12.3019 6.94687 5.85223 8.07085 
9.73862 19.5956 20.1344 17.0953 12.9792 7.21793 5.89968 7.33939 
9.02635 19.0357 20.1134 18.0165 12.6097 7.18864 5.83668 8.17316 
8.46617 18.0648 20.7404 18.4099 13.463 7.01312 5.90979 7.93273 
8.28401 15.8611 21.7128 19.5059 14.1389 6.86304 5.84841 7.78581 
9.57438 15.2476 22.3863 19.2873 12.9453 6.53573 5.91756 8.10577 
8.88918 15.3843 22.6122 19.6215 13.6788 6.70467 5.95213 7.1571 
9.19621 16.2235 21.7813 19.7459 13.4269 6.70007 5.89183 7.03427 
10.0901 16.693 22.5611 19.5984 11.4045 6.89695 5.92074 6.83521 
10.0229 14.9837 22.1213 21.3036 11.6757 6.65644 5.9471 7.28929 
9.56754 13.6834 24.1447 21.1658 11.4453 6.83289 5.89411 7.26614 
9.71798 14.9557 25.011 19.6838 11.4244 6.59627 5.90758 6.70325 
10.6809 14.0989 23.6927 20.3442 11.5341 6.9511 5.92183 6.77628 
10.4687 12.6438 24.6669 20.1954 11.7111 6.8555 5.87467 7.58394 
10.8759 13.2909 23.3954 20.1641 11.7184 6.85696 5.92406 7.77427 
10.0065 13.7521 24.6419 20.3612 11.443 6.34726 5.88081 7.56734 
10.8385 13.1689 25.3644 19.5628 10.9846 6.14846 5.91523 8.01708 
10.5878 13.7755 24.7047 19.8937 10.7732 6.44502 5.87897 7.94112 
9.94213 12.0385 25.292 20.1227 12.0449 6.48884 5.82893 8.24192 
10.7358 12.3722 26.1754 19.8261 11.1989 6.77383 5.85564 7.06214 
9.80714 11.3263 25.4709 22.6467 11.0901 6.54112 5.84838 7.26939 
10.1729 12.4547 25.616 20.9252 10.6973 6.90054 5.85159 7.38177 
10.3176 12.5534 25.7034 21.7765 10.3365 6.85659 5.8455 6.61059 
10.3624 12.3853 26.087 21.9742 10.1456 6.93508 5.86393 6.24647 
11.2277 11.8903 25.4854 20.9871 10.7705 7.42103 5.83894 6.37905 
11.7178 11.6594 25.4699 20.6234 10.8398 7.47675 5.90648 6.30641 
11.6459 12.0797 24.4248 20.9599 11.7856 6.86337 5.84676 6.39394 
10.7156 11.1711 24.7422 21.9358 12.2174 7.01164 5.90667 6.2996 
11.2019 11.8193 25.2283 20.838 11.3035 7.01231 6.45983 6.13681 
10.6857 11.5997 27.5052 20.3464 10.2522 6.65386 6.13548 6.82143 
10.1438 13.0598 26.8673 21.0631 9.22448 6.60562 5.99514 7.04069 
11.3527 12.6875 25.1332 21.9848 9.04574 6.25847 5.95324 7.58439 
12.1049 12.2962 27.2094 20.2781 9.04668 6.34352 5.95281 6.76838 
11.635 11.1238 28.2892 20.6973 8.52819 6.56982 5.88903 7.26769 
11.5779 10.7462 28.0847 21.639 8.52677 6.2803 5.9399 7.20527 
12.261 9.81474 27.1134 22.8753 8.57811 6.43964 5.88873 7.02903 
12.5187 9.69853 26.456 24.0912 8.58881 6.29107 5.89277 6.46292 
12.2696 9.45284 26.6551 24.4497 9.02586 6.08671 5.88756 6.17264 
11.5472 10.7831 26.6007 24.0805 8.50778 6.00727 5.9077 6.5657 
12.5575 10.7936 25.9888 23.2212 9.02776 5.89308 5.8433 6.67481 
12.682 10.7101 25.3922 23.0547 9.41851 5.94382 5.91892 6.87964 
12.5252 11.1445 25.854 22.0537 8.65662 6.7877 5.8542 7.12403 
13.4237 11.4546 25.7147 21.8964 8.16463 6.33503 5.86828 7.14258 
12.8862 11.2963 26.0535 21.1177 8.80386 6.43628 5.83971 7.56645 
11.0116 10.8512 28.6359 20.2035 10.2395 6.13692 5.83864 7.08272 
11.9735 10.6495 26.2582 21.6689 10.3436 6.42667 5.90439 6.77519 
13.2427 11.1295 25.794 21.7843 8.86575 6.37956 5.85457 6.9496 
12.2203 11.0335 27.2199 21.8297 8.59954 6.18457 5.92208 6.99042 
12.3291 11.6113 25.9234 22.482 9.02614 6.07736 5.94611 6.60467 
13.0247 11.2146 27.2097 20.7397 9.39434 5.94106 6.00736 6.46856 
14.6063 11.0903 26.9208 19.8999 9.39691 5.84259 5.87574 6.36744 
14.6823 11.2704 27.2009 18.6013 9.66029 5.8475 5.86408 6.87329 
13.029 11.0585 27.357 19.8827 10.518 5.8338 5.84209 6.47897 
14.315 10.7722 26.5941 19.4043 9.99044 6.62534 5.86222 6.43642 
14.0395 10.5827 27.9038 19.2527 9.63005 6.54301 5.88055 6.16765 
13.5133 10.0966 27.5883 21.0549 9.49035 6.25852 5.92729 6.07084 
12.5678 9.76983 29.2905 20.818 9.22459 6.27696 5.86921 6.18312 
12.5339 9.90942 28.1256 22.7865 8.41132 6.2022 5.87578 6.15528 
11.1331 10.1859 29.2696 23.1937 7.73364 6.02081 5.8576 6.60562 
10.6604 10.3208 28.3077 24.5995 7.35207 6.22756 6.01191 6.51997 
9.88784 11.3266 27.4246 25.8386 7.02724 6.06284 5.95502 6.47714 
11.1586 11.5955 26.2829 25.6312 6.62097 6.13877 5.94361 6.6284 
11.5793 12.0644 27.0081 23.4823 7.04382 6.13605 5.90514 6.78087 
12.0237 10.994 27.8807 23.5732 6.8298 6.12146 5.87878 6.69832 
13.2542 9.53602 29.8178 21.8145 7.31462 6.1248 5.86418 6.27395 
14.6271 10.0537 27.6232 21.3358 7.94302 6.20526 6.07495 6.13698 
13.1559 9.91817 28.4855 21.2657 8.31934 6.09176 6.43421 6.32936 
13.5902 9.53225 27.5049 21.6085 7.81821 6.09466 6.26589 7.58541 
14.4222 9.99212 28.4417 20.4088 7.44018 6.01343 6.09905 7.18254 
13.4611 9.16272 28.2486 22.5655 7.88675 6.06227 5.96619 6.64682 
12.9806 8.88692 30.2354 21.9772 7.55449 6.08669 6.03865 6.24008 
14.1405 8.67843 29.462 20.1416 8.69528 6.18542 5.88818 6.80856 
14.4932 8.12073 28.8766 21.2753 8.26921 6.03389 5.88527 7.04574 
14.059 8.30201 29.8625 21.5631 7.86211 5.97324 5.89893 6.47917 
14.9099 8.22709 29.0617 22.1946 7.46366 5.97575 5.9386 6.22871 
14.7996 8.77456 28.0902 21.5493 7.96912 6.23646 5.9354 6.64543 
14.2387 9.09853 28.4828 21.5649 7.63198 6.15775 6.15919 6.66618 
13.9961 8.70399 29.1411 21.3842 7.97072 6.08747 6.23146 6.48495 
14.4055 8.45252 29.1208 21.8032 8.08589 5.95379 6.02578 6.15253 
14.2649 8.03982 29.6734 22.0598 7.43277 5.943 5.97899 6.60734 
15.3196 8.69827 28.287 21.8486 7.37136 5.89547 5.91347 6.66624 
14.9484 7.55613 29.5954 22.4403 7.18422 6.15473 5.87219 6.24857 
15.1781 8.00767 29.7524 21.4921 6.61326 6.55169 5.95724 6.44755 
15.4103 8.33345 29.2617 20.5226 7.21724 6.2088 6.05125 6.99472 
14.9807 7.88189 29.0271 21.252 7.01419 6.35518 6.1216 7.36733 
16.7997 7.84485 29.6787 19.4849 6.96055 6.18059 6.0638 6.98697 
16.8768 7.51438 28.9198 20.9493 7.21591 6.10754 6.04914 6.36705 
17.2361 7.56951 28.5362 20.8852 7.12702 6.13295 6.10375 6.40933 
16.3453 8.02718 28.662 20.8972 7.19987 6.09678 6.08218 6.68951 
16.5559 7.7561 28.852 20.7779 7.04305 6.0424 6.0351 6.93757 
17.6785 9.05516 28.1862 18.9721 7.06376 6.01848 6.15107 6.87478 
16.8511 8.53352 28.0397 20.6136 7.09271 5.9766 6.04289 6.84985 
14.3526 8.06615 30.4332 21.705 6.58587 6.02781 6.06096 6.76839 
15.6869 7.98444 29.9583 21.3388 6.48442 6.05342 6.06999 6.42371 
15.6279 7.58504 29.9492 20.5496 6.98473 6.32012 6.32841 6.65497 
14.5447 6.99765 28.7566 23.0953 7.17826 6.36519 6.52959 6.53261 
16.0602 6.98367 28.9238 21.6992 7.22549 6.51593 6.2951 6.29661 
16.6404 6.8151 29.1145 21.1215 7.23812 6.27911 6.31975 6.47157 
15.4631 6.76889 29.9634 22.4655 6.84035 6.08073 6.10105 6.31702 
14.6334 6.45193 30.6259 22.7358 6.94778 6.26123 6.11801 6.22599 
14.2934 6.85969 29.9932 23.5772 6.81691 6.18294 6.11133 6.16532 
13.7533 6.8833 30.7623 22.4493 7.16221 6.39477 6.05867 6.53611 
14.5155 6.77498 31.7701 21.9191 6.63666 6.11405 6.08489 6.18472 
14.9959 6.81011 31.2124 22.4179 6.29452 6.03322 6.01864 6.21736 
16.3568 6.70836 31.0717 21.269 6.30041 6.01961 6.01232 6.26183 
17.7436 6.68751 31.6228 19.3302 6.48354 6.05328 6.04964 6.02947 
18.4173 7.13164 30.5084 18.9075 6.5751 6.05695 6.05512 6.34807 
18.4791 6.75731 30.7557 19.0282 6.47904 6.06799 6.06707 6.36552 
20.6602 6.72127 31.2553 16.8957 6.44286 5.95878 5.95833 6.10755 
20.5574 7.47995 30.5424 16.9706 6.48848 5.96235 5.96212 6.03673 
20.3406 7.60995 29.3579 17.7732 6.34021 6.07715 6.07703 6.42394 
19.8329 7.02583 31.8569 15.7885 6.23759 6.10606 6.106 7.04632 
18.3935 7.10487 31.5894 18.2391 6.27972 5.92659 5.92656 6.5404 
19.5075 6.94227 30.6252 18.4416 6.10596 5.9294 5.92938 6.51879 
19.4412 6.90863 30.9376 16.877 6.64673 6.0897 6.08969 7.00939 
18.0309 7.60944 29.7347 18.4108 6.64746 6.23045 6.09194 7.24431 
17.2737 7.10802 31.3839 18.5147 6.32674 6.11823 6.04897 7.22576 
17.5153 7.44809 30.1779 19.2262 6.59016 6.17438 6.13975 6.72814 
17.6657 7.316 30.6062 19.9579 6.16864 5.96075 5.94344 6.38131 
19.881 6.77415 30.4589 18.7608 6.05883 5.95488 5.94622 6.16516 
18.1095 7.18989 31.1449 19.6621 5.98716 5.93519 5.93086 6.04033 
18.7731 6.97523 29.657 20.6761 6.09217 5.92534 5.92318 5.97791 
17.8972 6.6791 29.5701 20.3685 7.14943 6.00218 6.0011 6.33242 
17.5156 6.76634 29.4268 19.9973 7.00151 6.11636 6.11582 7.06029 
17.4603 7.02241 29.7451 19.6506 6.98177 6.22274 6.22246 6.6947 
16.9391 7.24255 29.7979 20.1238 6.62521 6.09644 6.09631 7.07869 
16.0645 7.26052 29.2977 21.4543 6.79362 6.21278 6.21271 6.7039 
16.4435 7.36858 31.004 19.4499 6.8236 6.22165 6.22162 6.46722 
15.5917 7.73053 30.6754 20.9966 6.44648 6.001 6.00098 6.55731 
18.5895 7.1986 29.306 19.3872 6.39784 6.1751 6.33383 6.61199 
17.3136 8.00181 29.9045 18.8131 6.65804 6.23221 6.31157 6.76511 
16.7264 8.58952 29.1928 19.5331 6.65181 6.43889 6.32034 6.54711 
16.2579 8.31953 28.8379 20.2929 6.42188 6.47022 6.56574 6.83393 
15.8902 7.74185 29.9413 20.5942 6.34527 6.22018 6.56645 6.70055 
15.6621 7.4079 28.9578 21.8727 6.70961 6.32553 6.49866 6.56571 
15.0582 7.24377 29.8181 22.1458 6.30466 6.11262 6.49417 6.82268 
15.2094 7.54038 28.3887 22.9851 6.75734 6.1911 6.38188 6.54613 
14.4609 7.95079 28.5756 22.1949 7.0576 6.44003 6.53542 6.78477 
13.6568 8.20737 29.3348 22.5395 6.82034 6.35481 6.40251 6.68392 
14.9142 7.73405 29.6839 20.6757 7.04053 6.47774 6.6666 6.80731 
14.2342 7.48148 30.5046 21.4824 6.83352 6.25092 6.34535 6.86751 
14.0448 7.05399 30.6138 22.4882 6.73001 6.13751 6.18472 6.74701 
14.6571 6.82041 29.8278 23.5195 6.35902 6.06277 6.23607 6.51722 
14.7589 6.81578 29.465 23.3697 6.58508 6.12736 6.21401 6.66418 
15.1082 6.87792 30.8208 21.7795 6.44712 6.21825 6.26158 6.48666 
16.9658 6.5272 30.1163 21.3309 6.75297 6.0503 6.07197 6.18451 
15.5553 7.21097 28.7095 21.8497 7.32385 6.31463 6.32546 6.71068 
14.2712 7.50159 28.4781 23.1002 7.07102 6.40407 6.40948 6.76443 
15.4178 7.73852 29.1164 21.8262 6.75637 6.26952 6.27223 6.60307 
16.4548 7.49962 27.2644 22.1342 7.00855 6.43509 6.43644 6.76688 
16.2866 7.36823 28.7638 20.6066 7.12269 6.50702 6.5077 6.83739 
15.6905 7.30047 30.2624 20.2089 6.86323 6.39816 6.55573 6.72058 
14.7774 7.04256 30.4704 22.0514 6.67645 6.14893 6.22772 6.60513 
15.7738 6.93743 29.8315 21.8953 6.44382 6.18006 6.21945 6.71871 
16.4078 7.16646 28.5813 21.237 7.08043 6.30546 6.32516 6.89633 
15.431 7.27055 29.0399 21.9754 6.93255 6.10258 6.7024 6.54551 
14.1671 7.39871 29.0361 21.382 7.22971 6.63552 6.93543 7.21541 
15.3582 7.39654 26.842 21.7825 7.4881 6.83889 6.98884 7.30489 
15.1325 7.42498 28.6384 20.9844 7.1602 6.68031 6.75529 7.22387 
15.0338 7.77093 26.9815 22.8299 7.15153 6.58691 6.6244 7.02103 
14.8298 7.9671 25.3955 23.6598 7.31726 6.86488 6.71356 7.25201 
16.7575 7.44376 27.2306 20.3074 7.11884 6.89265 6.99 7.25922 
15.6422 7.77593 28.4802 19.951 7.27564 6.8247 6.87338 7.17691 
16.1268 7.37634 28.6919 19.2778 7.62453 6.73461 6.75895 7.40905 
17.9644 7.15352 28.0423 19.2099 7.11259 6.66764 6.6798 7.16987 
18.4837 7.6266 28.8187 16.9258 6.82733 6.44908 7.07822 7.79054 
18.0167 7.95237 28.4822 17.9 6.89048 6.5358 7.01593 7.20653 
17.6414 7.93302 28.6296 17.5831 7.04236 6.86502 7.10509 7.20039 
16.3917 8.54064 28.0372 19.0439 6.99121 6.58709 6.86485 7.54341 
19.0802 8.01182 27.1138 17.5152 7.40717 6.6949 6.83378 7.34313 
18.9258 7.76018 28.7446 16.2661 7.45785 6.76042 6.82986 7.25518 
17.639 7.49644 29.1522 17.7242 7.03081 6.52486 6.87405 7.55841 
18.0604 8.03865 27.7774 18.103 7.31079 6.56276 6.73736 7.40957 
18.058 7.66516 27.4304 18.6001 7.47484 6.7536 6.8409 7.17701 
18.994 7.50391 28.0509 17.1672 7.23392 6.87331 6.91695 7.25983 
20.1878 7.8638 28.1702 16.3139 6.90643 6.72613 6.74795 7.08386 
20.9095 7.6553 27.9149 15.0718 7.53123 6.90916 6.92007 7.08803 
22.0561 7.25902 27.6829 15.0523 7.52379 6.72256 6.72801 6.97539 
22.8403 7.99844 27.5955 13.5132 7.15995 6.59752 6.76206 7.533 
24.6752 7.52271 27.3884 12.6291 7.27125 6.65447 6.73674 7.12221 
24.8773 7.25342 28.1386 12.9812 6.96896 6.50184 6.54297 6.73571 
24.625 7.39015 29.1231 10.9709 7.24792 6.83515 6.85572 6.95208 
24.4093 7.24346 30.5293 10.4854 7.33364 6.64338 6.65366 6.70185 
24.8159 7.03419 31.5851 10.7323 6.78255 6.28905 6.29419 6.46665 
23.6174 6.90943 30.5418 13.0358 6.48862 6.09438 6.24444 7.06813 
23.7469 6.5446 30.7203 14.1022 6.3342 5.99663 6.07166 6.48351 
23.2294 7.3401 28.9195 14.5087 6.55693 6.38814 6.42566 6.63158 
23.1636 6.65918 29.1337 15.95 6.40346 6.1832 6.20196 6.30492 
22.9237 7.48294 31.0205 12.7673 6.39662 6.28649 6.29587 6.82658 
22.6768 7.16826 30.775 13.393 6.31357 6.25851 6.41896 6.99585 
23.8384 6.78181 30.0678 13.8186 6.49981 6.18158 6.11646 6.6956 
23.5756 7.22526 30.6781 13.0443 6.47076 6.15827 6.12571 6.72203 
24.9624 7.73961 28.5136 12.8713 6.56872 6.25374 6.39619 6.69435 
24.2053 7.4905 29.4292 12.1253 6.73263 6.57515 6.64637 6.79545 
23.9209 7.68464 29.4116 12.4263 6.54813 6.46939 6.35349 7.1856 
22.7348 7.54602 30.194 12.2738 6.80942 6.6017 6.54375 7.29651 
21.9025 7.45194 29.1438 14.1636 6.74919 6.81256 6.61636 7.15996 
24.1911 7.15276 27.9676 13.7796 6.95715 6.67731 6.42344 6.85101 
23.452 7.36187 29.1257 13.3567 6.94861 6.49323 6.52402 6.73781 
22.9722 7.32835 29.1525 14.5811 6.51382 6.28613 6.30153 6.86434 
22.2835 7.31866 30.1909 13.7689 6.74528 6.46532 6.47302 6.75443 
22.4045 7.4136 27.5528 15.0756 7.12691 6.64563 6.64948 7.13148 
22.6749 7.47392 27.475 14.5583 6.98811 6.74747 6.92063 7.16163 
22.8053 7.10088 29.1809 14.4657 6.70506 6.43184 6.51842 6.79182 
21.4027 7.0287 30.6774 15.7836 6.54094 6.11447 6.15776 6.29446 
21.9917 6.90145 29.8548 15.795 6.49628 6.28304 6.30469 6.37304 
21.5861 7.09656 28.8163 15.8836 6.72036 6.61374 6.62457 6.65874 
22.549 7.41733 28.2474 14.9359 6.7828 6.28306 6.58609 7.19842 
21.1429 7.49156 29.9132 14.2113 7.17429 6.431 6.58252 7.05316 
20.7755 7.65734 27.7117 16.2893 7.32864 6.61686 6.69262 6.92794 
22.0007 7.05448 27.2429 16.5318 7.05142 6.53424 6.57212 7.01236 
21.5867 7.76177 26.1622 17.0607 7.4345 6.52445 6.54339 6.92637 
24.414 7.50157 26.8742 13.5303 7.33794 6.7105 6.71997 6.91146 
24.4877 7.435 29.0511 11.1511 7.17774 6.86402 6.86876 6.9645 
24.7439 7.26688 29.1861 11.5941 6.67529 6.51843 6.82944 7.18596 
25.4418 7.12888 30.0946 11.1162 6.37716 6.29873 6.45423 7.08842 
25.1076 6.8877 30.3041 11.9025 6.36079 6.17051 6.24826 7.01853 
24.7489 7.10239 30.3282 12.4553 6.43243 6.06629 6.10516 6.7613 
12 12 12 12 12 12 12 12 
12.422 11.5963 13.156 11.5046 16.4587 8.93578 8.93578 14.9908 
15.1541 12.3835 13.7325 13.8011 15.3838 7.39472 7.39472 13.7556 
16.2892 11.2107 15.4837 15.8967 14.4154 6.63297 6.63297 12.9384 
16.1446 11.1054 15.9418 17.1484 14.6077 6.31648 6.31648 12.1692 
15.8686 13.141 17.0146 16.2665 14.0606 6.27674 6.06884 11.1782 
16.6612 13.4494 17.8502 14.8068 13.4985 6.32112 6.01183 11.3386 
15.0594 15.3168 18.863 14.5462 13.9956 6.05911 5.90447 10.2241 
15.1433 16.1811 18.4088 14.7731 14.2705 6.43865 5.90678 8.86207 
14.7145 17.0702 17.2656 15.5498 14.8904 6.17851 5.91257 8.41063 
13.5096 17.6171 18.5937 15.1968 14.8671 6.21425 5.88597 8.11156 
12.4271 18.2623 19.0658 15.5816 13.8411 6.25839 5.88416 8.67763 
11.3334 17.41 19.7725 17.159 13.3476 6.1793 5.88326 8.91398 
10.4921 18.4586 20.5639 16.0744 14.5793 6.2724 5.91904 7.63974 
9.77282 18.7972 19.747 15.8561 15.3144 6.73702 5.94306 7.83222 
9.22525 17.973 21.0305 15.676 14.682 6.98421 5.9674 8.46156 
9.03368 18.3549 18.9363 15.5222 17.1305 6.43948 5.93107 8.65183 
8.46718 18.6583 19.6262 16.1132 16.1273 6.15428 5.90007 8.95346 
8.39159 18.3728 19.2725 16.0608 16.2757 5.98774 5.86064 9.77818 
9.60396 16.3293 19.5342 15.7855 16.097 6.87142 5.8895 9.88909 
9.70603 17.1199 18.9356 17.1678 14.8715 6.42079 5.92983 9.8486 
8.77251 16.7167 18.5779 17.4822 15.3807 7.12988 5.93101 10.009 
8.21648 17.9857 18.2952 18.0579 14.6262 6.77405 5.86406 10.1805 
8.19213 18.2644 18.7502 17.7486 13.8252 6.80866 5.91216 10.4986 
8.31547 18.4149 18.1304 18.4734 13.7692 6.99083 5.90967 9.99616 
7.63875 17.6463 19.6137 20.1017 13.8466 6.76546 5.90842 8.47909 
7.89887 15.5177 19.8487 22.2893 13.9317 6.5208 5.88308 8.10984 
7.46007 16.695 20.3499 21.4638 14.1999 6.34551 5.92026 7.56556 
7.76401 15.2477 21.4276 22.1969 13.5755 6.46362 5.93253 7.39212 
7.48462 15.2658 22.2859 21.4696 13.338 6.72526 5.91386 7.51702 
7.90009 15.4154 24.5758 20.3297 12.2127 6.88075 5.94201 6.74359 
7.87567 17.2118 22.2052 20.8053 11.3749 7.26269 5.96687 7.29741 
8.86289 16.9571 21.5951 21.1093 11.7903 6.6292 5.98129 7.07483 
8.69153 16.3261 21.5599 21.4291 11.5005 7.23837 5.90545 7.34907 
8.91147 16.7377 22.6953 20.2914 11.0955 7.0713 5.84805 7.34937 
8.66626 16.2636 22.0845 21.1983 11.7583 6.90407 5.87139 7.25363 
8.41038 15.2133 22.5229 21.4361 12.1023 6.88551 5.83269 7.59677 
8.58933 16.5837 22.1174 20.9477 12.7317 6.4699 5.8391 6.72114 
9.04579 16.0973 22.9365 20.4286 12.1351 6.40237 5.86073 7.0936 
10.0785 16.0486 21.9127 19.5476 12.2898 6.20118 5.93036 7.99125 
10.8215 15.9608 21.9541 18.6174 12.7208 6.38857 5.91303 7.62374 
10.0878 17.78 21.3334 18.2174 13.1533 6.6464 5.85184 6.92991 
10.1974 17.9909 20.7544 17.8806 13.2652 6.72232 5.88644 7.30267 
9.45651 17.5963 20.0102 16.9678 14.6601 6.57217 5.92487 8.81189 
8.63121 18.0809 19.4988 17.9776 14.3976 7.18904 5.91602 8.3089 
9.24834 18.6817 20.5117 16.5 13.2526 6.95775 5.87281 8.97508 
9.85144 16.159 22.074 14.6136 14.9218 7.22887 5.89095 9.26027 
10.5071 16.1028 23.0138 13.9347 13.3911 7.6842 6.08501 9.2813 
12.7146 15.4011 21.7519 15.3193 13.4884 6.73743 5.93783 8.64956 
11.9637 15.8241 21.1734 15.8976 13.266 7.14446 5.94374 8.78702 
11.2571 17.0864 21.1372 16.091 13.8577 6.55388 5.95352 8.06324 
12.7239 15.1951 20.879 14.9191 14.8003 6.93548 5.97011 8.57707 
13.1801 15.2112 20.6668 14.6187 15.582 6.64956 5.9396 8.15217 
12.5372 16.306 22.0074 13.5869 15.8306 6.40848 5.94337 7.38005 
12.7951 16.892 20.9595 15.3111 13.8888 6.85468 5.95841 7.34047 
12.2486 15.8928 22.501 16.5917 12.9018 6.40606 5.95793 7.50002 
11.615 16.7081 21.9982 17.9921 12.5257 6.59088 5.89952 6.67057 
9.8164 16.4832 22.3577 18.2388 13.3898 6.85892 5.84509 7.01012 
10.0536 16.0716 21.9171 19.634 13.4063 6.67331 5.83082 6.41334 
9.56244 15.4872 23.0536 19.1042 13.9386 6.36041 5.83118 6.66239 
9.65361 15.5162 22.4317 18.7169 12.8858 6.66048 5.81582 8.3196 
8.98358 14.884 23.4486 20.2848 12.1436 6.29936 5.87703 8.07904 
8.53591 15.8979 23.489 21.4169 10.9738 6.09086 5.87969 7.71599 
10.8214 15.8373 22.7882 20.9026 10.948 5.95805 5.85247 6.89198 
10.1233 16.8842 21.9688 20.6812 11.2211 6.19742 5.91474 7.00921 
10.733 14.5763 21.4011 21.4517 11.3976 6.68667 5.85089 7.90275 
10.0435 17.3104 21.8364 21.3049 10.1531 6.57273 5.82077 6.95806 
10.198 15.4834 23.6935 21.0049 9.81226 6.92073 5.88395 7.00326 
10.3359 15.223 23.1934 20.9763 10.3924 6.95164 5.93449 6.9929 
10.6599 13.79 24.4113 19.2982 12.1756 6.45065 5.94208 7.27219 
9.73832 14.4356 25.5467 19.7419 11.7723 6.24156 5.98728 6.53633 
11.0286 14.7057 24.0053 20.7405 10.8378 6.6232 5.89219 6.16672 
11.2422 15.3481 24.0551 20.7521 9.95352 6.41422 5.92939 6.30531 
10.4108 14.4497 24.6444 21.9415 9.8833 6.36132 5.88526 6.42369 
9.71848 13.8757 25.03 22.3722 10.0485 6.38731 5.91175 6.65602 
11.1853 13.3855 24.3155 21.8917 10.4987 6.47833 5.87558 6.36937 
10.4434 13.0361 25.9637 21.2692 10.3489 6.34862 5.92287 6.66727 
9.78844 13.1925 26.565 19.4168 11.966 6.57009 5.88883 6.61233 
9.38594 13.5702 26.1667 20.8195 11.1839 6.35833 5.8995 6.61586 
10.8687 11.7732 27.0976 20.386 9.98627 6.38582 5.91887 7.58346 
10.6975 11.493 25.4481 21.177 10.714 6.16774 5.93426 8.36839 
9.29613 12.6843 25.4035 22.0717 10.6201 6.43315 5.95756 7.53348 
10.2872 11.1041 26.2356 22.9406 10.1973 6.22409 5.86099 7.1502 
10.7719 11.7039 25.0288 23.2504 10.0725 5.99163 5.81007 7.37091 
10.8152 11.66 28.0447 20.4636 10.3393 6.02612 5.80908 6.84202 
11.7667 12.1891 26.9899 21.3291 9.40903 6.00558 5.89706 6.41353 
11.9401 12.1513 25.4795 21.2315 10.3746 5.96671 5.91245 6.94388 
12.7475 12.981 24.7602 19.8229 10.4303 5.92453 5.8974 7.43613 
13.7422 12.5431 24.6169 19.5167 9.95198 6.38332 5.84344 7.40228 
14.4108 13.679 23.2873 19.0176 9.60562 6.49854 5.83177 7.66939 
12.8484 14.7135 24.5045 17.9078 9.26475 6.26764 5.80302 8.69034 
13.7106 15.7738 25.6945 16.1147 9.53187 6.1489 5.79096 7.23462 
14.0342 14.6879 25.8195 17.881 9.04805 6.09712 5.79221 6.63998 
13.3663 13.6932 26.6664 19.5225 8.36001 6.09089 5.80616 6.49459 
13.9183 13.5649 26.3823 19.8388 7.92677 6.01702 6.00385 6.34807 
14.0468 13.0969 26.3355 19.5843 7.82937 5.97243 5.96584 7.16888 
12.3513 12.1495 26.0093 22.0873 8.6961 5.85507 5.85177 6.99974 
11.2036 11.801 25.8538 21.0995 9.65531 6.41915 5.85885 8.10881 
12.0088 11.805 27.2485 20.3487 9.60153 6.22465 5.81887 6.94385 
12.3983 10.7619 28.0744 21.1718 9.27647 6.0535 5.85061 6.4131 
12.5005 10.5864 27.3249 21.4078 9.70673 6.45141 5.80202 6.22025 
13.6532 10.5116 26.6479 21.6262 9.2223 6.25968 5.81363 6.26546 
13.1978 12.735 25.2353 21.2009 9.45879 6.31544 5.8154 6.04132 
13.7805 13.4136 25.0838 19.4081 9.47194 6.13875 5.88873 6.8147 
14.9804 11.3487 26.6002 19.651 9.24526 5.98715 5.86214 6.32512 
15.225 10.923 27.8029 18.8034 9.04252 6.30849 5.83162 6.06311 
15.749 11.2358 27.5497 18.1943 8.9832 6.30385 5.80295 6.18116 
16.0514 10.7117 28.2521 17.8103 8.24495 6.63718 5.85054 6.44179 
15.7889 9.43481 29.9155 17.7209 8.333 6.21333 5.82001 6.77353 
15.5764 9.29961 28.7044 19.7769 7.80532 6.34116 5.87496 6.62126 
15.235 8.90513 30.5756 19.5959 7.49308 6.09611 5.86301 6.23616 
14.6123 9.37484 29.9251 20.5492 7.50302 6.02733 5.91078 6.09736 
15.1866 8.22003 27.3267 22.5029 8.2352 6.0028 5.94452 6.58129 
13.9205 9.04829 26.472 23.7514 7.97563 6.08782 6.05868 6.68571 
13.1282 9.24855 27.1468 23.1618 8.44976 5.93105 5.91648 7.01739 
14.0573 8.84771 28.151 23.025 7.49463 5.9628 5.95551 6.50597 
12.9515 8.69383 28.8138 23.3583 7.46632 6.0117 5.87032 6.83425 
12.1514 9.88745 29.0015 22.4899 7.78722 6.24909 5.90813 6.52523 
11.5445 9.2406 28.0424 23.8752 8.97173 6.11934 5.94886 6.25741 
11.873 9.26221 27.9469 24.4044 8.19939 5.97744 5.8922 6.44435 
12.5847 9.20174 28.1009 23.2825 7.97781 6.31282 5.85469 6.68478 
12.2172 9.65867 26.9117 23.491 8.17966 6.19109 5.96203 7.38863 
11.1518 9.58438 27.8651 22.9847 8.55669 6.26557 5.86286 7.7289 
11.3563 8.83843 29.2505 22.764 8.32459 6.45649 5.8216 7.18815 
11.381 8.53062 29.0815 24.3794 8.14107 6.14602 5.82857 6.51185 
11.4652 8.63151 29.1886 24.4432 7.73251 6.1716 5.87203 6.49536 
12.1842 9.30109 29.1104 23.072 7.8252 6.16498 5.86857 6.47349 
13.6679 9.49903 27.2825 23.5057 7.24593 6.26431 6.1161 6.41856 
13.1558 9.63457 29.3022 21.3793 7.21492 6.1494 6.07529 7.08859 
14.3244 7.91588 30.8483 21.5347 6.70605 6.03244 6.13624 6.50204 
14.6183 8.6363 28.1434 22.4633 7.59279 6.2326 5.9921 6.3212 
14.6579 7.77636 29.7778 21.3181 7.54279 5.99814 6.16608 6.7629 
14.5775 6.99469 30.1256 22.1975 7.17376 6.25351 6.18955 6.48796 
15.3116 7.50881 29.3894 21.987 7.45508 5.99208 6.10337 6.25258 
13.6952 6.98474 30.9869 22.7913 7.51967 5.94548 6.00112 6.07573 
13.8476 6.77808 31.0649 22.8242 7.18841 5.97274 6.00056 6.32358 
13.7951 6.60542 30.7371 23.2542 7.68777 5.91035 5.92426 6.08577 
12.6947 7.07082 30.2961 23.3662 7.75693 5.99865 5.86068 6.95593 
13.3501 6.89676 29.8539 23.868 7.09975 5.9405 5.87152 7.11942 
15.0324 7.33887 30.2007 22.3086 6.71991 5.8521 5.8176 6.72974 
16.0669 7.43755 29.883 22.1688 6.2585 5.96953 5.80735 6.40835 
14.9612 8.38745 28.7969 22.982 6.59311 5.99681 6.06633 6.21622 
15.2509 9.09237 29.4322 19.4302 7.35061 6.37678 6.41154 6.65541 
14.522 8.62142 28.039 21.3138 7.5938 6.47993 6.34057 7.08946 
14.9533 8.00894 29.1083 20.7161 7.05134 6.19854 6.27679 7.68674 
15.1343 7.60807 29.5691 21.1689 6.97912 6.10227 6.29155 7.14667 
14.558 7.7554 28.9183 21.9826 6.985 6.09065 6.18529 7.5247 
14.3768 8.29411 29.1279 21.0859 7.75118 6.1999 6.24722 6.91693 
16.0965 8.31372 30.0812 20.0257 6.89283 5.97351 5.99717 6.61938 
16.8342 8.15047 27.8202 20.7157 7.28028 6.34139 6.35322 6.50458 
16.303 7.9343 29.8497 18.7471 7.4992 6.5264 6.53231 6.60799 
16.5097 7.997 29.8502 18.6273 7.6302 6.39753 6.25123 6.73683 
17.069 7.6844 28.5469 18.7688 7.98177 6.40389 6.491 7.05431 
15.6332 7.5459 29.0883 19.7239 8.15755 6.28837 6.64056 6.92222 
16.0749 7.5267 29.7093 19.6217 7.23193 6.44749 6.47343 6.91456 
15.7182 7.37781 29.7643 20.5036 6.92922 6.23579 6.24877 7.22234 
17.1405 7.13202 29.7025 18.7847 7.35682 6.11191 6.2681 7.50339 
17.5209 7.73268 29.6661 18.343 6.91915 6.14237 6.22047 7.4554 
17.5276 7.42798 30.1755 19.4455 6.74725 5.9479 5.98695 6.7414 
18.295 7.46399 30.7127 17.6915 6.81112 6.2552 6.11847 6.65195 
18.9741 7.48922 29.8072 18.6723 6.44024 6.01777 6.09392 6.50517 
18.8165 8.70088 30.064 16.479 6.71866 5.92434 6.25396 7.04267 
15.9442 7.94521 29.9013 19.514 6.7907 6.23014 6.39495 7.2795 
14.938 7.99737 29.1921 21.5217 6.95572 6.21105 6.29345 6.89053 
13.8611 8.54414 29.7949 21.8404 6.74491 6.08848 6.27173 6.85435 
14.2033 7.75692 29.4429 22.2838 7.46336 6.07454 6.16617 6.609 
14.6488 7.49481 30.2875 21.8337 6.87634 6.18193 6.22774 6.44915 
13.1526 8.19526 30.4812 22.4199 6.65903 6.15845 6.33473 6.59881 
13.3534 7.86269 28.4936 24.463 6.94397 6.09127 6.17941 6.61266 
11.8491 7.22288 30.7045 24.6139 6.76352 6.18043 6.2245 6.44112 
12.9395 7.9398 30.1284 23.501 6.8146 6.07529 6.09733 6.50414 
11.6721 8.16065 28.5035 24.9008 7.30903 5.92782 6.08334 7.44282 
13.0845 7.33476 30.0801 24.1368 6.6131 5.92249 6.00025 6.82792 
13.0899 6.79238 31.2603 23.6755 6.87798 5.93744 5.97632 6.39015 
13.3695 7.01736 31.3683 22.9798 6.78161 5.89351 6.1915 6.39842 
13.1463 7.35483 31.2226 22.8745 6.77542 6.02368 6.17267 6.42998 
14.8588 6.82027 30.7542 22.4373 6.81628 6.01184 6.08634 6.21499 
15.3461 6.60458 30.516 22.6075 6.74147 5.92259 5.95984 6.30194 
14.3982 6.37247 31.1937 23.7307 6.44091 5.88527 5.90389 6.07495 
14.2562 6.78984 29.8611 23.7272 6.82406 5.94564 5.95495 6.64108 
13.637 6.64936 29.8714 24.1417 7.11025 5.9314 5.93605 6.72291 
13.247 6.75325 29.7928 24.7851 6.55513 6.10856 5.96803 6.79002 
13.1522 7.03905 29.0684 23.6983 7.09922 6.23899 6.16873 7.53514 
13.4992 6.90414 28.9957 23.8492 7.24192 6.19642 6.16129 7.15219 
14.6284 7.84601 29.0433 22.0761 7.10581 6.12851 6.41398 6.75791 
16.1283 7.6089 29.105 20.6534 6.75803 6.26938 6.57237 6.9046 
17.1401 7.76485 29.0739 19.4026 6.84436 6.43502 6.58652 6.75263 
19.2729 7.23706 29.8724 16.7301 6.93656 6.4124 6.64789 6.89069 
19.8499 6.97219 29.4179 16.7492 6.97438 6.25498 6.37273 7.40876 
21.2886 7.54453 28.8323 14.7058 7.70797 6.37424 6.43312 7.11347 
20.7729 7.79156 28.2425 16.1953 7.23019 6.40256 6.43199 6.93294 
20.3558 7.11664 29.4587 16.6866 6.83595 6.26876 6.28348 6.99408 
19.3803 6.93255 30.0668 17.3924 7.09896 6.20187 6.20923 6.7179 
17.9979 6.85089 31.0334 18.2347 6.93409 6.17786 6.18154 6.58972 
16.5518 6.59765 30.9245 19.9935 6.4882 6.11008 6.11192 7.22235 
16.7898 6.7044 30.4778 20.3682 6.49487 6.15101 6.15193 6.86195 
16.7006 7.33891 29.3585 19.8187 6.73581 6.39777 6.56434 7.08546 
16.6836 7.91474 29.4591 19.1861 6.98426 6.34354 6.42682 7.00185 
17.4327 8.04828 29.4265 18.3809 7.28001 6.20207 6.39523 6.83426 
17.077 7.6307 28.8116 19.5183 7.24656 6.37972 6.4763 6.85975 
16.689 7.10688 30.2365 19.477 6.91482 6.32466 6.52969 6.72141 
15.4459 7.0317 30.0458 21.7675 7.0806 6.06088 6.16339 6.40418 
16.2078 6.84918 30.3259 21.1868 6.72212 6.06074 6.112 6.53543 
17.4027 7.84532 30.4069 19.4349 6.40984 6.07915 6.10478 6.31649 
17.2028 8.38952 30.189 19.8039 6.23086 5.92142 5.93423 6.32828 
18.7627 7.74315 28.4816 19.4181 6.66382 6.18652 6.19292 6.55123 
18.516 7.71773 27.8626 19.8052 6.69729 6.29839 6.46185 6.641 
16.6535 8.36047 28.4008 20.3528 6.72485 6.36463 6.44636 6.69671 
15.5383 8.50716 28.4632 21.0738 6.88807 6.5477 6.42831 6.55348 
14.9856 8.03365 27.1182 22.7362 7.05228 6.71028 6.65058 6.71317 
13.6784 7.79689 29.1948 21.6774 7.30621 6.79156 6.76172 6.79301 
14.5543 9.38806 28.3956 20.4826 7.06557 6.65988 6.34822 7.1057 
14.8334 8.39178 28.3457 21.4953 7.23053 6.54537 6.38954 6.76829 
15.0466 7.44264 28.7833 21.4619 7.1867 6.51944 6.44152 7.11791 
15.4501 7.22742 29.1782 20.1822 7.86164 6.3085 6.57442 7.21749 
15.6459 7.07906 27.7904 21.9723 7.56118 6.45458 6.58754 6.90908 
15.0894 7.34576 28.2551 21.1938 7.58682 6.6875 6.75398 7.08776 
16.3582 7.74067 26.5004 20.4274 7.69172 6.73358 6.76682 7.78117 
16.0408 8.11562 26.9295 20.7483 7.46221 6.51144 6.52806 7.66417 
17.4975 7.65258 28.334 18.5441 7.65267 6.5237 6.53201 7.26346 
19.1321 7.02118 29.0232 17.8982 7.02122 6.45674 6.46089 6.98636 
19.6592 7.85842 28.1762 17.1789 6.77148 6.33396 6.33604 7.68573 
20.027 7.87658 28.3973 16.6487 6.67521 6.62093 6.62197 7.13234 
21.177 7.71187 29.6075 14.9281 6.79673 6.45512 6.45564 6.86806 
22.668 7.52566 28.871 14.6506 6.91518 6.28566 6.28592 6.79794 
20.6444 8.24559 27.7114 15.4287 7.42311 6.59111 6.93606 7.01966 
21.7083 7.42312 28.7072 14.15 7.1769 6.59588 6.76836 7.47023 
19.3907 7.71853 28.4651 15.6116 7.59542 6.78226 6.8685 7.56787 
17.5228 7.85288 28.929 17.8697 7.15234 6.58602 6.78888 7.29831 
16.9211 7.39866 30.6103 17.2682 7.04839 6.76523 6.86666 7.12138 
16.5816 7.04328 30.5918 18.6659 7.02738 6.56733 6.61805 6.90464 
15.6156 7.18406 29.6271 20.6387 6.85764 6.46838 6.49374 7.11474 
15.2654 6.98186 28.2034 22.0143 6.98814 6.62402 6.6367 7.28618 
16.7994 7.32426 26.7684 21.5071 6.8274 6.64534 6.65168 7.47642 
17.5864 8.1802 27.6914 19.7897 6.72696 6.33472 6.63909 7.05147 
16.3253 8.73754 28.9098 19.5102 6.56861 6.53274 6.52468 6.89112 
15.4508 7.92809 29.8786 19.9246 6.67413 6.6562 6.65217 6.83539 
13.9966 7.69286 29.0071 20.9793 7.40486 6.71793 6.88541 7.316 
15.5743 9.02442 28.9049 18.9039 7.2623 6.59521 6.67895 7.05606 
17.2028 7.9213 27.9265 19.5169 7.20258 6.54436 6.58623 7.09946 
17.0473 7.67687 27.9835 19.5557 7.48642 6.65056 6.67149 6.92811 
15.6224 7.85078 28.3436 20.889 6.98395 6.87466 6.88513 6.55047 
15.1642 8.33715 28.3875 21.0654 6.92335 6.7053 6.71054 6.70661 
16.1347 8.11595 27.8451 21.059 6.91562 6.64213 6.64474 6.64278 
15.2838 7.66622 27.4964 22.2134 6.89424 6.75749 6.7588 6.92964 
16.6672 7.44322 27.6471 19.7709 7.23773 6.98885 6.98951 7.25543 
16.696 7.55436 28.1093 19.2931 7.2774 6.97875 6.97907 7.11204 
17.2705 8.32264 27.186 19.0742 7.17405 6.85638 6.85654 7.25972 
17.8048 8.31357 27.4338 18.1876 7.22025 6.8884 6.88848 7.26308 
18.2875 8.84934 28.1182 17.0226 7.16999 6.68044 6.8423 7.0296 
18.0663 8.63342 28.3689 17.4339 7.12035 6.70723 6.78815 6.8818 
17.3382 8.72349 27.7438 18.5474 7.1195 6.74344 6.78391 7.00022 
19.6232 8.42535 28.1828 15.1041 7.62335 6.90529 6.92552 7.21036 
21.8755 8.57314 28.1903 14.0928 7.7361 6.35962 6.36974 6.80285 
20.5469 7.5439 28.916 16.004 7.12538 6.43714 6.4422 6.98449 
20.5811 7.9258 29.8426 15.6943 6.79346 6.29549 6.29802 6.56917 
19.9531 7.79725 29.7986 15.976 6.92434 6.21523 6.2165 7.11894 
19.5078 8.11738 28.9618 17.0505 6.58717 6.23262 6.23325 7.30947 
19.4809 7.64231 28.8154 16.887 6.70655 6.52928 6.70024 7.23835 
19.3978 7.55947 29.2052 17.7893 6.46854 6.3799 6.46539 6.73444 
19.2763 6.87833 30.7998 17.4862 6.7554 6.1477 6.33128 6.32497 
20.0686 7.08155 27.8171 18.5113 6.85452 6.38511 6.64246 6.6393 
18.0215 7.37464 28.605 19.1598 6.94164 6.38744 6.51612 6.99377 
17.2948 7.08969 29.8351 19.787 7.02111 6.1523 6.21664 6.6034 
16.5913 6.97163 29.8708 20.7969 6.62582 6.19142 6.22358 6.72849 
17.2242 7.54426 27.9224 21.2751 6.722 6.34246 6.35855 6.611 
16.4043 7.66823 28.2469 21.0272 6.77009 6.41798 6.58836 6.87693 
12 12 12 12 12 12 12 12 
12.9246 14.6558 9.56415 15.2668 12.721 8.95316 8.95316 14.9613 
13.3997 15.1959 10.6196 16.009 13.6363 7.43766 7.43766 15.2641 
15.0047 15.3891 11.9023 15.5388 13.2394 6.71541 6.71541 14.995 
15.0751 16.4324 11.7764 16.7985 13.5129 6.27032 6.27032 13.614 
15.5988 15.9713 13.8474 16.2564 13.5932 6.09435 6.09435 12.4193 
13.1413 16.1053 15.4707 16.4615 15.2368 6.03863 6.03863 11.4447 
14.0706 16.2818 16.5895 15.5224 15.4309 5.93598 5.93598 10.2015 
11.7523 16.7363 17.2046 16.0421 16.5205 6.00782 5.903 9.81773 
11.2623 15.8885 18.2568 16.3544 16.8984 5.95107 5.89865 9.48204 
10.3828 15.7196 18.7396 16.3845 17.5205 6.21527 5.86509 9.16866 
10.0399 16.0416 18.1577 17.2832 16.9421 6.54198 5.86184 9.12979 
9.13249 17.9775 18.4944 16.2173 17.0208 6.51774 5.853 8.78567 
10.203 16.1913 20.2075 17.0857 15.5041 6.70355 5.84925 8.25505 
10.4845 14.8244 20.3522 17.6526 15.4125 6.76792 5.82318 8.68239 
9.57297 15.8768 21.9871 17.6846 14.596 6.33672 5.86434 8.08135 
10.4248 16.1299 19.6106 19.055 14.2129 6.14708 5.9109 8.50876 
10.7798 16.202 19.2271 17.3434 15.5647 6.0714 5.95331 8.85824 
10.9218 15.8669 20.571 17.0759 14.91 6.33357 5.95538 8.36529 
11.115 16.8027 19.3764 17.4071 14.8829 6.271 5.97104 8.17377 
11.9651 15.7543 18.7218 16.5817 15.6347 6.91701 5.92669 8.49865 
13.0522 14.3321 20.1191 15.7704 15.9116 6.63474 5.93466 8.24523 
11.2169 14.6287 20.1875 15.3479 16.6978 6.51566 5.9524 9.4531 
12.0026 14.9663 19.6325 15.85 16.525 6.29766 5.91121 8.8146 
12.6111 14.093 19.3045 15.9208 16.8979 6.77357 5.94068 8.45847 
13.1873 14.3583 20.405 14.9496 16.2984 6.82764 5.87357 8.1002 
13.0813 14.8973 19.5985 16.0878 15.0843 6.99324 5.84506 8.41252 
13.098 14.006 20.6599 15.6259 15.2266 6.67285 5.89384 8.81691 
12.6518 14.4977 20.7154 15.7358 15.7503 6.97668 5.94478 7.72752 
11.8335 16.2121 20.4009 16.5072 14.8946 7.05206 5.88816 7.21149 
10.1994 15.7078 22.8343 15.5341 15.2632 6.63095 5.94194 7.8884 
10.0367 16.7825 21.2911 15.9603 16.0349 6.46674 5.91214 7.51563 
8.6918 17.881 21.0537 17.47 15.3644 6.19255 5.91526 7.43128 
7.83689 17.1612 20.7746 19.3206 14.2137 6.47465 5.88556 8.33276 
8.7827 16.0467 21.3602 18.5969 14.3467 6.29163 5.88395 8.69127 
8.54956 16.7454 20.7206 18.8319 14.8813 6.18841 5.88315 8.19959 
8.88152 16.7997 20.248 19.753 13.6204 6.01555 5.86293 8.8189 
8.05918 18.1586 20.6503 18.9774 14.376 5.9683 5.89199 7.91822 
9.14441 17.8476 19.7197 18.7789 14.4949 6.6376 5.86875 7.50817 
10.007 17.2934 19.8599 17.8677 14.3127 6.57967 5.86916 8.21061 
10.458 16.1467 20.4981 18.7066 13.52 6.69892 5.88912 8.08258 
10.1973 14.5215 21.4541 19.0784 14.1596 6.30929 5.90439 8.37533 
8.86647 15.9166 20.503 19.5189 15.0228 6.1078 5.90535 8.15915 
9.45507 14.9452 22.6969 18.7114 13.8433 6.0015 5.90027 8.44639 
10.2831 13.8512 23.0769 18.9236 13.9175 6.49869 5.93368 7.51537 
10.5556 14.3566 23.428 18.9098 13.5405 6.54022 5.93924 6.73009 
11.2062 14.7846 23.3471 17.6204 13.0342 7.29695 5.8779 6.8326 
12.0826 14.1957 23.4446 17.5575 12.7806 7.53617 5.85471 6.54805 
13.1529 13.6624 22.7726 18.188 12.736 7.05036 5.88141 6.5563 
13.2288 14.3419 21.5795 18.8579 11.9474 6.95866 5.8377 7.24811 
11.7231 14.7797 22.4202 19.1029 11.5172 7.06628 5.85363 7.5371 
11.7502 13.7067 21.7026 20.0439 11.4331 7.4946 5.92467 7.94414 
10.6635 14.9826 20.9849 20.4897 12.5094 7.08806 5.85766 7.42418 
10.0364 14.2746 22.1992 19.8728 12.9287 7.26394 5.88288 7.54141 
10.6827 14.3269 22.8643 19.1957 12.3467 7.11781 5.88262 7.58334 
11.3499 13.4939 25.3807 18.8253 11.3236 6.4559 5.8383 7.33244 
10.8398 14.3294 24.8881 19.4127 11.2662 6.41476 5.88618 6.96293 
9.03832 14.4015 23.8476 20.7809 12.6506 6.71615 5.90362 6.66129 
11.0112 13.1233 22.8577 20.9827 12.0201 7.11662 5.91308 6.97529 
10.1694 13.8285 23.1425 20.9035 11.1077 7.3544 5.88496 7.60912 
11.4321 12.0367 22.373 21.2535 11.5672 6.57253 5.8378 8.92705 
10.7885 13.0232 23.9885 20.1678 11.7015 6.18481 5.81745 8.32826 
10.8849 12.82 22.6251 20.3643 12.276 7.06437 5.82929 8.13609 
10.7758 14.1878 22.9792 18.9599 12.2491 7.30996 5.91464 7.6236 
10.6167 12.9762 23.5811 19.2839 14.0766 6.81402 5.8985 6.75298 
9.18859 12.8074 24.8726 20.285 13.025 7.50901 5.9426 6.36984 
9.37207 11.5148 25.103 19.698 12.5125 7.53228 5.9713 8.29603 
9.38087 11.9781 24.2886 21.234 11.7727 7.1699 5.91992 8.256 
11.3114 12.1534 22.989 19.9777 11.7083 7.46623 5.928 8.4659 
10.1679 12.784 23.0799 19.745 12.0736 7.2697 5.89083 8.98905 
11.5394 11.439 24.216 20.2011 11.6706 7.27335 5.87969 7.78091 
11.2996 10.443 26.6241 19.3171 12.5173 6.74727 5.93523 7.11626 
12.4314 10.3939 26.4155 18.9689 12.1207 6.59203 5.95612 7.12135 
10.7509 11.4328 25.6794 19.4618 12.4096 6.584 5.92591 7.75569 
10.984 11.683 25.0115 21.3061 11.9327 6.27529 5.94625 6.86114 
11.2297 11.4621 24.9179 21.1917 11.0015 6.88472 5.90052 7.41183 
10.9899 11.106 25.084 21.4708 10.5007 6.94236 5.95026 7.95592 
9.93418 11.3941 25.2756 22.885 10.741 6.62539 5.89569 7.24899 
10.3858 12.2242 24.5836 22.7725 10.2966 6.26836 5.90351 7.56538 
10.4062 11.6808 24.7326 21.8128 10.717 6.09626 5.91384 8.64051 
10.2391 10.8764 24.8363 22.4172 10.7542 6.52535 5.95452 8.39699 
10.8202 10.6638 26.0761 20.9473 10.8403 6.46933 5.94638 8.2365 
11.5046 11.924 24.3565 20.4239 11.3903 6.21974 5.95827 8.22273 
10.7151 13.2821 22.8482 21.7504 10.782 6.21161 5.9568 8.4538 
9.86975 13.4703 23.7412 20.6313 12.2203 6.52044 5.90523 7.64153 
10.718 12.3978 24.7622 20.7976 12.0137 6.27227 5.84418 7.19426 
11.3977 12.3583 23.8545 21.0268 11.5624 6.63855 5.82064 7.34109 
11 13.0466 24.8188 19.4291 11.6848 7.05421 5.92237 7.04404 
10.8922 13.141 24.6643 20.7439 11.2346 6.59083 5.90236 6.83084 
9.37014 14.292 24.2309 21.1315 10.554 7.21947 5.86257 7.33947 
10.0715 13.235 24.7618 21.924 11.0147 6.53713 5.85869 6.59714 
