5 80000 500 160
14 14 14 14 14 14 14 
13.5826 15.8235 18.3445 16.5238 12.8824 10.9216 10.9216 
13.1308 15.5805 21.4422 17.8734 12.5761 9.44851 9.44851 
13.3681 14.7063 23.4195 18.4605 12.4105 8.69251 8.69251 
13.6125 14.7435 24.7583 18.3526 11.8635 8.27235 8.27235 
12.0287 15.1087 24.7582 20.2015 11.6377 8.10136 8.10136 
11.0925 15.3668 25.8557 18.6945 13.0454 7.95693 7.95693 
13.2385 14.0937 21.2612 17.6806 12.933 10.3887 10.3887 
13.1871 15.8392 21.9653 17.8445 12.9283 9.11385 9.11385 
14.0637 16.1865 21.142 17.488 14.0339 8.54099 8.54099 
13.669 16.1685 22.4073 17.8148 13.4329 8.2528 8.2528 
13.4941 15.6952 22.6201 18.9497 13.1646 8.0376 8.0376 
12.4965 15.7532 23.9384 19.4338 12.5371 7.92024 7.92024 
11.8576 16.0004 23.6713 20.1618 12.4581 7.9253 7.9253 
10.8964 15.0196 24.9026 21.096 12.1686 7.95833 7.95833 
10.1295 13.5855 25.5987 22.9982 11.7616 7.96323 7.96323 
10.1197 12.9466 26.9752 22.9277 11.1555 7.93766 7.93766 
11.4579 13.1084 25.5729 19.7577 12.6868 8.70817 8.70817 
12.8096 13.1991 25.5315 18.8113 13.0972 8.27565 8.27565 
12.8906 13.9109 26.9167 19.1934 11.0297 8.02934 8.02934 
13.3559 14.2725 26.331 19.3528 10.7994 7.94421 7.94421 
11.9971 13.732 25.9315 21.3785 11.1444 7.90827 7.90827 
12.2344 12.8751 25.8909 21.3469 11.808 7.92239 7.92239 
11.0352 13.9317 25.7089 22.383 11.0562 7.94246 7.94246 
12.2374 12.4328 25.9524 22.1255 11.3368 7.95756 7.95756 
12.5076 11.6331 29.2262 20.9238 9.97394 7.86767 7.86767 
12.4035 12.2336 29.8537 20.355 9.53243 7.81084 7.81084 
12.0429 11.7243 27.7773 21.9765 10.7242 7.87738 7.87738 
11.3323 12.5979 28.785 22.2577 9.37762 7.8247 7.8247 
12.0914 13.7756 27.3598 21.6429 9.36171 7.88431 7.88431 
11.6757 13.7243 29.0955 20.4729 9.37254 7.82956 7.82956 
12.7865 14.2639 28.445 19.2999 9.52011 7.84227 7.84227 
12.8502 12.43 30.4477 19.5837 8.89913 7.89465 7.89465 
13.8134 12.5724 29.485 19.7575 8.57327 7.89921 7.89921 
12.9878 12.2321 29.202 20.6896 9.1515 7.86853 7.86853 
13.6834 11.3448 31.5944 18.0245 9.64111 7.85583 7.85583 
12.6186 11.4493 32.3311 17.7772 9.99984 7.91198 7.91198 
12.3631 11.5542 31.4122 16.9603 10.3811 8.66451 8.66451 
13.5968 10.4381 31.1722 16.531 11.1227 8.56954 8.56954 
15.3401 11.0524 31.0028 15.7655 9.93637 8.45144 8.45144 
14.6948 11.1047 31.4105 15.9406 10.1335 8.35795 8.35795 
15.302 11.2342 31.1598 14.1067 10.5213 8.9517 8.72443 
14.4143 11.1726 29.8311 14.2997 11.7824 9.30677 9.19313 
15.0196 12.7738 23.0405 13.7124 13.0787 10.9034 11.4716 
14.5948 12.4598 25.8927 15.1558 12.6122 9.50028 9.78437 
15.5196 12.4521 25.613 15.8001 11.8617 9.4168 9.33663 
16.3501 12.3935 26.9034 14.508 11.6577 9.11369 9.0736 
15.7731 11.834 27.1772 14.6069 11.4661 9.45881 9.68386 
14.3472 11.535 25.6673 15.1686 12.4746 10.3474 10.4599 
15.548 12.9103 25.3952 13.9883 11.656 10.3461 10.1561 
17.1943 12.9769 23.8087 14.9651 11.142 10.004 9.90895 
16.4789 13.385 23.2344 15.118 11.975 9.92809 9.88058 
15.9127 12.3856 24.4885 15.4798 11.9281 9.91454 9.89079 
15.1703 11.6654 26.1746 15.7001 11.4367 9.9324 9.92052 
15.0851 11.8327 25.8373 15.8501 11.4683 9.9662 9.96026 
14.2465 12.6203 24.6505 15.4669 11.6001 10.849 10.5667 
13.6559 13.5966 24.6368 15.5224 11.8302 10.4496 10.3085 
13.041 15.0823 20.8983 15.1577 13.3115 11.4378 11.0714 
14.8538 13.4935 20.2706 14.7217 13.501 11.6713 11.4881 
16.4157 12.9265 21.6521 12.9788 13.2112 11.4536 11.362 
14.0589 12.8462 24.1239 14.4681 12.4567 11.046 11.0002 
14.6797 13.2537 22.4445 13.7914 13.3322 11.2607 11.2378 
15.0985 13.2361 20.9924 14.9417 12.9879 11.3775 11.366 
15.9276 12.0234 22.3881 15.579 11.8994 11.0941 11.0884 
14.7206 12.7685 19.9778 15.2219 12.7064 12.3038 12.301 
13.8944 12.6342 19.9321 15.5655 13.7396 12.1178 12.1164 
13.3166 12.6865 19.8387 16.063 13.2392 12.4283 12.4276 
14.0203 13.0917 18.815 16.007 13.0613 12.6559 12.3488 
13.7517 13.8492 20.3626 15.8686 12.4295 11.9459 11.7924 
13.9347 13.3952 19.8872 15.8755 12.9795 12.1494 11.7785 
13.5033 13.2336 19.4207 15.7809 13.0257 12.6107 12.4252 
13.4183 14.7986 19.4073 14.8601 12.8765 12.3659 12.2732 
13.7022 14.3923 17.396 14.7727 13.4312 13.176 13.1296 
14.1238 15.0749 16.5768 15.2652 13.6853 12.6486 12.6254 
14.2987 14.555 22.3235 14.2115 13.2023 10.7103 10.6987 
15.5869 16.0275 18.0367 14.2933 12.8512 11.6051 11.5993 
14.8286 13.5414 22.335 13.428 14.2145 10.8277 10.8248 
15.6946 13.7771 17.8554 14.6758 14.4321 11.7833 11.7818 
14.9901 13.7763 21.1726 13.2052 14.8691 10.9937 10.993 
14.9951 13.7631 20.2738 13.7901 13.6846 11.7468 11.7465 
14.6404 14.0244 17.2798 14.0379 13.9851 13.0163 13.0161 
14.8052 15.096 17.6219 14.2046 13.28 12.4962 12.4961 
14.5455 14.3507 17.6545 13.905 13.4427 13.0508 13.0508 
14.324 14.2267 16.199 15.9269 13.4521 12.9357 12.9356 
13.375 14.5098 18.4546 15.3599 13.5308 12.385 12.385 
14.4294 14.9968 16.9692 15.0993 13.217 12.6441 12.6441 
14.6733 14.6807 20.3631 13.9032 12.6859 11.8469 11.8469 
14.7441 14.7478 19.4408 13.7417 13.1331 12.0963 12.0963 
14.6047 13.6632 19.1544 14.7325 13.1703 12.3375 12.3375 
14.0508 14.5003 17.5526 15.3417 13.9471 12.3037 12.3037 
13.9791 14.2038 17.7167 14.6245 13.9272 12.7744 12.7744 
13.6351 14.6968 17.7191 14.5907 13.9256 12.7163 12.7163 
13.3111 14.4913 18.2751 14.1135 14.1057 12.8517 12.8517 
13.2593 14.1639 17.3137 15.2329 14.6 12.7151 12.7151 
13.7725 14.2248 15.7997 14.7593 14.4429 13.5004 13.5004 
13.8926 14.1188 15.2247 15.6599 14.8647 13.1196 13.1196 
13.3791 14.3693 18.1387 15.1399 14.1575 12.4078 12.4078 
14.3818 14.2359 17.7232 14.6212 13.8095 12.6141 12.6141 
15.4188 14.3965 18.0388 13.6397 13.2339 12.6362 12.6362 
15.2566 14.1165 17.1955 13.7381 14.1641 12.6074 12.9219 
14.5145 14.2439 19.0768 13.4559 13.9683 12.2917 12.449 
14.7107 13.6437 18.234 14.8025 13.8164 12.357 12.4357 
14.4982 13.9647 19.0549 13.923 13.7405 12.3897 12.429 
15.3236 14.4358 18.2231 13.1727 14.0131 12.406 12.4257 
14.7624 13.4309 20.3542 13.9828 13.2196 12.1202 12.13 
14.4325 13.1257 17.8694 14.6837 14.3021 12.7909 12.7958 
14.1345 13.4811 19.6265 13.6312 13.7548 12.6847 12.6872 
14.8092 13.8373 16.91 13.9124 14.9419 12.794 12.7952 
13.692 14.1043 19.2335 14.4412 13.7584 12.385 12.3856 
13.4685 14.3369 16.9015 13.8431 15.4885 13.1461 12.8153 
13.4009 14.4412 18.1477 14.1943 14.7139 12.6337 12.4683 
14.513 14.7206 16.5739 13.9721 15.1695 12.5668 12.4841 
14.4421 13.9471 19.6642 13.2735 14.1716 12.2714 12.2301 
14.7682 14.2063 17.6937 13.2405 14.9474 12.7395 12.4044 
14.0508 14.4365 17.1802 13.9536 14.4737 13.0364 12.8688 
14.6203 13.8638 15.2357 15.5211 15.1482 12.8473 12.7635 
13.5249 15.124 19.4822 13.4103 14.3538 12.0734 12.0315 
15.1962 15.0921 19.0785 12.7292 13.8034 12.0608 12.0398 
14.3288 13.9563 19.1546 14.0569 13.6325 12.4406 12.4302 
14.2157 15.3115 17.2696 14.0797 13.8675 12.6306 12.6253 
15.1634 14.0446 21.4126 12.8732 12.7671 11.8708 11.8682 
16.2774 13.8546 19.0914 13.2689 12.5947 12.7677 12.1453 
14.7612 13.881 18.8172 13.5881 13.251 13.0064 12.6952 
16.2978 13.3099 17.0519 14.1189 13.6319 12.8726 12.717 
15.1611 13.0574 19.5016 13.7668 13.5233 12.5339 12.4561 
13.8699 14.0759 17.9269 14.1161 14.9377 12.5562 12.5173 
13.9117 14.0147 20.01 13.7441 14.1549 12.0921 12.0726 
14.0987 14.4749 17.1478 15.3136 13.8956 12.5395 12.5298 
14.1006 13.6477 19.4714 14.0671 13.3581 12.68 12.6752 
15.1148 14.5658 16.8325 13.4851 14.421 12.7916 12.7892 
14.5194 13.612 19.1757 13.3881 13.8561 12.7249 12.7237 
14.4026 13.6242 17.3801 15.1356 13.4215 13.1806 12.8554 
14.2077 13.5 18.5626 14.8927 13.0802 12.9597 12.7971 
13.4733 13.7564 17.88 14.4527 13.5465 13.8047 13.0865 
15.1259 13.5896 16.3226 13.9378 14.1558 13.6138 13.2546 
15.7908 13.1239 15.7562 13.6144 15.6222 13.136 12.9564 
14.9922 13.0136 18.2007 13.2588 14.5853 13.0196 12.9298 
15.8294 14.5068 15.767 13.6294 13.9593 13.1765 13.1316 
14.7048 14.9694 18.0687 13.6048 13.1525 12.7611 12.7386 
14.6773 14.4911 17.9515 13.8088 13.5826 12.75 12.7387 
14.4815 14.3884 16.1186 14.0473 13.9342 13.5178 13.5122 
14.8841 14.2006 15.7026 15.3039 13.655 13.1283 13.1255 
13.8936 14.5196 17.5287 14.4261 13.6017 13.0158 13.0144 
13.7791 14.7132 16.8389 14.3559 14.8754 12.7191 12.7184 
13.8516 14.6351 17.2802 15.0894 13.7668 12.6887 12.6883 
13.844 14.8647 16.8162 14.7774 14.4306 12.6336 12.6335 
13.5887 14.099 18.4081 14.0554 13.882 12.9835 12.9834 
13.8496 14.7182 18.0998 14.3896 13.6894 12.6267 12.6267 
13.5473 13.9816 18.6525 14.4796 13.4672 12.9359 12.9359 
14.5156 13.765 16.7456 14.6591 14.4756 12.9195 12.9195 
14.6107 13.3531 19.2552 13.8002 14.2966 12.3421 12.3421 
15.2671 14.0014 17.5894 13.2695 14.7916 12.5405 12.5405 
14.1961 13.8757 19.1072 14.1348 13.6458 12.5202 12.5202 
14.6144 14.781 16.0895 14.2569 14.666 12.7961 12.7961 
14.3542 14.1019 17.4407 13.8399 14.0444 13.1094 13.1094 
14.4556 14.013 15.6824 15.4642 13.9842 12.8838 13.5167 
14.5647 13.8 20.0695 13.7104 13.7856 11.8767 12.1932 
16.6763 13.8697 18.5196 13.8249 12.9534 11.999 12.1572 
14.8196 13.4163 20.6795 13.7026 12.9582 12.1723 12.2514 
14.6883 13.3537 18.2512 14.4462 14.074 12.4153 12.7713 
14 14 14 14 14 14 14 
11.878 15.8415 17.6707 15.8415 15.8415 10.9634 10.9634 
12.0898 18.139 18.4584 16.7501 15.1628 9.44996 9.44996 
10.6765 19.3853 19.7555 17.954 14.5288 8.72498 8.72498 
9.72257 20.1404 19.486 19.1449 14.8204 8.2804 8.2804 
9.88097 20.3064 19.5855 20.4977 13.5125 8.07721 8.07721 
9.56005 20.751 19.3036 20.4843 13.8215 8.02411 8.02411 
9.05512 22.1785 18.5737 19.6288 14.5316 8.00834 8.00834 
8.67069 23.2361 17.5731 20.1722 14.4221 7.95897 7.95897 
9.1623 20.4523 21.4459 19.3757 13.7684 7.8957 7.8957 
9.36203 19.3895 22.5756 20.2456 12.5615 7.93191 7.93191 
9.61332 18.1087 23.8603 21.3414 11.2131 7.93114 7.93114 
10.1638 18.8232 22.2243 20.9648 11.909 7.95717 7.95717 
9.94429 18.9529 21.8461 20.8494 12.56 7.92354 7.92354 
9.49889 18.0155 23.063 21.0214 12.6586 7.87123 7.87123 
9.14066 17.5906 23.4077 21.2891 12.7165 7.92763 7.92763 
9.58226 17.0292 24.353 21.0264 12.2055 7.90176 7.90176 
9.68475 16.5997 23.985 20.9387 13.0177 7.88705 7.88705 
10.2948 16.7685 24.1735 20.4462 12.5413 7.88784 7.88784 
10.0881 17.6728 23.8456 19.9069 12.6936 7.89649 7.89649 
10.3018 16.5684 24.1909 21.2936 11.9138 7.86577 7.86577 
12.4936 15.7434 25.149 19.6212 11.2017 7.89559 7.89559 
11.5586 14.9156 26.0849 19.9723 11.7209 7.87389 7.87389 
12.5975 13.0133 26.9313 19.7083 12.0473 7.85109 7.85109 
12.9732 13.8837 26.112 19.456 11.7614 7.90681 7.90681 
12.092 13.6683 26.9574 20.3782 11.1497 7.87717 7.87717 
12.2365 14.0961 26.812 19.5939 11.5273 7.86716 7.86716 
11.7849 14.9369 26.1838 20.7969 10.4303 7.93358 7.93358 
11.9604 14.6287 27.7764 20.3499 9.58408 7.85028 7.85028 
12.6841 13.5992 28.4133 20.0912 9.54064 7.83576 7.83576 
12.1244 11.3915 32.4039 18.549 9.87236 7.82944 7.82944 
12.1315 12.0541 31.2309 19.2456 9.70497 7.81646 7.81646 
12.8477 11.3462 29.4452 20.5271 10.0387 7.89759 7.89759 
13.5894 11.5648 30.3277 18.3845 10.2741 7.92969 7.92969 
13.8641 12.0806 28.4029 18.8324 10.9211 7.94942 7.94942 
14.8743 11.8165 29.9054 16.9974 10.5147 7.94583 7.94583 
14.4742 12.0194 30.3231 16.832 10.6277 7.8618 7.8618 
15.5704 12.2597 30.4393 16.0549 9.82775 7.92396 7.92396 
14.7253 13.3854 28.9421 17.3334 9.80347 7.9052 7.9052 
14.6175 12.1829 29.7651 17.2942 10.3919 7.87417 7.87417 
13.9264 12.1576 29.5885 16.9191 11.8136 7.79738 7.79738 
15.1027 12.4742 29.1353 16.4053 11.3332 7.77466 7.77466 
15.4953 12.0782 28.5863 15.4456 11.2741 8.56023 8.56023 
15.5952 12.7656 28.1945 14.8977 11.0182 8.76442 8.76442 
15.0985 12.3562 28.2566 14.3073 12.1463 9.02823 8.80699 
15.8826 12.3686 27.9378 13.8203 11.3112 9.27602 9.40349 
16.4666 11.7142 27.7938 13.5922 11.1856 9.70713 9.54046 
15.8864 11.6394 27.8425 15.8097 11.3751 8.76513 8.68179 
15.8514 12.7075 26.6763 14.5375 11.0447 9.73971 9.44294 
17.0378 11.2603 26.6559 15.2127 10.6625 9.7764 9.39437 
15.2897 12.1406 27.6509 14.3772 10.5396 10.0965 9.90552 
17.0032 12.4874 25.5901 12.8036 11.1522 10.6632 10.3004 
15.8187 12.6461 24.3804 12.4993 11.6736 11.7341 11.2477 
16.2427 13.499 24.4587 12.9626 12.0868 10.4967 10.2535 
15.307 13.3363 23.906 13.0681 12.0314 11.2364 11.1148 
14.9706 13.2535 24.1481 14.3389 12.1133 10.7401 10.4354 
14.6692 13.8107 23.5683 13.204 12.0911 11.4045 11.2522 
14.2495 13.0224 22.9544 14.8467 12.4285 11.5533 10.9452 
15.1977 11.9799 24.7584 14.4546 11.4226 11.5058 10.681 
14.566 12.3424 27.5432 14.8093 11.449 9.85128 9.43884 
13.6933 12.5815 25.31 13.8149 12.1348 11.3359 11.1297 
14.7038 13.9098 25.036 14.0503 11.3055 10.4299 10.5648 
14.3216 13.0155 24.0331 13.6918 12.3194 11.2755 11.343 
14.15 13.2282 23.0381 14.6416 12.8801 11.0141 11.0479 
13.8058 13.0243 21.7754 14.3721 13.1708 11.9173 11.9342 
14.0458 12.7979 20.8877 14.9003 13.4426 11.6729 12.2528 
14.0699 13.1104 18.8331 14.8327 13.7683 12.5479 12.8378 
13.8531 13.8784 20.0226 15.7497 13.4498 11.577 11.4694 
13.7759 13.7885 18.9154 14.7242 13.5742 12.6378 12.584 
13.2331 14.5085 20.6252 16.2453 12.6247 11.395 11.3682 
13.5131 14.1508 18.9333 15.0192 13.2089 12.5941 12.5806 
13.8994 13.9537 20.8423 15.1816 12.9536 11.588 11.5813 
13.8942 13.9213 18.4073 14.8824 13.4213 12.7385 12.7351 
15.2804 13.7315 20.4016 13.6912 13.7419 11.5776 11.5759 
14.6825 13.908 17.9473 13.8879 13.9132 12.831 12.8302 
15.1242 13.5578 21.7095 15.1986 12.1453 11.1325 11.1321 
14.705 13.9217 17.9976 14.7422 13.2155 12.7091 12.7089 
14.2402 15.3792 20.7335 14.2588 12.22 11.7117 11.4565 
14.263 14.8325 17.5096 14.2723 13.2529 12.9987 12.8711 
14.6432 13.2848 22.1351 14.8826 12.7297 11.1942 11.1304 
14.4645 13.7852 18.2104 14.5842 13.5077 12.74 12.7081 
14.2019 14.1654 18.1961 14.8678 13.7236 12.4306 12.4146 
14.2438 14.2255 16.2409 14.5768 14.0046 13.3581 13.3502 
15.1219 15.1128 17.8347 13.0027 14.1452 12.3934 12.3894 
14.7038 14.6992 16.0602 13.6442 14.2154 13.3395 13.3375 
13.7408 15.4052 17.4746 13.7665 15.1633 12.2253 12.2243 
13.8148 14.647 16.7234 14.1749 14.5261 13.0571 13.0566 
13.8438 15.127 17.8993 14.3129 13.9104 12.5979 12.3087 
14.0648 14.7063 16.0925 14.2993 14.0981 13.4418 13.2972 
16.0212 13.2521 19.0013 13.3294 13.5097 12.3389 12.5475 
15.1534 13.7689 16.6435 13.8076 13.8977 13.3123 13.4166 
15.3979 13.0297 18.9363 14.4457 13.6528 12.2427 12.2949 
14.8418 13.6577 16.611 14.3657 13.9692 13.2642 13.2903 
13.8537 13.8464 17.9546 14.7852 14.587 12.4801 12.4931 
14.0697 14.0661 16.1202 14.5355 14.4363 13.3829 13.3894 
13.8396 13.5419 19.0068 14.6642 13.4312 12.6086 12.9077 
14.0626 13.9138 16.6463 14.4749 13.8585 13.4472 13.5967 
13.8214 14.3643 17.891 14.3362 13.7193 12.8964 12.9712 
14.0536 14.325 16.0884 14.311 14.0025 13.5911 13.6285 
15.1349 12.8382 20.4766 13.3717 13.4878 12.2009 12.4899 
14.7103 13.5619 17.3812 13.8287 13.8867 13.2433 13.3878 
14.7727 14.1986 18.5807 14.0572 13.5368 12.1162 12.7379 
14.5292 14.2421 16.4332 14.1715 13.9112 13.2009 13.5118 
14.9366 12.9412 21.4441 13.6995 13.0403 11.8915 12.0469 
14.6111 13.6134 17.8649 13.9926 13.663 13.0886 13.1663 
13.953 14.3212 18.47 15.0888 12.9009 12.9027 12.3635 
14.1193 14.3034 16.3779 14.6873 13.5933 13.5942 13.3246 
14.1649 14.5201 20.031 14.712 12.5861 12.0603 11.9255 
14.2253 14.4029 17.1584 14.4989 13.4359 13.173 13.1056 
13.9061 17.2558 18.9053 13.4994 12.4245 12.0213 11.9876 
14.0959 15.7708 16.5955 13.8926 13.3551 13.1535 13.1366 
14.6751 15.795 18.1848 13.4435 13.4572 12.2265 12.218 
14.4804 15.0404 16.2352 13.8646 13.8715 13.2561 13.2519 
14.6988 14.9787 18.8911 13.2859 13.5656 12.1529 12.427 
14.4922 14.6322 16.5884 13.7858 13.9256 13.2193 13.3564 
14.5831 14.1096 19.7072 13.4146 13.2128 12.3162 12.6565 
14.4344 14.1977 16.9965 13.8502 13.7493 13.3009 13.4711 
13.7144 13.8785 18.9502 14.8347 13.6543 12.5827 12.3853 
14 14.0821 16.618 14.5602 13.97 13.4342 13.3355 
12.6818 13.8592 19.1044 15.2346 14.3714 12.3989 12.3496 
13.4838 14.0725 16.6951 14.7602 14.3285 13.3423 13.3176 
13.599 13.6077 19.4904 14.2372 14.0214 12.6712 12.3731 
13.9424 13.9467 16.8881 14.2615 14.1536 13.4784 13.3294 
16.0858 14.0046 19.9024 13.1203 13.0664 11.9476 11.873 
15.1857 14.1452 17.094 13.703 13.676 13.1166 13.0794 
15.8346 14.7649 18.1624 13.9944 13.1567 12.0528 12.0342 
15.0602 14.5253 16.2241 14.14 13.7212 13.1693 13.16 
14.5012 14.4742 20.8524 14.5219 12.8702 11.3923 11.3877 
14.3935 14.38 17.5691 14.4038 13.578 12.839 12.8367 
13.8059 13.5118 19.4167 15.8226 13.1108 12.1666 12.1655 
14.0458 13.8988 16.8512 15.0542 13.6983 13.2262 13.2256 
13.8801 14.6637 18.4256 14.6699 13.7063 12.3274 12.3271 
14.0829 14.4747 16.3557 14.4778 13.996 13.3065 13.3064 
15.1223 13.5505 20.0465 12.7945 15.0788 11.7038 11.7037 
14.704 13.9181 17.1661 13.5401 14.6823 12.9947 12.9947 
15.1364 14.1447 18.7627 13.3569 13.6286 12.4854 12.4854 
14.7111 14.2152 16.5242 13.8213 13.9571 13.3856 13.3855 
14.6528 14.4049 19.3432 13.6674 13.7353 12.0982 12.0982 
14.4693 14.3453 16.8144 13.9766 14.0105 13.1919 13.1919 
14.6751 14.6131 17.931 13.2383 14.4457 12.5484 12.5484 
14.4804 14.4494 16.1084 13.762 14.3657 13.417 13.417 
14.687 15.4694 18.4265 13.5299 13.8318 12.0277 12.0277 
14.4864 14.8776 16.3561 13.9078 14.0588 13.1567 13.1567 
13.7908 14.5816 17.1066 15.2872 14.1722 12.5307 12.5307 
14.0383 14.4337 15.6962 14.7865 14.229 13.4082 13.4082 
13.3019 14.8085 19.1046 16.032 12.8736 11.9397 11.9397 
13.7938 14.5471 16.6952 15.1588 13.5797 13.1127 13.1127 
13.431 15.2281 18.5749 14.6817 13.608 12.2382 12.2382 
13.8583 14.7569 16.4303 14.4837 13.9469 13.2619 13.2619 
14.707 15.434 18.7707 13.6307 12.8068 12.1865 12.4643 
14.4963 14.8599 16.5282 13.9582 13.5462 13.2361 13.375 
14.2 14.3818 18.9593 13.931 13.9924 12.233 12.3025 
14.2429 14.3338 16.6225 14.1083 14.139 13.2594 13.2941 
14.9895 14.5273 20.2402 13.907 12.9071 11.7058 11.7232 
14.6376 14.4065 17.2629 14.0963 13.5964 12.9958 13.0045 
14.137 14.5896 19.711 14.4345 12.48 12.4638 12.184 
14.2113 14.4377 16.9984 14.3601 13.3829 13.3748 13.2349 
13.3557 15.4575 18.1583 14.5664 13.5096 12.3692 12.5833 
13.8207 14.8716 16.222 14.4261 13.8977 13.3275 13.4345 
14.4685 13.2497 19.7389 13.6084 13.6349 12.7684 12.5312 
14 14 14 14 14 14 14 
13.6007 15.0858 18.5512 13.7657 16.0759 10.9604 10.9604 
12.7823 15.4436 20.4494 15.5736 16.3901 9.43054 9.43054 
12.5176 17.1091 20.2049 16.2848 16.2978 8.66784 8.66784 
12.5209 18.3812 21.3741 17.1983 13.8329 8.28382 8.28382 
12.5361 18.0383 21.5924 18.0642 13.6037 8.05138 8.05138 
12.1258 17.2828 22.6163 18.9693 12.9734 8.00058 8.00058 
12.7679 16.6874 23.0898 18.8716 12.7128 7.92749 7.92749 
12.9655 15.7111 23.2345 19.4555 12.8397 7.89302 7.89302 
11.4922 16.8347 23.7155 20.1247 11.9964 7.91626 7.91626 
11.3583 17.2949 23.1843 20.2664 12.0186 7.93772 7.93772 
11.2982 15.9808 23.8779 20.9904 11.9141 7.96886 7.96886 
9.94911 15.2904 24.1389 21.5952 13.057 7.98443 7.98443 
10.5559 14.9708 24.1625 21.9604 12.4587 7.9457 7.9457 
11.2382 14.9909 24.9952 20.6932 12.1896 7.94636 7.94636 
11.6333 15.1605 24.8797 20.8419 11.7552 7.86469 7.86469 
11.7418 15.6884 23.7704 20.4002 12.6344 7.88245 7.88245 
12.5099 15.0019 24.3333 19.8474 12.5412 7.88313 7.88313 
11.1406 14.6735 24.6407 22.5017 11.2602 7.89167 7.89167 
9.76385 14.6486 25.6537 22.8637 11.2215 7.92433 7.92433 
9.81614 15.3287 25.4365 22.0678 11.5318 7.90953 7.90953 
10.2294 16.9013 24.7664 21.6765 10.6856 7.87043 7.87043 
11.0372 16.1955 24.9117 22.6833 9.32912 7.92155 7.92155 
10.6575 15.1811 26.9003 21.8972 9.66456 7.84966 7.84966 
11.4233 14.9289 27.3805 20.8989 9.55865 7.90493 7.90493 
11.0981 16.0124 26.5708 20.9881 9.46317 7.93373 7.93373 
11.1046 15.2979 26.3641 21.6051 9.82418 7.90205 7.90205 
11.5242 15.1431 26.8823 20.8728 9.71302 7.93229 7.93229 
12.0288 14.1049 27.3078 20.0364 10.5898 7.96614 7.96614 
13.1572 13.3382 28.7968 18.4468 10.2949 7.98307 7.98307 
12.9649 11.1862 30.5978 18.8807 10.5992 7.88562 7.88562 
14.3689 11.4291 28.3904 19.535 10.5046 7.88603 7.88603 
15.4353 11.3251 29.0467 18.1833 10.2028 7.90341 7.90341 
15.3854 12.851 29.0601 16.7594 10.0535 7.94531 7.94531 
15.5874 12.6285 29.9436 15.8985 10.1019 7.92003 7.92003 
16.2353 11.0221 30.0692 15.7415 11.2198 7.85612 7.85612 
16.7198 11.9626 29.5507 15.756 10.2694 7.87071 7.87071 
16.7481 11.2445 29.9069 15.6083 10.7268 7.88272 7.88272 
13.7312 11.773 30.2312 16.3359 11.911 8.10803 7.90962 
13.7518 11.4254 30.8342 17.0003 11.195 7.94623 7.84702 
14.908 12.1384 30.6781 15.9299 10.216 8.18998 7.93958 
15.8789 13.3952 29.8079 14.9246 10.2362 7.94115 7.81594 
16.8284 12.4754 29.3484 14.5734 10.007 8.41502 8.35242 
14.9359 12.9571 29.694 15.9824 10.1418 8.16008 8.12878 
15.8449 12.4995 28.1978 13.4886 11.3536 9.31564 9.29999 
16.732 13.8688 24.5751 12.9348 12.3435 9.65782 9.88809 
17.2268 12.6306 25.5787 14.2733 12.0789 9.04832 9.16345 
15.8377 12.5891 27.9985 14.9313 11.5528 8.51656 8.57412 
15.2359 12.3921 27.6578 15.2705 11.1422 9.13633 9.16511 
14.7608 11.8611 27.3757 16.5023 10.4972 9.49427 9.50866 
14.1986 11.8964 26.4719 14.7852 11.7827 10.429 10.4361 
14.5461 11.2674 26.5338 14.8394 11.7424 10.5336 10.5372 
14.1791 11.9873 25.9741 14.3258 11.9486 10.7917 10.7935 
13.0035 12.1764 24.2774 16.0339 12.4259 10.7722 11.3107 
13.1897 12.7761 22.6482 15.0233 12.5824 11.7555 12.0248 
15.0594 11.8999 26.6785 13.614 12.7872 10.0116 9.9494 
14.0773 11.9023 25.244 14.2475 12.346 11.2558 10.9271 
15.5493 12.3341 23.5262 13.5067 12.556 11.213 11.3146 
14.6069 12.3782 22.3221 14.2068 12.7997 11.8177 11.8685 
14.0239 11.8343 23.5267 14.0926 13.6579 11.2852 11.5794 
14.6339 12.3196 22.1292 14.0585 13.2314 11.7402 11.8873 
14.4175 12.9645 20.8279 13.5381 14.308 11.7872 12.1566 
14.2151 13.1702 19.9681 14.4124 13.5234 12.263 12.4478 
13.1185 13.4157 21.4595 14.31 14.412 11.596 11.6884 
13.362 13.5106 19.9134 13.9577 14.0087 12.6007 12.6469 
14.3938 14.468 20.329 13.8938 13.6533 11.6195 11.6426 
13.8234 13.5593 20.7067 14.477 13.7544 11.8339 11.8454 
13.744 15.1648 18.7384 14.0708 13.7095 12.4387 12.1339 
14.1568 14.2049 17.6474 14.6513 13.8084 12.8418 12.6895 
13.8831 13.6113 19.4746 15.018 13.4131 12.3381 12.2619 
13.886 13.7501 17.7234 14.8006 13.651 13.1135 13.0754 
13.9782 13.659 20.1682 14.938 14.1119 11.5819 11.5628 
13.8856 13.726 18.0151 15.0552 13.9525 12.6875 12.678 
14.501 13.2584 18.6006 14.2137 14.8251 12.4484 12.1529 
14.2435 13.6222 16.9926 14.4495 14.4056 13.2172 13.0695 
14.6799 14.0785 17.7986 14.2015 14.1795 12.4226 12.6394 
14.3822 14.0815 16.2937 14.4951 14.132 13.2535 13.3619 
14.3706 14.4767 18.6597 15.1963 13.4763 12.0114 11.8092 
14.1035 13.5276 19.7072 14.5164 13.6564 12.295 12.1939 
15.0732 13.1809 21.6183 14.2101 12.9779 11.4951 11.4445 
14.5296 13.5835 18.5015 14.4477 13.482 12.7406 12.7153 
14.9119 13.5564 19.2507 13.6944 13.5057 12.2526 12.8282 
14.5988 13.9211 16.7682 13.9901 13.8957 13.2692 13.557 
13.6578 13.897 19.9448 14.2205 13.3062 12.4149 12.5588 
13.9717 14.0913 17.1153 14.2531 13.796 13.3503 13.4223 
14.3722 13.5798 19.3531 14.2288 13.148 12.357 12.9611 
14.2284 13.8321 17.0709 14.5088 13.6162 13.2207 13.5228 
14.4671 14.269 17.0649 14.3132 14.1611 13.081 12.6438 
14.3764 14.2774 15.6753 14.2995 14.2234 13.6833 13.4647 
14.0943 13.7685 19.1636 13.7796 14.5703 12.3665 12.2572 
14.19 14.0271 16.7247 14.0326 14.428 13.3261 13.2715 
14.3677 13.9833 17.4532 14.8951 13.8807 12.7237 12.6963 
14.1283 13.9361 16.7127 14.7392 13.8848 13.3063 13.2926 
14.7346 13.7862 19.4359 14.1878 13.1924 12.335 12.3281 
14.5102 14.036 16.8608 14.2368 13.7391 13.3103 13.3069 
14.439 15.3513 17.6258 12.8655 14.9155 12.4023 12.4006 
14.3624 14.8185 15.9558 13.5756 14.6006 13.344 13.3432 
13.7746 14.5521 19.2416 14.7548 13.0695 12.1665 12.4408 
14.0301 14.4189 16.7637 14.5203 13.6776 13.2261 13.3633 
14.9905 14.2647 18.1978 13.7019 13.2805 12.748 12.8166 
14.6381 14.2752 16.2417 13.9938 13.7831 13.5169 13.5512 
15.4651 14.1601 18.2332 13.1767 14.1949 12.3764 12.3936 
14.8248 14.1722 16.5634 13.6805 14.1897 13.2804 13.289 
14.9881 13.4498 18.2817 14.416 13.4585 12.7008 12.7051 
14.6369 13.8677 16.2837 14.3509 13.8721 13.4933 13.4954 
14.4191 14.0345 18.201 13.6843 14.3325 12.6638 12.6649 
14.3524 14.1601 16.2434 13.985 14.3091 13.4748 13.4753 
14.9974 14.0633 18.7362 13.9757 13.5791 12.324 12.3242 
14.6416 14.1745 16.511 14.1307 13.9324 13.3048 13.305 
14.207 14.8717 17.2375 13.6522 13.8524 12.9398 13.2393 
14.0965 14.4288 16.6607 13.8191 13.9192 13.4629 13.6127 
14.2705 14.9922 18.0526 13.5762 14.4596 12.287 12.3619 
14.0102 14.3711 19.3388 13.9756 13.4798 12.3935 12.4309 
14.2677 14.7274 20.2839 13.1331 14.0025 11.7833 11.8021 
14.2767 14.5066 17.2848 13.7094 14.1441 13.0345 13.0439 
15.6945 13.1356 19.8724 14.3413 12.9544 11.8649 12.1369 
14.8403 13.5608 17.9781 14.1637 13.4702 12.9254 13.0615 
13.929 13.881 18.4565 14.4783 14.1316 12.3799 12.7438 
14.1074 14.0834 16.3711 14.382 14.2086 13.3328 13.5147 
14.9949 13.8064 18.7738 13.9557 13.2808 12.5488 12.6397 
14.5397 13.9454 17.1334 14.0201 13.6826 13.3166 13.3621 
13.8175 14.4132 18.9834 14.7481 12.7937 12.6107 12.6334 
14.0516 14.3495 16.6345 14.5169 13.5397 13.4482 13.4596 
14.7401 14.0319 18.603 13.5442 13.9127 12.4384 12.7298 
14.4123 14.0582 17.048 13.8143 13.9986 13.2614 13.4071 
15.0866 14.0943 18.8501 13.9724 13.521 12.0655 12.4101 
14.346 13.8499 18.6087 13.7889 13.5632 12.8355 13.0078 
15.457 12.8421 18.7718 14.8826 13.2905 12.3349 12.421 
14.8714 13.5639 16.5288 14.5842 13.7881 13.3103 13.3534 
14.2004 13.8408 18.2644 14.3509 14.247 12.5375 12.559 
14.1424 13.9626 16.8787 14.2177 14.1658 13.311 13.3218 
13.876 14.0819 19.0902 13.6177 14.1835 12.5727 12.578 
14.0808 14.1838 16.688 13.9517 14.2346 13.4292 13.4319 
13.7889 14.4539 17.5464 14.0311 14.1725 12.8496 13.1577 
14.0373 14.3698 15.9161 14.1584 14.2291 13.5676 13.7217 
13.8868 13.2289 18.1229 15.5957 13.9827 12.2783 12.9048 
13.7927 13.8062 16.9381 15.3321 13.8407 12.9885 13.3017 
14.241 15.3777 16.9437 14.4457 14.5474 12.144 12.3006 
13.9106 14.7876 19.2743 13.7043 13.7552 12.2448 12.3231 
14.0982 14.5367 19.7562 13.6974 13.4252 12.3724 12.1139 
14.1919 14.4112 17.021 13.9916 13.8555 13.3291 13.1998 
14.85 13.8901 19.7404 14.4824 13.0775 12.0121 11.9475 
14.5678 14.0879 17.0131 14.3841 13.6816 13.1489 13.1166 
13.6375 16.16 18.175 14.3744 13.4706 12.0993 12.0832 
13.861 15.1222 16.834 14.2294 13.7776 13.0919 13.0838 
15.0766 14.0218 18.5294 14.1372 13.6304 12.1639 12.4408 
14.6305 14.1031 16.7115 14.1608 13.9074 13.1742 13.3126 
16.304 14.074 17.9063 12.6984 14.538 12.2051 12.2743 
15.0964 13.9815 17.2865 13.2936 14.2134 13.047 13.0816 
15.443 14.5931 18.8772 12.4948 13.8319 12.3714 12.3887 
14.8643 14.4394 16.5814 13.3902 14.0588 13.3286 13.3372 
14.8726 14.0649 18.7074 13.5404 13.577 12.6167 12.621 
14.5792 14.1753 16.4965 13.913 13.9314 13.4512 13.4534 
14.515 14.0241 18.9419 13.3149 14.1911 12.5059 12.507 
14.4004 14.1549 16.6138 13.8003 14.2384 13.3958 13.3964 
14.9588 14.2614 18.9391 13.222 13.7284 12.445 12.4453 
14.6223 14.2735 16.6124 13.7539 14.0071 13.3654 13.3655 
13.7718 14.721 18.4186 14.7421 13.7451 12.3007 12.3007 
14.0288 14.5034 16.3521 14.5139 14.0154 13.2932 13.2932 
13.7004 15.1005 16.3156 15.6872 14.2751 12.4605 12.4606 
14 14 14 14 14 14 14 
11.2683 16.7561 15.9939 16.1463 16.9085 10.9634 10.9634 
10.8465 17.8375 16.9738 16.857 18.1068 9.43924 9.43924 
9.63781 19.3594 18.257 18.5817 16.6204 8.64682 8.64682 
8.9687 21.9266 18.2378 18.4002 15.8001 8.27078 8.27078 
10.0638 21.0492 19.2047 18.7494 14.6597 8.10535 8.10535 
10.3053 21.5597 19.368 19.3357 13.4822 7.95892 7.95892 
10.6536 20.7013 19.2125 19.5892 14.0103 7.90873 7.90873 
10.5415 19.7576 20.4447 19.2016 14.1626 7.9421 7.9421 
11.1981 19.6302 20.643 19.2566 13.4866 7.89074 7.89074 
11.9944 19.3112 20.4959 18.8337 13.5263 7.91824 7.91824 
10.0488 18.6796 21.4818 20.927 13.0246 7.9186 7.9186 
9.83996 16.7168 22.9335 21.2217 13.3771 7.9552 7.9552 
10.2054 15.758 24.8917 20.5474 12.8196 7.88881 7.88881 
10.8532 15.3839 24.7266 21.4823 11.673 7.9405 7.9405 
10.1835 15.0915 25.3654 21.2063 12.3904 7.88146 7.88146 
10.4526 12.9066 25.9817 22.665 12.2777 7.85825 7.85825 
10.4346 13.8607 25.9538 21.5177 12.5046 7.86431 7.86431 
11.3014 12.2401 25.6981 21.4889 13.4426 7.91446 7.91446 
11.429 12.1342 26.0566 21.8294 12.8534 7.84874 7.84874 
11.2211 12.3446 26.4644 22.038 12.1535 7.88913 7.88913 
11.14 12.5253 27.7028 21.1367 11.6062 7.94456 7.94456 
10.9098 12.4519 28.8999 21.4907 10.5361 7.85578 7.85578 
11.7223 11.3792 28.9347 21.4696 10.8391 7.82761 7.82761 
11.8612 12.3146 26.9673 21.9848 11.0445 7.9138 7.9138 
12.1034 12.824 26.6935 21.4862 11.0778 7.90752 7.90752 
10.0663 13.103 26.8504 22.9086 11.3783 7.8467 7.8467 
10.9952 12.2425 27.2463 22.8364 10.9737 7.85289 7.85289 
10.5824 11.4885 29.0187 22.8589 10.2891 7.88125 7.88125 
11.0101 11.4632 31.8296 20.5798 9.39293 7.86219 7.86219 
13.551 11.3351 29.4205 20.2037 9.86888 7.81041 7.81041 
12.4573 11.6334 29.9091 19.903 10.3322 7.88248 7.88248 
11.4834 11.7084 31.0374 19.8241 10.1024 7.92213 7.92213 
11.5044 12.2949 30.6034 18.8951 10.9834 7.85937 7.85937 
10.6509 11.7218 30.5044 20.4273 11.066 7.81482 7.81482 
10.881 10.8417 32.1104 19.409 11.0886 7.9304 7.73883 
12.2967 11.6082 32.1087 17.3968 11.0627 7.81135 7.71557 
12.574 11.025 32.721 17.1321 10.5514 8.12254 7.87385 
13.816 11.497 30.4532 17.4464 11.0672 7.92228 7.79793 
15.0713 10.8506 29.9205 16.0701 11.8601 8.04277 8.18468 
16.1071 12.211 27.8174 16.2494 11.6444 7.94996 8.02091 
15.1964 12.3555 29.8015 16.5175 10.2865 7.90355 7.93903 
15.0799 12.0172 28.9519 17.7478 10.6177 7.78389 7.80163 
16.9698 11.0524 28.7303 15.8915 10.7913 8.27791 8.28678 
16.4094 12.13 28.7048 15.3042 11.2447 8.10122 8.10565 
14.5366 11.5235 30.5096 15.0757 11.5175 8.41742 8.41964 
16.4232 11.6303 27.2266 14.1106 12.5663 9.13829 8.90466 
15.7246 11.2556 26.0485 14.8273 12.2417 9.75049 10.1518 
15.8898 12.0498 27.0151 14.2944 11.3961 9.69176 9.66306 
15.7498 11.1469 27.1661 14.9521 11.3078 9.96783 9.70958 
15.3335 13.3082 24.909 14.1059 11.455 10.5088 10.3797 
15.8398 12.183 25.916 14.0241 11.7371 10.3025 9.99752 
16.5563 12.0006 27.2762 13.8302 11.0958 9.69669 9.54421 
15.1353 12.286 26.781 13.4865 11.2622 10.5626 10.4864 
14.9656 11.7552 25.3803 15.1616 12.0087 10.3834 10.3452 
14.328 11.83 24.5949 15.0213 11.9567 11.1441 11.125 
13.8501 13.1824 22.7626 14.1967 12.9551 11.6767 11.3765 
14.5274 12.7316 22.4924 14.4083 12.6179 11.6863 11.5362 
14.5736 13.9681 21.7725 13.9293 12.4493 11.6911 11.616 
14.3381 13.3943 20.8222 14.3364 12.6349 12.2558 12.2183 
14.1739 14.1851 23.9376 14.1731 11.6315 10.9588 10.9401 
13.7536 13.7592 20.9688 14.7532 12.4824 12.1461 12.1367 
13.1268 14.76 21.354 15.257 12.4912 11.5078 11.5031 
13.2301 14.0467 20.3437 14.6285 12.9123 12.4206 12.4182 
14.5515 14.9599 21.5475 13.3989 12.2762 11.7658 11.5001 
14.1251 14.3292 19.6779 13.5488 12.9874 12.7322 12.5994 
15.0037 13.6352 19.2507 13.8332 13.5525 12.2485 12.4762 
14.5441 13.8599 17.3718 13.9589 13.8185 13.1665 13.2803 
13.0922 14.3373 19.2679 15.1805 14.3167 11.8742 11.9312 
13.8308 14.1223 17.9121 15.2061 13.7809 12.5596 12.5881 
15.3338 13.4387 20.6907 14.7459 12.7578 11.3819 11.6512 
14.6113 13.6638 18.6787 14.3174 13.3233 12.6354 12.77 
14.0704 13.5966 19.3394 15.394 13.1323 12.2 12.2674 
14.0282 13.7913 17.362 15.0397 13.5591 13.093 13.1267 
13.9106 13.5049 19.0258 14.9911 13.9635 12.2936 12.3105 
14.0982 13.8953 16.6558 14.6384 14.1246 13.2897 13.2981 
14.7414 14.3652 19.0422 15.0115 12.5568 12.1393 12.1436 
14.413 14.2249 16.9155 14.9001 13.3207 13.1119 13.114 
14.3888 14.8472 19.2312 14.6324 12.4614 12.0808 12.3581 
14.3373 14.5665 16.7585 14.459 13.3736 13.1833 13.3219 
14.7957 13.4979 19.1137 13.7267 14.3139 12.2414 12.3107 
14.5407 13.8918 16.6997 14.0062 14.2998 13.2635 13.2982 
13.9002 14.4045 19.6758 13.6329 14.056 12.1566 12.174 
13.9924 14.2445 17.2323 14.2108 14.0702 13.1206 13.1292 
13.0937 13.8296 18.0674 14.7274 14.962 12.6578 12.6622 
13.6897 14.0576 16.1765 14.5065 14.6238 13.4718 13.4739 
13.262 15.0502 18.7835 14.2051 14.5312 12.0835 12.0846 
13.624 14.5181 17.084 14.4452 14.2586 13.0347 13.0353 
13.7484 14.4845 18.3686 14.7371 14.0657 12.2977 12.298 
14.0171 14.3851 16.3272 14.5114 14.1757 13.2917 13.2919 
14.7228 14.0497 17.8779 14.6843 13.6593 12.6459 12.3602 
14.4037 14.0671 16.3333 14.7365 13.8719 13.3652 13.2224 
15.3939 13.2482 19.4661 14.7129 12.5857 12.3323 12.2609 
14.8398 13.767 16.8759 14.4993 13.4357 13.309 13.2733 
13.9675 14.0263 17.3665 14.6901 14.7536 12.6069 12.589 
14.1266 14.156 15.8261 14.4879 14.5196 13.4463 13.4374 
14.1255 14.4226 18.365 14.3061 14.0395 12.3729 12.3684 
14.2056 14.3542 16.3254 14.2959 14.1626 13.3293 13.3271 
14.4648 13.6188 17.9786 13.2829 15.0568 12.7996 12.7985 
14.3752 13.9523 16.1322 13.7843 14.6712 13.5427 13.5421 
13.7217 13.7943 17.4411 14.2785 15.8583 12.4532 12.4529 
14.0037 14.04 15.8634 14.2821 15.072 13.3694 13.3693 
15.1598 13.599 18.9843 14.2463 14.115 11.9479 11.9478 
14.7227 13.9423 16.635 14.266 14.2003 13.1168 13.1168 
13.7859 13.6751 20.0494 14.6749 13.5248 12.145 12.145 
14.0358 13.9804 17.1675 14.4803 13.9052 13.2154 13.2153 
14.0404 13.4509 19.5388 14.2626 13.9751 12.5066 12.2256 
14.1631 13.8683 16.9123 14.2742 14.1304 13.3961 13.2557 
14.9495 14.0407 19.3698 13.7361 14.4256 11.7742 11.704 
14.6176 14.1632 16.8278 14.0109 14.3557 13.03 12.9948 
14.7493 14.5221 18.2353 14.1483 13.4278 12.4674 12.4498 
14.5175 14.4039 16.2605 14.217 13.8568 13.3765 13.3678 
13.7452 14.4992 19.7519 14.6761 13.1446 12.0937 12.0893 
14.0155 14.3925 17.0188 14.4809 13.7152 13.1897 13.1875 
13.7645 13.953 19.5905 15.0783 13.6143 12.0003 11.9992 
14.0251 14.1194 16.9381 14.682 13.95 13.143 13.1424 
15.4741 14.2392 19.2383 14.2641 13.1289 11.6997 11.9558 
14.8799 14.2624 16.762 14.2749 13.7073 12.9927 13.1208 
14.4952 13.2662 18.8104 13.8859 14.2156 12.6313 12.6954 
14.3904 13.776 16.5481 14.0858 14.2507 13.4585 13.4905 
14.7976 13.3207 17.9232 14.3528 14.4353 12.5772 12.5932 
14.5416 13.8032 16.1044 14.3193 14.3605 13.4315 13.4395 
15.2708 13.1873 19.1951 12.8739 14.6088 12.43 12.434 
14.7783 13.7365 16.7404 13.5798 14.4473 13.3579 13.3599 
14.493 13.6989 19.8456 13.8937 13.781 12.1434 12.1444 
14.3893 13.9923 17.0657 14.0897 14.0334 13.2146 13.2151 
14.3025 15.8197 19.5622 14.1527 13.1441 11.5092 11.5095 
14.2941 15.0527 16.924 14.2192 13.7149 12.8975 12.8976 
15.2026 14.4708 18.1842 13.2207 14.6352 12.2821 12.0044 
14.7442 14.3783 16.235 13.7532 14.4605 13.2839 13.145 
14.4727 14.8814 17.8808 12.7938 14.9225 12.5591 12.4897 
14.3792 14.5836 16.0833 13.5397 14.6041 13.4224 13.3877 
14.8601 15.2463 18.2689 13.5881 13.268 12.393 12.3757 
14.5729 14.766 16.2773 13.9369 13.7768 13.3394 13.3307 
14.0116 14.4006 18.0802 15.1556 13.3212 12.5176 12.5133 
14.1487 14.3431 16.1829 14.7206 13.8034 13.4017 13.3995 
14.044 15.3534 16.5763 14.33 14.1744 12.7614 12.7604 
14.1649 14.8195 15.431 14.3079 14.2301 13.5236 13.523 
13.6481 14.4805 19.5842 14.2246 14.4383 11.8123 11.812 
13.9669 14.3831 16.935 14.2552 14.362 13.049 13.0489 
14.7555 13.4092 19.8664 15.1587 13.3986 11.7058 11.7058 
14.5206 13.8474 17.0761 14.7222 13.8422 12.9958 12.9957 
14.6567 14.0243 17.4138 14.7575 14.0217 12.7109 12.415 
14.4712 14.155 15.8497 14.5216 14.1537 13.4983 13.3504 
14.3379 15.6002 18.1521 13.7949 13.0428 12.7151 12.357 
14.3118 14.943 16.2189 14.0403 13.6642 13.5004 13.3214 
15.2115 15.2493 18.665 13.6868 12.6655 12.3058 12.2162 
14.7486 14.7675 16.4754 13.9863 13.4756 13.2957 13.251 
15.3853 13.7373 19.5637 13.623 13.3676 12.1727 12.1503 
14.8355 14.0115 16.9247 13.9543 13.8267 13.2292 13.218 
16.1748 14.0679 19.1968 12.9094 13.128 12.2643 12.2587 
15.2303 14.1768 16.7413 13.5975 13.7069 13.275 13.2722 
14.6773 14.1506 19.1051 13.8609 13.6331 12.2872 12.2858 
14.4815 14.2181 16.6954 14.0733 13.9594 13.2865 13.2858 
13.6361 13.2137 18.8128 14.5948 14.8285 12.4572 12.4568 
13.9609 13.7497 16.5493 14.4403 14.5571 13.3715 13.3713 
12.8793 15.5827 18.6679 14.5235 13.4583 12.3037 12.5845 
13.5825 14.9342 16.4768 14.4046 13.872 13.2947 13.4351 
12.9316 14.7771 17.8875 15.9742 13.3688 12.4953 12.5655 
13.6087 14.5314 16.0866 15.13 13.8272 13.3905 13.4256 
14 14 14 14 14 14 14 
17 17 19.9412 10.5294 12.8824 11.1176 10.5294 
15.6429 15.6429 17.1134 12.4076 13.584 12.7017 12.4076 
16.0567 15.2332 19.2626 13.145 15.4979 10.3508 10.2038 
16.252 16.1692 19.8287 13.919 15.534 9.12279 9.04926 
14.8368 17.0638 20.0278 15.1825 15.801 8.53115 8.49438 
13.6684 18.4525 20.629 15.7262 15.0434 8.23383 8.21545 
13.0727 17.5749 21.9659 17.3126 13.9437 8.06187 8.05268 
12.4435 18.0701 22.2698 18.2555 13.09 7.93389 7.92929 
13.1864 17.2471 22.1536 18.3793 13.1978 7.91705 7.91475 
13.7361 16.6881 22.828 17.9454 13.0505 7.87557 7.87443 
12.8397 16.8461 23.6609 18.2844 12.5981 7.88516 7.88458 
11.6512 15.2641 23.9029 19.9068 13.5425 7.86612 7.86583 
11.2423 14.6112 23.8265 21.6201 12.9171 7.89139 7.89125 
10.5607 14.4629 24.3124 21.3947 13.515 7.87715 7.87708 
10.0765 14.066 22.8277 21.9683 15.2707 7.89541 7.89537 
10.2487 15.7504 23.3377 20.904 14.0482 7.85552 7.8555 
10.1243 15.1093 24.9667 21.0903 12.9815 7.86393 7.86392 
10.1733 14.1102 25.3722 22.1007 12.3797 7.93197 7.93196 
9.82454 14.7164 24.6821 23.0463 11.9358 7.89743 7.89743 
8.84486 14.5492 25.8242 23.3209 11.6982 7.8813 7.8813 
9.23579 15.0349 25.3875 23.5465 11.0554 7.86992 7.86992 
9.54747 15.8508 25.1351 22.1019 11.5136 7.92557 7.92557 
9.87578 16.905 25.6288 21.153 10.5527 7.94238 7.94238 
10.7544 16.0588 25.5661 21.7622 10.0862 7.88618 7.88618 
11.7224 16.405 26.8693 20.272 8.97711 7.8771 7.8771 
11.3437 16.4262 26.9215 20.0044 9.53242 7.88592 7.88592 
11.4461 15.1685 27.109 20.7634 9.75308 7.87997 7.87997 
10.6828 14.1526 27.4955 21.5077 10.5066 7.82738 7.82738 
10.846 12.428 30.2615 20.8456 9.84044 7.88923 7.88923 
11.9382 11.517 29.6762 21.1804 9.92022 7.88401 7.88401 
10.5637 11.2991 30.1084 22.2118 10.0952 7.86092 7.86092 
12.5918 10.7665 29.9665 20.755 10.1646 7.87783 7.87783 
13.3511 9.98447 28.9403 21.2671 10.6038 7.92664 7.92664 
13.09 10.5843 30.753 19.5151 10.2361 7.91069 7.91069 
13.6642 9.92793 33.0918 17.8701 9.58824 7.92886 7.92886 
14.2474 10.2606 32.6476 16.5622 9.667 8.20172 8.41358 
13.0559 10.215 31.7475 17.7726 11.1047 7.99916 8.1051 
12.9109 10.8522 29.9163 17.6097 11.9353 8.46767 8.30787 
13.4767 10.958 29.639 17.1027 11.9251 8.48915 8.40925 
14.7631 12.4749 28.3998 15.5472 12.1354 8.3598 8.31985 
15.355 12.3836 28.4856 16.4115 11.0511 8.16661 8.14664 
13.6947 11.4927 29.5723 17.9479 11.3995 7.9515 7.94151 
13.7202 12.4474 30.2501 17.3932 10.3389 7.92764 7.92265 
14.213 12.5962 28.8505 15.8044 10.5616 9.11088 8.86328 
13.5065 11.4981 29.6253 17.9022 10.4808 8.55544 8.43164 
12.6939 11.1946 31.6443 15.8818 10.1909 9.22821 9.16632 
11.7041 12.2937 29.4382 17.7623 10.4526 9.30161 9.04744 
12.8833 12.3969 28.5212 15.652 10.695 10.1196 9.73206 
15.5134 12.1056 28.3956 14.5771 10.8328 9.49016 9.08544 
15.4681 11.7742 26.3869 15 12.1328 9.7202 9.51784 
14.9123 12.3227 27.0548 14.6782 11.5119 9.8106 9.70942 
15.5702 12.3017 27.5625 14.1373 11.677 9.51056 9.24067 
16.0325 11.5632 26.6678 13.2542 12.7973 9.90992 9.77498 
14.5819 11.8422 26.7178 13.9504 12.4592 10.0055 10.443 
14.6773 13.3075 23.5862 14.3615 12.1955 10.9686 10.9033 
14.8858 12.943 22.4849 13.7845 12.3871 11.7736 11.741 
13.8318 13.1382 23.4647 14.67 11.7491 11.7201 11.426 
13.2853 12.9385 22.5604 14.3414 12.5624 12.2295 12.0824 
14.2957 12.0815 23.0149 14.8238 13.4241 11.2168 11.1433 
14.1099 12.3699 22.2669 14.0574 13.3576 11.9375 11.9007 
14.0317 12.5803 21.8893 14.0055 13.6555 12.0734 11.7643 
13.9237 12.8691 20.1552 13.9106 14.0646 12.6157 12.4611 
15.4524 12.8025 22.3417 14.2666 13.1644 11.0248 10.9475 
14.918 13.2505 19.39 14.3251 13.4315 12.3617 12.3231 
14.4538 13.361 20.0577 15.1936 13.9696 11.3622 11.602 
14.4165 13.5433 19.1792 14.7864 13.5208 12.2171 12.3369 
14.9402 13.4727 19.8989 14.6097 13.9769 11.5209 11.5808 
14.006 13.2723 18.773 15.4748 13.5244 12.6232 12.3264 
14.3922 14.0253 21.4554 13.895 13.9051 11.2377 11.0893 
14.3389 13.8308 20.468 13.7657 13.446 12.1124 12.0382 
14.3551 12.9034 20.4136 13.4697 14.208 12.0442 12.6059 
14.0269 13.301 18.426 14.2691 13.9533 12.8714 13.1523 
14.1235 14.9074 21.5983 14.474 12.7106 11.0229 11.1633 
