5 80000 300 266
14 14 14 14 14 14 14 
14.2826 15.4783 17.8696 14.1739 15.3696 10.913 10.913 
14.7684 16.4558 18.1358 14.7141 16.5226 9.45168 9.45168 
16.2627 17.1064 17.3623 15.4178 16.2052 8.6978 8.6978 
15.8237 16.4786 17.5389 16.6833 16.7273 8.31161 8.31161 
14.4636 17.3198 18.5396 17.1922 16.2947 8.06385 8.06385 
13.4103 17.47 18.6519 18.5503 16.0421 7.92208 7.92208 
12.8809 16.3359 19.421 18.8951 16.6909 7.88028 7.88028 
11.4756 19.2921 19.4295 19.1665 14.7857 7.92141 7.92141 
11.3811 17.7725 19.9856 19.967 15.0678 7.91104 7.91104 
10.2563 18.6858 21.7968 19.7831 13.77 7.85307 7.85307 
9.97802 18.5808 21.6374 20.0532 14.0443 7.85263 7.85263 
9.19462 19.2203 22.8514 20.0733 12.8633 7.89828 7.89828 
9.77803 18.6463 21.5462 20.7596 13.4196 7.92504 7.92504 
9.2669 19.807 20.5657 20.7484 13.8527 7.87957 7.87957 
9.48782 18.7627 22.4188 19.8402 13.8438 7.82328 7.82328 
10.1763 18.3614 22.4067 18.9002 14.3498 7.90277 7.90277 
11.1967 16.6468 21.7237 20.7623 13.8491 7.91066 7.91066 
10.8423 15.7624 22.6911 21.1129 13.8758 7.85777 7.85777 
10.9006 15.5296 22.9894 21.4012 13.3306 7.92432 7.92432 
10.9683 14.1837 25.4587 20.6105 12.9716 7.9036 7.9036 
9.81671 15.757 23.5022 21.8978 13.1603 7.93307 7.93307 
11.0695 15.3429 22.77 21.7309 13.3337 7.87649 7.87649 
11.3179 16.2257 22.4694 20.3835 13.7753 7.91415 7.91415 
11.3537 17.68 21.4852 18.7339 14.8603 7.94341 7.94341 
11.8396 15.7005 21.6729 19.9483 14.9883 7.92519 7.92519 
11.6596 14.2278 21.6783 22.4742 14.1268 7.91668 7.91668 
11.7411 15.9809 22.046 20.7198 13.7136 7.89923 7.89923 
11.2923 16.1832 22.5893 21.0828 13.0014 7.92552 7.92552 
11.2816 14.6863 23.8846 20.4934 13.8148 7.91959 7.91959 
11.3146 12.7805 23.6444 22.1853 14.3542 7.86051 7.86051 
10.3603 13.816 23.0846 22.6025 14.3553 7.89065 7.89065 
10.5758 14.2221 23.8924 21.9727 13.5326 7.90216 7.90216 
9.21648 13.8968 24.5653 21.1054 15.4568 7.87965 7.87965 
9.66997 13.862 23.2703 23.0218 14.3951 7.89044 7.89044 
9.21455 14.4736 23.6789 23.9197 13.0369 7.83817 7.83817 
8.76432 14.7426 24.657 22.9298 13.2159 7.84518 7.84518 
9.47122 16.4044 24.1606 22.1519 12.0787 7.86661 7.86661 
10.072 15.1627 24.0292 23.1409 11.8398 7.87762 7.87762 
10.8528 15.3784 23.277 22.7091 11.9843 7.89921 7.89921 
10.982 14.4268 22.5132 23.4113 12.9661 7.85031 7.85031 
10.241 14.8384 22.0066 23.4556 13.6081 7.92516 7.92516 
10.8621 14.2374 22.4866 23.2111 13.383 7.90995 7.90995 
10.4433 14.4537 21.39 23.7082 14.271 7.86695 7.86695 
10.6373 14.1538 21.6522 23.441 14.4403 7.83776 7.83776 
9.37268 14.5707 21.3912 24.1284 14.8368 7.85008 7.85008 
9.47224 16.4793 21.4009 22.8954 14.0935 7.82932 7.82932 
9.5341 16.9518 22.6954 21.4225 13.7387 7.8288 7.8288 
10.6784 17.466 21.3231 21.6718 13.1501 7.85529 7.85529 
11.0182 16.7577 21.4023 22.3174 12.7479 7.87826 7.87826 
11.0922 17.1878 22.6118 21.4565 11.833 7.90935 7.90935 
11.4214 17.7066 22.6968 21.1599 11.1923 7.91151 7.91151 
10.1901 17.57 22.7285 21.3548 12.2547 7.95091 7.95091 
9.37718 19.4903 21.8177 21.0048 12.5505 7.87974 7.87974 
9.87727 17.9999 22.5834 22.059 11.8177 7.83138 7.83138 
10.4533 16.9656 23.5466 21.5687 11.7912 7.83726 7.83726 
10.3028 15.8432 24.5906 22.2057 11.3525 7.85264 7.85264 
10.0793 18.0178 23.8337 21.0788 11.2051 7.89267 7.89267 
11.5991 16.6821 23.303 22.0493 10.553 7.90673 7.90673 
11.8156 17.0309 23.8173 22.3883 9.28721 7.83037 7.83037 
11.1517 16.0764 25.933 22.4137 8.78995 7.81762 7.81762 
12.2783 15.0087 25.9692 22.735 8.41642 7.79621 7.79621 
12.1391 14.7044 26.4513 22.1675 8.74154 7.89811 7.89811 
14.0748 11.8141 27.1364 21.4512 9.75135 7.88606 7.88606 
13.6758 11.1331 27.1275 22.8725 9.39545 7.89783 7.89783 
14.4787 11.1966 26.2983 23.7687 8.58512 7.83632 7.83632 
13.3274 11.2978 25.7139 24.0605 9.99204 7.80417 7.80417 
11.8822 10.9887 26.2065 25.0157 10.3358 7.78558 7.78558 
10.9543 11.6949 26.032 25.3047 10.313 7.85057 7.85057 
10.0925 12.2577 26.6057 24.5754 10.6693 7.89965 7.89965 
10.084 11.6704 27.4087 25.26 9.86867 7.8541 7.8541 
10.8621 11.6553 26.7996 25.0639 9.82852 7.89531 7.89531 
10.9256 12.6958 25.6251 25.3067 9.58459 7.93117 7.93117 
10.4373 11.9601 26.0778 26.8115 8.87393 7.91967 7.91967 
11.4349 10.7098 27.4984 26.1084 8.49102 7.87875 7.87875 
11.4119 10.7716 27.9159 25.5542 8.68995 7.82826 7.82826 
11.919 11.0071 26.9757 25.7949 8.33906 8.05614 7.90822 
10.5647 10.6351 28.2247 25.7922 8.90637 7.97544 7.90148 
10.9734 11.5506 28.7465 23.8717 9.06023 7.91726 7.88028 
11.2244 11.9229 28.5809 23.2746 9.17492 7.92038 7.90189 
12.0122 11.0281 28.1571 23.7707 9.1208 7.96019 7.95094 
12.8554 10.5825 26.8183 24.3511 9.4919 7.9527 7.94807 
12.0168 9.67193 28.0617 24.7133 9.73085 7.90384 7.90153 
12.1882 10.3135 26.8118 24.5758 10.343 7.8845 7.88335 
11.3201 10.1003 27.6714 25.5647 9.55001 7.89705 7.89648 
11.3863 10.4971 27.1039 25.0729 10.2219 7.85914 7.85885 
11.9258 11.0657 26.2943 25.6943 9.40459 7.80769 7.80754 
11.7006 11.4072 26.945 25.0056 9.21049 7.86559 7.86552 
12.1185 12.7007 25.8632 24.4562 9.1242 7.86866 7.86862 
13.223 11.9059 26.2357 23.6316 9.24046 7.8817 7.88168 
14.1115 11.9252 26.0345 22.5102 9.75912 7.82974 7.82973 
14.458 10.7112 27.8217 21.5903 9.76783 7.82548 7.82548 
14.8867 10.6108 28.1751 21.0054 9.68872 7.81665 7.81664 
14.9504 11.2544 27.8269 21.1259 9.09365 7.87433 7.87433 
15.5833 10.1317 26.6762 22.575 9.35163 7.84107 7.84107 
15.9242 9.43333 26.4405 22.8839 9.64569 7.8362 7.8362 
15.9681 9.5505 28.9302 20.8075 9.05245 7.84559 7.84559 
15.2643 9.58294 28.2014 22.3543 8.78447 7.90631 7.90631 
16.3086 9.93853 28.2183 21.3242 8.36282 7.92374 7.92374 
16.8845 9.57244 27.6012 21.6145 8.46713 7.93013 7.93013 
16.0669 10.2114 26.5572 22.5374 8.77902 7.92401 7.92401 
16.0276 10.0476 25.7786 23.7687 8.60462 7.88642 7.88642 
16.5153 9.20246 27.4426 22.4031 8.76917 7.8337 7.8337 
16.7453 9.23086 28.6904 21.5411 8.24261 7.77488 7.77488 
16.0197 9.32131 27.5805 23.2705 8.09189 7.85803 7.85803 
16.0981 8.92536 27.7608 23.2529 8.16359 7.8996 7.8996 
17.3324 8.69721 26.9097 22.8642 8.47919 7.8586 7.8586 
17.7571 9.3486 26.9397 21.8867 8.3305 7.86869 7.86869 
16.1075 9.79478 27.1747 23.1421 8.08091 7.85001 7.85001 
16.0947 10.0144 28.6458 21.5126 7.98783 7.87237 7.87237 
14.9439 9.55263 28.116 23.1387 8.53937 7.85468 7.85468 
14.6148 8.96886 27.412 25.234 8.15167 7.80933 7.80933 
14.1842 8.92569 28.749 23.7918 8.80363 7.77286 7.77286 
15.6591 9.29151 27.9259 23.2666 8.2959 7.78051 7.78051 
16.9204 8.6047 28.0392 22.6304 8.10689 7.8492 7.8492 
19.0663 8.67945 29.0028 19.5643 8.09385 7.79665 7.79665 
19.1111 8.88518 27.0014 21.4705 7.94303 7.79443 7.79443 
19.233 8.79743 28.8233 19.7675 7.84248 7.76818 7.76818 
19.6469 9.86984 27.7855 19.1543 7.87261 7.83546 7.83546 
18.5512 9.37279 27.7981 20.5239 7.93039 7.91181 7.91181 
20.0633 8.79598 28.1114 19.3373 7.90355 7.89426 7.89426 
18.7273 9.32553 28.4035 19.9585 7.86482 7.86017 7.86017 
19.7196 8.54626 29.4121 18.8789 7.8159 7.81358 7.81358 
21.2605 9.15912 28.0611 18.0714 7.81675 7.81559 7.81559 
21.5146 9.1714 28.3163 17.369 7.99001 7.81936 7.81936 
22.4411 8.88123 30.4812 14.3546 8.11871 7.86157 7.86157 
23.4847 8.37143 30.3349 14.0955 7.99017 7.8616 7.8616 
22.9126 8.08643 28.9972 16.4449 7.8958 7.83151 7.83151 
23.3465 8.31151 28.523 16.1493 7.91131 7.87917 7.87917 
23.2862 8.02672 28.7776 16.4617 7.82662 7.81055 7.81055 
24.024 8.14034 27.5634 16.6436 7.88157 7.87353 7.87353 
25.2864 8.49495 26.3186 16.1389 7.92308 7.91907 7.91907 
25.057 8.55782 29.0214 12.897 8.61671 7.92505 7.92505 
24.6823 8.27891 29.4338 13.3716 8.30836 7.96253 7.96253 
25.1221 8.07204 29.8854 13.006 8.08676 7.91385 7.91385 
25.0211 8.9881 28.8405 13.2123 8.03699 7.95053 7.95053 
24.9267 8.68868 28.3464 14.1565 8.21313 7.83433 7.83433 
23.7967 8.67767 28.0065 15.5782 8.10656 7.91716 7.91716 
23.7627 8.57612 28.41 15.275 8.14933 7.91338 7.91338 
23.9215 8.80311 27.583 16.1659 7.92082 7.80285 7.80285 
24.5942 9.73963 27.3146 14.4887 8.23087 7.81601 7.81601 
22.7701 9.76847 28.6911 14.8457 8.33841 7.79314 7.79314 
22.5863 8.94267 28.9559 15.8644 8.06531 7.79267 7.79267 
23.5112 8.41871 28.7637 15.639 7.98002 7.84371 7.84371 
23.7895 8.10766 29.8056 14.7686 7.88832 7.82016 7.82016 
25.7738 7.96842 29.3156 13.4341 7.85875 7.82467 7.82467 
24.4641 8.34663 30.5974 13.2607 7.78843 7.7714 7.7714 
25.8336 8.00473 30.2412 12.3775 8.10878 7.71712 7.71712 
26.2386 8.32762 29.3075 12.4171 8.03363 7.8378 7.8378 
26.9457 8.34388 28.6409 11.9963 8.51842 7.77742 7.77742 
25.7069 8.07265 29.9233 12.3811 8.33722 7.78942 7.78942 
25.1372 8.18857 30.3596 12.4189 8.14785 7.87395 7.87395 
25.6049 8.05468 30.3613 12.1501 8.03432 7.89737 7.89737 
23.5053 8.02095 30.5161 14.0623 8.01077 7.9423 7.9423 
23.9639 8.13589 28.9544 15.1169 7.96578 7.93154 7.93154 
24.2197 7.9141 29.8618 14.5515 7.82904 7.81193 7.81193 
24.4861 8.24748 28.4623 15.1965 7.87492 7.86636 7.86636 
23.0678 8.07563 28.4923 16.7048 7.88935 7.88507 7.88507 
24.5936 8.14229 28.985 14.5091 8.04915 7.86045 7.86045 
24.1673 8.02798 29.2407 14.6287 7.98141 7.88706 8.06691 
23.8987 7.95235 30.2025 14.1636 7.92906 7.88188 7.97181 
24.1021 7.96923 29.511 14.5471 7.95759 7.934 7.97896 
24.0302 7.97767 29.3388 14.7388 7.97185 7.96005 7.98254 
22.9579 7.86089 30.326 15.2819 7.85798 7.85208 7.86332 
24.1434 7.87781 29.4722 14.8778 7.87636 7.87341 7.87903 
26.0423 7.98302 29.0743 13.5051 7.79847 7.797 7.79981 
24.9665 8.08708 31.2607 12.2133 7.82415 7.82341 7.82482 
27.1413 7.95233 29.7997 11.6441 7.82087 7.8205 7.8212 
27.6384 7.87447 29.8151 11.2458 7.80874 7.80856 7.80891 
27.0951 7.90275 30.7696 10.6229 7.86989 7.8698 7.86997 
27.1994 8.21759 30.5725 10.4309 7.85986 7.85981 7.8599 
25.0659 8.62007 31.6396 11.0425 7.8773 7.87727 7.87732 
25.8423 8.26687 29.8486 12.3558 7.89548 7.89547 7.89549 
26.4525 8.91891 30.2708 10.6333 7.90814 7.90813 7.90814 
27.0033 8.32943 29.9961 11.199 7.82404 7.82404 7.82404 
26.5525 8.06302 29.2353 12.7182 7.81032 7.81032 7.81033 
26.6691 7.90056 30.3915 11.7162 7.77421 7.77421 7.77421 
25.9185 7.80934 30.2964 12.7373 7.74617 7.74616 7.74617 
25.6404 7.89018 28.1917 14.702 7.85859 7.85859 7.85859 
26.9095 7.89698 28.5288 12.5056 8.39665 7.88118 7.88119 
25.9127 7.98889 30.426 11.9767 8.07038 7.81265 7.81265 
25.7301 7.82656 30.1765 12.9227 7.86731 7.73844 7.73844 
25.2156 7.89735 29.4309 13.8319 7.91772 7.85328 7.85328 
26.6489 7.88703 28.2428 13.4228 8.06845 7.865 7.865 
25.9107 7.90903 29.6387 12.7459 7.99974 7.89802 7.89802 
26.4827 7.89287 30.0591 11.8524 7.93823 7.88736 7.88736 
25.3275 8.91332 29.1024 12.8798 7.94262 7.91719 7.91719 
25.1637 8.62333 29.7686 12.4182 8.13798 7.9441 7.9441 
25.1646 8.28517 28.626 13.9905 8.0425 7.94556 7.94556 
24.9984 8.67279 29.917 12.8678 7.88031 7.83184 7.83184 
26.5131 8.31563 29.3184 12.1432 7.91939 7.89516 7.89516 
26.4433 8.18712 28.9449 13.0313 7.80585 7.79373 7.79373 
23.6868 8.08027 29.4226 15.1535 7.88964 7.88358 7.88358 
22.8844 7.98335 30.1687 15.3055 7.88804 7.88501 7.88501 
23.856 7.95719 28.8775 15.5838 7.90954 7.90802 7.90802 
25.0022 7.86552 28.9264 14.6823 7.84169 7.84094 7.84094 
24.7123 8.05817 29.4797 13.7768 8.21128 7.88086 7.88086 
25.2083 7.90233 28.2962 14.987 7.97888 7.81367 7.81367 
25.4706 7.85996 28.1546 14.9854 7.89823 7.81563 7.81563 
26.0582 9.10239 27.5569 13.7623 7.86761 7.82631 7.82631 
24.4769 9.6017 28.4249 13.7835 8.14256 7.78521 7.78521 
24.4725 9.23347 28.9288 13.8066 7.97199 7.79331 7.79331 
25.4024 8.53523 29.1979 13.3297 7.90449 7.81515 7.81515 
25.9144 9.07242 28.8632 12.6708 7.85615 7.81148 7.81148 
27.6631 8.51545 28.4455 11.6987 7.90731 7.88498 7.88498 
28.3683 8.25133 28.5997 10.9612 7.94727 7.9361 7.9361 
28.3632 8.45403 28.9267 10.7045 7.85423 7.84865 7.84865 
28.4914 8.09907 29.2782 10.7394 7.79917 7.79638 7.79638 
28.9516 8.27747 29.1611 10.333 7.75988 7.75848 7.75848 
27.7111 8.3871 30.9204 9.57824 7.80151 7.80081 7.80081 
27.1006 8.16706 30.5264 10.5838 7.87426 7.87391 7.87391 
26.9459 7.97761 29.7492 11.834 7.83121 7.83104 7.83104 
27.1093 7.86086 28.8477 12.8193 7.78766 7.78757 7.78757 
26.7987 7.79948 26.9238 15.1894 7.76288 7.76283 7.76283 
26.2913 7.90671 28.4445 14.2149 7.71419 7.71417 7.71417 
25.8786 7.83534 28.1974 14.8714 7.73908 7.73907 7.73907 
27.0419 8.19117 27.3466 13.846 7.85815 7.85814 7.85814 
25.5339 8.4787 28.7707 13.7412 7.82518 7.82517 7.82517 
24.8689 8.53872 27.6019 15.3101 7.89348 7.89348 7.89348 
25.1279 8.60372 28.0424 14.7758 7.81671 7.81671 7.81671 
26.1705 8.72809 28.1196 13.4535 7.84278 7.84278 7.84278 
26.3303 8.33756 28.6293 13.0181 7.8949 7.8949 7.8949 
27.7136 8.01493 29.0304 11.8602 7.7936 7.7936 7.7936 
28.0337 8.27576 28.692 11.4179 7.86022 7.86022 7.86022 
28.8316 8.00993 28.8241 10.9278 7.80216 7.80216 7.80216 
28.8198 7.97848 28.4849 11.093 7.87459 7.87459 7.87459 
27.2539 8.8822 29.533 10.5924 7.91283 7.91283 7.91283 
25.842 8.3499 31.0531 10.9965 8.02808 7.86521 7.86521 
26.8554 8.10937 29.6249 11.7278 7.94846 7.86703 7.86703 
26.4861 8.00658 28.73 12.9086 8.09794 7.88541 7.88541 
24.5444 7.94164 30.2897 13.3036 8.15856 7.88106 7.88106 
24.6416 8.15201 31.1727 12.5751 7.91203 7.77328 7.77328 
24.6159 8.66617 29.029 14.1564 7.89044 7.82107 7.82107 
24.2613 8.26894 30.1122 13.7838 7.88108 7.84639 7.84639 
24.1996 8.2724 29.5388 14.3057 7.90606 7.88871 7.88871 
25.7064 8.23456 29.3596 13.0545 7.88746 7.87878 7.87878 
25.3905 7.99788 28.8589 14.2884 7.82432 7.81999 7.81999 
25.7537 7.95083 28.6906 14.0171 7.86405 7.86188 7.86188 
23.9233 8.62658 30.6244 13.0163 8.19559 7.80691 7.80691 
26.2012 8.19678 29.5517 12.4952 7.98129 7.78695 7.78695 
25.984 9.00637 28.1194 13.1494 7.97838 7.88121 7.88121 
25.0473 8.65338 30.2652 12.1083 8.13939 7.89317 7.89317 
23.357 8.70169 30.1326 12.9292 8.44469 8.11325 8.32159 
23.7997 8.2229 30.8912 13.0302 8.0944 7.92868 8.03285 
25.0294 8.06828 30.014 12.8101 8.18389 7.92117 7.97326 
25.2012 7.95205 30.6786 12.0021 8.38299 7.8785 7.90454 
24.3467 7.94428 31.2123 12.509 8.15975 7.9075 7.92052 
25.8097 7.84419 29.5792 13.1568 7.95193 7.82581 7.83232 
26.4234 7.99617 31.2711 10.8377 7.86485 7.80179 7.80505 
27.5419 7.89217 29.81 11.3378 7.82651 7.79498 7.7966 
27.5973 7.8046 30.4999 10.8136 7.77177 7.75601 7.75682 
27.4063 7.858 29.9651 11.2612 7.84158 7.8337 7.83411 
27.5189 7.87637 29.4562 11.5517 7.86816 7.86422 7.86442 
26.3391 8.07831 29.2186 12.4637 8.07421 7.913 7.9131 
24.8015 8.55304 30.0607 12.6555 8.03016 7.94956 7.94961 
23.8872 8.33058 30.5709 13.5913 7.90021 7.85991 7.85994 
25.8499 8.07154 29.8167 12.7331 7.85636 7.83621 7.83622 
26.5757 8.00402 29.3528 12.3983 7.89643 7.88636 7.88636 
25.8291 7.96241 29.3629 13.1298 7.90861 7.90357 7.90358 
26.6966 7.98761 29.1045 12.8149 7.80046 7.79794 7.79794 
26.3776 8.3912 29.2102 12.5964 7.80902 7.80777 7.80777 
26.402 8.0995 28.2688 13.8057 7.80842 7.80779 7.80779 
27.2333 8.2433 27.6828 13.5158 7.77518 7.77486 7.77486 
26.891 8.10395 28.0007 13.395 7.86989 7.86973 7.86973 
27.1872 8.02549 28.4043 12.6578 7.90845 7.90838 7.90838 
26.192 8.1466 27.9817 13.4155 8.08809 8.2849 7.8912 
27.2627 8.73997 27.8242 11.8744 8.21071 8.14245 7.9456 
14 14 14 14 14 14 14 
14.6065 14.6065 18.0548 17.4462 12.3753 10.9554 10.9554 
14.4144 14.5255 19.8052 19.3898 12.4098 9.47769 9.47769 
14.4134 15.245 20.8782 18.8967 12.8568 8.72997 8.72997 
12.7622 15.8401 20.5085 20.6752 13.4886 8.30017 8.30017 
11.9246 16.507 19.8195 20.3376 15.2226 8.06313 8.06313 
11.4293 18.2763 19.4769 19.6221 15.1284 8.0179 8.0179 
10.899 17.0874 20.1071 20.7558 15.2831 7.926 7.926 
10.1764 18.8378 19.7174 20.4619 14.8894 7.9546 7.9546 
9.52278 20.6163 20.5017 19.211 14.2075 7.96843 7.96843 
8.77925 19.0135 21.0768 19.5385 15.8091 7.89046 7.89046 
9.55017 17.6489 20.5154 21.5812 15.0146 7.84431 7.84431 
9.77509 17.9911 20.853 19.9573 15.7216 7.85073 7.85073 
10.2808 18.8832 20.3141 19.5292 15.2765 7.85795 7.85795 
10.1852 18.7465 20.5831 19.1816 15.5979 7.85274 7.85274 
10.0107 17.6871 20.8302 19.7782 15.8786 7.90764 7.90764 
9.27784 18.1969 20.4613 20.7436 15.5605 7.87991 7.87991 
9.21724 18.496 20.833 20.2513 15.3706 7.91586 7.91586 
8.93664 16.879 20.8949 21.5152 15.8858 7.94426 7.94426 
8.35848 18.2793 21.0882 20.483 16.0665 7.86229 7.86229 
8.42236 18.658 19.8331 19.9892 17.4369 7.83023 7.83023 
8.97308 19.9242 18.2499 17.8517 19.3137 7.84369 7.84369 
9.43036 19.9621 17.4395 19.1506 18.3085 7.85443 7.85443 
10.5188 19.6909 18.5412 17.053 18.5293 7.83346 7.83346 
10.373 19.8454 18.5888 16.1401 19.2646 7.894 7.894 
10.4438 19.4306 19.6971 16.5712 18.1334 7.86199 7.86199 
11.4859 18.6638 21.0342 16.4511 16.673 7.84598 7.84598 
11.0794 18.6127 21.77 15.7662 17.0372 7.86731 7.86731 
13.2234 16.656 19.905 17.0145 17.5386 7.8312 7.8312 
12.1411 16.9162 20.5408 17.0955 17.4752 7.9156 7.9156 
11.7012 16.2284 20.2929 18.9081 17.0709 7.89924 7.89924 
12.6902 15.1897 20.5238 19.7135 16.2006 7.84113 7.84113 
11.2763 14.9343 21.9592 18.9164 17.2746 7.81965 7.81965 
10.7493 15.4671 19.9796 19.9026 18.0817 7.90982 7.90982 
10.12 17.6873 21.1009 18.4004 16.9112 7.8901 7.8901 
9.6577 17.2344 20.8953 19.7749 16.7315 7.85309 7.85309 
9.57998 15.7439 20.5155 20.6341 17.7549 7.88582 7.88582 
9.00411 15.8446 20.7361 20.3398 18.2168 7.92924 7.92924 
11.1763 15.8409 19.6441 20.9165 16.5745 7.9239 7.9239 
9.64219 15.6907 19.3941 22.2826 17.1836 7.90339 7.90339 
10.4949 16.5924 20.9264 19.8883 16.3932 7.8524 7.8524 
9.78257 16.5728 21.3475 19.3546 17.1535 7.89446 7.89446 
8.84478 17.8213 20.2087 20.6075 16.7163 7.90072 7.90072 
9.60311 18.5492 19.3814 20.9062 15.7075 7.92626 7.92626 
9.67395 19.5994 18.8555 20.7779 15.2784 7.90745 7.90745 
9.03278 19.0072 19.6841 20.995 15.448 7.91643 7.91643 
9.61843 18.2337 20.7264 19.7946 15.7739 7.92647 7.92647 
10.0201 18.7943 19.0481 20.071 16.1996 7.93346 7.93346 
10.0928 18.9716 20.8716 19.8464 14.4828 7.86744 7.86744 
9.38913 18.8755 20.9992 20.1344 14.7531 7.92433 7.92433 
9.25064 18.5499 22.1818 19.5298 14.6196 7.93413 7.93413 
9.589 18.597 22.8343 20.5397 12.5156 7.96222 7.96222 
10.8551 19.9045 20.6246 19.9435 12.7846 7.94381 7.94381 
10.9957 20.1795 22.3577 19.0627 11.5059 7.94918 7.94918 
10.4857 20.7954 22.7361 18.8987 11.3491 7.86753 7.86753 
10.5254 19.3657 22.9159 20.1373 11.3256 7.86497 7.86497 
10.9558 20.8215 23.0916 19.1033 10.242 7.89288 7.89288 
9.37236 19.5816 24.1086 20.3557 10.8999 7.84091 7.84091 
10.3901 18.65 23.5834 21.5856 10.183 7.80395 7.80395 
10.9961 17.0598 25.1895 21.1519 9.92574 7.9075 7.76938 
11.1744 16.8632 24.189 21.9286 10.0353 7.93926 7.8702 
11.1862 16.5045 23.683 22.8133 10.0958 7.87588 7.84135 
11.3183 14.7408 24.3097 23.6204 10.2642 7.88196 7.86469 
11.832 14.7778 22.7721 23.1682 11.6753 7.8916 7.88296 
12.4816 13.702 23.1285 23.8316 11.1407 7.85994 7.85562 
10.9206 13.8707 23.5101 23.7385 12.2206 7.87086 7.8687 
10.6959 13.349 24.1896 22.9949 13.0475 7.86213 7.86105 
12.3067 12.4735 23.9505 23.2242 12.1938 7.92591 7.92537 
11.3258 12.6407 24.0442 24.1737 12.0082 7.90384 7.90357 
10.7007 14.003 23.1052 23.6738 12.8051 7.8562 7.85607 
11.376 13.5399 22.8347 24.6574 11.7872 7.90246 7.90239 
11.5842 13.1379 23.2098 23.7674 12.6153 7.84274 7.84271 
11.0624 12.2446 22.2806 24.3161 14.4158 7.84029 7.84027 
10.02 13.853 21.7388 24.7516 13.8164 7.91017 7.91016 
10.4668 14.4138 22.4176 24.4316 12.4919 7.88909 7.88909 
9.95979 13.9233 23.8954 24.1561 12.2161 7.92465 7.92464 
10.5505 14.8421 24.7194 22.4041 11.6787 7.90254 7.90254 
10.3577 14.8386 24.8597 22.6032 11.4712 7.93479 7.93479 
10.9836 14.9391 24.699 22.6472 10.8807 7.92518 7.92518 
11.3146 16.7101 22.8558 21.7034 11.6429 7.88664 7.88664 
10.9906 16.355 24.7612 21.9183 10.0881 7.94332 7.94332 
10.6367 15.504 26.1338 22.2702 9.54277 7.95624 7.95624 
11.5346 14.6439 25.0939 22.6216 10.3119 7.89704 7.89704 
11.7897 14.3247 25.8523 23.2156 9.07753 7.87009 7.87009 
12.5878 13.0679 25.2621 23.8125 9.52564 7.87205 7.87205 
13.1432 12.9723 25.6448 23.0021 9.42036 7.90863 7.90863 
13.866 11.6586 25.9523 22.6417 10.0152 7.93309 7.93309 
15.4316 11.6366 25.2991 22.0857 9.68183 7.93255 7.93255 
14.2603 11.9702 26.2621 22.0376 9.68385 7.89298 7.89298 
12.8938 12.037 25.523 23.843 10.0292 7.83698 7.83698 
12.4266 12.3798 24.848 25.2803 9.34032 7.86251 7.86251 
12.3777 12.3543 25.8487 24.558 9.05372 7.90386 7.90386 
12.8201 11.2169 27.9111 23.4196 8.77089 7.93071 7.93071 
12.695 11.4744 28.0617 23.4416 8.57539 7.87597 7.87597 
13.8341 11.2185 27.2661 22.6834 9.36791 7.81499 7.81499 
13.8736 11.1165 27.2563 22.5011 9.61149 7.82054 7.82054 
14.0589 11.5175 27.1456 21.5703 10.0383 7.83469 7.83469 
13.5335 10.9078 26.0389 24.7418 9.08419 7.84688 7.84688 
12.5202 11.3443 26.8551 23.8777 9.61059 7.89604 7.89604 
12.0984 11.0614 27.2 24.5137 9.44601 7.84024 7.84024 
12.448 10.1438 27.5881 25.5009 8.74086 7.78917 7.78917 
13.3858 10.3769 27.7198 24.1563 8.61446 7.87336 7.87336 
12.7976 10.421 28.2494 24.5781 8.23165 7.8611 7.8611 
12.6311 11.7261 26.4477 25.3202 8.08183 7.89656 7.89656 
13.8831 11.4036 25.386 25.6331 7.95983 7.8672 7.8672 
14.1946 11.2573 24.8844 25.9338 8.14658 7.79162 7.79162 
14.3623 10.8993 25.5476 25.3601 8.0619 7.88442 7.88442 
14.5125 10.5816 25.2371 25.8765 7.98989 7.90115 7.90115 
14.0409 12.223 26.4829 23.4102 7.97725 7.93288 7.93288 
12.7691 11.5928 25.942 25.0741 8.93515 7.84344 7.84344 
13.286 11.7119 27.7597 23.1004 8.41124 7.86538 7.86538 
12.7858 12.1417 26.4513 23.2645 9.49133 7.93269 7.93269 
13.7775 11.4554 26.4564 23.6323 8.74567 7.96635 7.96635 
13.1018 10.6094 26.246 24.3901 9.69828 7.97726 7.97726 
12.7814 11.2237 27.2974 23.7215 9.21051 7.88271 7.88271 
12.6791 10.8266 27.1456 24.4374 9.05311 7.92908 7.92908 
14.2343 10.6764 27.1951 23.8286 8.39652 7.83451 7.83451 
14.4525 10.8771 26.6215 23.8904 8.53958 7.80947 7.80947 
15.6927 9.91142 27.3683 22.9675 8.2634 7.89835 7.89835 
14.464 10.5439 26.9194 23.9838 8.24935 7.91976 7.91976 
13.5011 9.55332 27.2212 25.2946 8.55892 7.93542 7.93542 
15.5384 8.71605 26.4894 25.2231 8.21886 7.9071 7.9071 
14.9121 9.06927 26.3146 25.8334 8.0608 7.90492 7.90492 
15.0228 9.57915 27.9941 23.4508 8.33307 7.81003 7.81003 
16.2806 8.78957 29.2278 21.7254 8.16653 7.90501 7.90501 
15.8935 8.35048 29.1709 22.5716 8.19719 7.9082 7.9082 
17.1183 9.35276 27.4553 22.0846 8.09268 7.94818 7.94818 
18.1371 9.05949 27.5263 21.5942 7.94244 7.8702 7.8702 
17.1278 8.64159 26.7566 23.7905 7.91859 7.88247 7.88247 
17.9197 8.30852 27.182 22.7848 7.94703 7.92896 7.92896 
18.7043 8.30762 27.4888 21.6161 7.96712 7.95809 7.95809 
19.07 8.0723 28.7914 20.3692 7.90206 7.89754 7.89754 
21.0237 7.91965 28.3116 19.2461 7.83452 7.83227 7.83227 
23.3783 7.86862 28.3252 16.952 7.82606 7.82493 7.82493 
23.71 7.76706 28.2741 17.0126 7.74578 7.74522 7.74522 
25.4914 8.24717 27.7734 14.8699 7.87289 7.87261 7.87261 
26.0909 8.74992 27.7657 13.8407 7.85104 7.85089 7.85089 
26.0137 8.69773 27.8598 13.9808 7.81601 7.81594 7.81594 
23.934 8.81906 28.665 14.9374 7.88151 7.88148 7.88148 
22.5589 8.30361 28.3512 17.2818 7.83484 7.83482 7.83482 
24.4374 8.02177 29.0363 14.6781 8.25178 7.78738 7.78738 
23.7688 7.96226 28.9558 14.7858 8.83714 7.84506 7.84506 
23.7966 8.2131 29.6817 14.2895 8.33706 7.84102 7.84102 
24.7601 7.96507 28.828 14.8618 8.02705 7.77903 7.77903 
26.4605 7.86185 29.3565 12.8907 7.89284 7.76883 7.76883 
25.8141 7.78998 30.4501 12.4856 7.97326 7.74347 7.74347 
26.8753 7.86325 28.5584 12.9095 8.11362 7.83999 7.83999 
26.0979 7.77778 29.183 13.506 7.90296 7.76615 7.76615 
26.0627 7.99848 30.3449 12.0612 7.88984 7.82143 7.82143 
27.4609 7.8583 29.7698 11.5675 7.80398 7.76978 7.76978 
28.0391 8.43076 28.5505 11.5715 7.92128 7.74341 7.74341 
26.9714 8.13104 29.7873 11.6593 7.8763 7.78737 7.78737 
26.3533 8.47729 27.9451 12.9988 8.71756 7.75398 7.75398 
25.1838 8.1813 30.46 11.6965 8.83907 7.81964 7.81964 
24.7458 8.09065 30.1531 12.7713 8.41953 7.90982 7.90982 
25.3954 8.38616 29.3852 13.1381 8.06829 7.81343 7.81343 
24.9873 8.06513 29.1707 14.3131 7.9062 7.77877 7.77877 
24.18 8.02665 29.822 14.2572 7.94718 7.88347 7.88347 
25.8655 7.92489 29.1967 13.4211 7.88516 7.8533 7.8533 
26.0802 8.14571 30.7338 11.093 8.12584 7.91071 7.91071 
25.5876 9.01582 29.2452 12.0104 8.24543 7.94775 7.94775 
24.5675 8.48345 29.4544 13.4975 8.09825 7.94941 7.94941 
25.6984 8.20514 27.5321 14.6756 8.01254 7.93812 7.93812 
25.1654 7.96286 30.1263 13.0363 8.05039 7.82935 7.82935 
24.7233 8.61402 30.0791 12.7482 8.0188 7.90829 7.90829 
24.7742 8.15316 31.2983 12.3182 7.85556 7.8003 7.8003 
25.0414 7.93461 29.3837 14.3381 7.7858 7.75817 7.75817 
26.6273 7.8858 29.4254 12.6549 7.8114 7.79758 7.79758 
24.5269 8.53849 29.6024 14.0481 7.76599 7.75909 7.75909 
23.9822 8.37081 31.5981 12.2975 7.98456 7.98111 7.78579 
23.2968 8.16629 32.3595 12.3589 7.97317 7.97144 7.87379 
24.6987 8.01397 30.1735 13.4122 7.9174 7.91654 7.86771 
25.0529 7.91578 28.7675 14.6865 7.8675 7.86706 7.84265 
24.5894 8.50334 29.5936 13.9866 7.7799 7.77969 7.76748 
23.8089 8.35262 31.0428 13.3025 7.83317 7.83306 7.82696 
25.5548 8.16404 28.5582 14.0132 7.90431 7.90426 7.90121 
25.2335 8.29255 29.5423 13.4978 7.81181 7.81178 7.81025 
25.3587 8.6624 29.9324 12.7167 7.77687 7.77686 7.77609 
25.8281 8.31044 28.9801 13.2787 7.86767 7.86767 7.86729 
26.0093 8.06678 30.3064 12.0815 7.8454 7.8454 7.84521 
27.7739 8.03339 29.1532 11.2715 7.9227 7.9227 7.9226 
27.6158 7.915 28.8139 12.0764 7.85966 7.85965 7.85961 
27.8704 7.95056 29.6847 10.7257 7.92288 7.92288 7.92286 
26.886 7.9097 30.2522 11.2645 7.89587 7.89587 7.89586 
26.272 7.90222 31.409 10.7309 7.8953 7.8953 7.8953 
26.3373 7.91151 30.2259 11.8011 7.90805 7.90805 7.90804 
27.5847 7.78787 30.4414 10.8276 7.78614 7.78614 7.78614 
27.1794 7.92619 30.7046 10.5751 8.08662 7.76404 7.76404 
25.7971 7.80925 31.573 11.4748 7.88946 7.72817 7.72817 
25.5675 7.78976 31.1581 12.1563 7.82987 7.74922 7.74922 
25.8062 8.23572 30.6916 12.0267 7.77345 7.73313 7.73313 
25.0482 8.06108 30.33 13.1112 7.82994 7.80978 7.80978 
26.3951 7.90151 28.5521 13.8136 7.78594 7.77586 7.77586 
24.8911 8.58785 30.0019 12.7536 7.92523 7.92019 7.92019 
23.8092 9.44544 28.9403 14.1041 7.90201 7.89949 7.89949 
25.3374 8.8272 30.1418 12.0893 7.86891 7.86765 7.86765 
25.899 8.53731 29.5039 12.4021 7.88635 7.88572 7.88572 
25.4124 8.57133 28.9953 13.6194 7.80074 7.80043 7.80043 
24.8385 8.32978 30.4903 12.8759 7.94449 7.76051 7.76051 
24.959 8.13314 28.8959 14.3745 7.9405 7.84851 7.84851 
24.9009 7.99739 28.5989 14.8916 7.90107 7.85507 7.85507 
26.4441 8.55844 29.0793 11.5339 8.66751 7.85835 7.85835 
26.5327 8.37478 29.7274 11.057 8.59997 7.85409 7.85409 
27.6476 8.03355 29.4122 11.2141 8.14614 7.7732 7.7732 
29.1747 7.96414 28.3026 10.8702 8.02044 7.83397 7.83397 
28.0554 7.85412 28.9661 11.6641 7.88227 7.78904 7.78904 
27.6484 8.06499 29.4831 11.1769 7.90665 7.86004 7.86004 
27.6678 7.94129 29.2366 11.6145 7.86212 7.83881 7.83881 
26.4882 8.13731 28.9702 13.0603 7.78909 7.77743 7.77743 
27.3066 8.06171 28.2004 12.6066 8.06121 7.88177 7.88177 
26.1101 8.35612 30.5362 10.6285 8.52887 7.92012 7.92012 
26.5824 8.11641 31.0215 9.93756 8.54526 7.89842 7.89842 
26.1484 8.16535 31.7608 9.96878 8.2012 7.87778 7.87778 
25.7778 8.48007 29.8869 12.1505 8.0094 7.84769 7.84769 
25.5029 8.79931 29.5331 12.4582 7.95607 7.87521 7.87521 
26.6028 8.79154 28.9557 12.1413 7.86317 7.82274 7.82274 
28.0633 8.36403 28.4461 11.4675 7.89984 7.87962 7.87962 
28.7286 9.18201 27.7079 10.7337 7.88931 7.87921 7.87921 
26.5736 9.04837 29.9392 10.5994 8.20822 7.81557 7.81557 
26.4362 8.42029 28.7683 12.7672 8.00022 7.80389 7.80389 
24.7197 8.20375 28.1222 15.0098 8.15346 7.89556 7.89556 
24.8178 8.31063 30.7278 12.5554 7.94878 7.81983 7.81983 
26.4291 8.04045 29.5531 12.5277 7.85953 7.79505 7.79505 
26.6897 7.92093 29.1382 12.2922 8.36239 7.79823 7.79823 
25.5473 7.82951 29.3013 13.7354 8.05024 7.76816 7.76816 
25.763 7.82935 27.9958 14.6969 8.11765 7.79867 7.79867 
26.2495 7.90773 28.5812 13.4248 8.05188 7.89239 7.89239 
26.7611 7.89326 28.6846 12.9245 7.96533 7.88559 7.88559 
26.3435 7.98703 30.5039 11.5128 8.02307 7.81485 7.81485 
28.2595 7.85317 29.6379 10.8441 7.87118 7.76707 7.76707 
27.2016 7.84815 29.198 12.2848 7.85716 7.80511 7.80511 
27.3763 7.83564 29.7351 11.5846 7.84015 7.81412 7.81412 
27.4691 7.98142 29.5318 11.6227 7.807 7.79398 7.79398 
26.4586 7.93336 29.9989 12.0837 7.84615 7.83964 7.83964 
25.9681 8.58452 29.8084 11.9336 7.90397 7.90071 7.90071 
27.6337 8.27315 29.5539 10.7439 7.93288 7.93125 7.93125 
27.1373 8.38368 29.2557 11.7426 7.82744 7.82663 7.82663 
27.3912 8.11675 30.1569 10.6495 8.00928 7.83823 7.83823 
26.6208 7.96994 32.2553 9.57643 7.91621 7.83068 7.83068 
27.5961 7.95322 29.6197 11.1374 7.92636 7.88359 7.88359 
27.7374 7.91601 28.4462 12.2354 7.90257 7.88119 7.88119 
25.0675 8.05895 30.3114 12.9 7.8945 7.88381 7.88381 
26.9538 7.94797 28.3219 13.1898 7.86575 7.8604 7.8604 
27.3867 8.29729 29.7624 10.9182 7.88024 7.87757 7.87757 
26.8432 8.42999 31.5479 9.43465 7.91566 7.91432 7.91432 
28.3422 8.34198 30.5358 9.00304 7.92608 7.92541 7.92541 
28.1898 8.06507 29.2866 10.8878 7.85712 7.85679 7.85679 
29.3346 7.97089 29.3693 9.55349 8.03815 7.86675 7.86675 
29.2304 7.86894 29.7332 9.63112 7.90257 7.81687 7.81687 
27.9349 8.23775 30.2355 9.52867 8.04965 8.0068 8.0068 
28.5185 8.45324 29.8236 9.5631 7.89479 7.87337 7.87337 
25.6723 8.21213 32.6654 9.67285 7.9329 7.92219 7.92219 
26.7537 8.05795 30.9375 10.5065 7.91834 7.91299 7.91299 
26.0977 7.9159 31.0165 11.437 7.8461 7.84342 7.84342 
27.2444 8.37436 29.5461 11.239 7.86627 7.86493 7.86493 
26.881 8.34053 28.8306 12.169 7.92674 7.92607 7.92607 
25.1193 8.00238 31.751 11.7414 7.79549 7.79515 7.79515 
27.2827 7.93705 29.2866 11.9932 7.8336 7.83344 7.83344 
27.9511 7.84058 29.6265 11.2154 7.78886 7.78877 7.78877 
28.1879 7.85865 30.053 10.4022 7.83278 7.83274 7.83274 
28.3582 7.83323 31.2427 9.10502 7.8203 7.82028 7.82028 
28.6406 7.91661 30.6983 9.01405 7.91015 7.91014 7.91014 
28.5618 7.82828 29.5906 10.5442 7.82504 7.82504 7.82504 
28.0133 7.78738 28.7038 12.1383 7.78576 7.78576 7.78576 
28.0843 7.77718 28.4296 12.3798 7.77638 7.77637 7.77637 
22.5243 8.57609 32.2951 11.3238 8.57569 8.35247 8.35247 
22.7753 8.23541 30.9502 13.5567 8.23521 8.1236 8.1236 
14 14 14 14 14 14 14 
17.1677 12.7652 14.8616 16.0147 16.2243 10.9832 10.9832 
16.9374 14.615 15.7843 17.3294 15.8603 9.48677 9.48677 
14.8084 15.4415 18.4185 18.8321 14.868 8.69075 8.69075 
13.7247 15.3957 20.6088 18.6712 14.8832 8.29572 8.29572 
12.0467 14.9559 20.3274 19.013 17.4646 8.06491 8.06491 
11.7593 14.8373 20.7698 19.355 17.3903 7.92856 7.92856 
11.7936 16.1283 18.772 19.3549 18.05 7.94277 7.94277 
10.7611 17.2271 17.8702 18.7272 19.5454 7.93066 7.93066 
10.4942 15.2044 18.1396 19.4773 20.7954 7.9426 7.9426 
9.77145 16.5349 18.0025 20.1795 19.6784 7.91562 7.91562 
9.79644 16.5264 18.3763 19.4647 20.1071 7.86406 7.86406 
9.75149 18.3083 18.7818 18.6488 18.7443 7.88237 7.88237 
9.58839 18.8093 19.9656 17.4853 18.4526 7.84923 7.84923 
10.4264 18.9449 20.4426 16.6737 17.847 7.83266 7.83266 
11.2457 18.4052 20.6621 16.5735 17.3922 7.86065 7.86065 
10.5092 19.0889 20.672 17.9458 15.9688 7.9076 7.9076 
11.3606 17.3786 22.3176 18.4199 14.7816 7.87085 7.87085 
10.9251 16.4981 21.5317 19.4664 15.7824 7.89813 7.89813 
10.8325 16.7216 21.3864 19.7571 15.5284 7.88701 7.88701 
9.46715 17.0414 20.7626 21.6841 15.2874 7.87869 7.87869 
10.0331 16.9308 20.4044 22.0172 14.9018 7.8564 7.8564 
9.67565 17.2154 20.0885 21.1222 16.0872 7.90547 7.90547 
9.45676 16.4599 21.7071 21.762 14.8566 7.87883 7.87883 
9.47897 17.8499 21.6611 21.4511 13.8416 7.85866 7.85866 
10.2694 16.7591 21.7753 21.7855 13.718 7.84638 7.84638 
10.3853 15.6588 21.6275 23.4226 13.1836 7.86114 7.86114 
9.31165 16.6394 23.1707 22.9241 12.3126 7.82073 7.82073 
9.53387 17.9539 21.5854 22.6816 12.6197 7.8128 7.8128 
9.50627 15.9675 22.7595 24.137 11.9971 7.81635 7.81635 
9.59185 15.5874 22.9005 24.9717 11.2981 7.82523 7.82523 
9.07146 17.5324 24.0393 23.0559 10.6372 7.83185 7.83185 
8.89353 17.2525 23.0288 24.716 10.4791 7.81501 7.81501 
9.23145 18.7937 22.3996 23.602 10.2635 7.85487 7.85487 
9.10881 16.3093 23.2966 23.3218 12.2746 7.84449 7.84449 
9.51895 15.365 24.5324 23.363 11.5747 7.82295 7.82295 
9.3913 14.3334 26.3992 23.0829 11.1317 7.83072 7.83072 
9.33366 13.3884 26.0955 24.3243 11.1089 7.87463 7.87463 
9.70369 13.9424 24.5957 24.2014 11.8198 7.86852 7.86852 
9.56199 15.5461 23.2882 24.0572 11.707 7.91977 7.91977 
9.05653 14.4239 25.302 24.1426 11.3167 7.87912 7.87912 
9.81082 14.0915 26.0417 23.9878 10.3266 7.87077 7.87077 
9.80051 14.505 24.3262 25.2806 10.2915 7.89809 7.89809 
10.1314 13.8218 25.4234 25.1707 9.76863 7.84199 7.84199 
10.1259 13.176 25.8443 24.6336 10.4265 7.8969 7.8969 
11.5422 13.923 22.9466 24.175 11.6925 7.86043 7.86043 
10.2046 15.5822 22.6802 22.9249 12.8659 7.8711 7.8711 
9.79337 16.6012 20.9511 22.6753 14.3277 7.82571 7.82571 
9.36528 16.1508 21.3451 21.4826 15.8595 7.89836 7.89836 
10.0526 16.6673 20.4578 21.4811 15.567 7.88713 7.88713 
9.85302 15.6356 21.4913 20.394 16.8181 7.90396 7.90396 
10.6304 15.8275 22.3961 18.6922 16.7829 7.83548 7.83548 
11.4221 14.784 22.394 20.6692 15.0072 7.86176 7.86176 
10.1607 15.2374 21.6185 21.81 15.349 7.91214 7.91214 
10.6359 17.7422 19.5747 21.2754 14.9585 7.90669 7.90669 
10.3425 18.5525 19.8364 19.9514 15.5675 7.87491 7.87491 
11.1118 16.702 21.4281 19.1341 15.8283 7.89785 7.89785 
12.2055 15.5121 21.0721 20.5645 14.8195 7.91312 7.91312 
11.6847 15.5945 21.5812 21.9212 13.4668 7.8758 7.8758 
11.2969 14.8103 22.8685 21.9996 13.3568 7.834 7.834 
11.5695 16.8788 22.2237 21.2629 12.3363 7.86437 7.86437 
11.8642 16.7521 22.154 21.6737 11.7513 7.90241 7.90241 
10.1093 17.8697 22.7226 21.09 12.4579 7.87525 7.87525 
10.5816 17.9323 21.2585 19.7995 14.5837 7.9222 7.9222 
10.9174 18.0454 21.4988 19.6184 14.0693 7.9253 7.9253 
10.8337 17.8977 21.1244 22.0592 12.1597 7.96265 7.96265 
10.6331 16.7097 23.921 21.7166 11.1689 7.92534 7.92534 
10.458 16.8381 22.3718 22.555 11.8826 7.94725 7.94725 
10.4992 16.5272 21.9967 23.4396 11.7521 7.89254 7.89254 
10.0177 16.2533 22.3386 23.9621 11.5462 7.94112 7.94112 
9.98332 16.545 23.1591 22.6953 11.768 7.92464 7.92464 
9.78441 16.1741 25.1806 23.1352 10.0291 7.84833 7.84833 
10.8762 15.5338 24.4254 23.5357 9.80177 7.91353 7.91353 
10.1473 15.1076 25.6476 24.0947 9.33302 7.83488 7.83488 
10.734 14.2924 25.4923 24.4463 9.38349 7.8258 7.8258 
10.1818 15.6647 24.3511 24.1984 9.87693 7.86352 7.86352 
10.226 15.8053 23.7972 25.3425 9.12765 7.85068 7.85068 
11.3464 14.1361 23.9675 25.0055 9.73624 7.90412 7.90412 
11.4998 14.2496 24.7209 24.9689 8.79766 7.8816 7.8816 
12.4642 13.4105 25.5033 23.913 8.8274 7.9408 7.9408 
12.4644 12.7959 25.3579 24.1378 9.37121 7.93641 7.93641 
13.1531 12.7539 24.2609 23.3683 10.6178 7.923 7.923 
12.4821 13.4636 25.1226 23.6264 9.50838 7.89851 7.89851 
13.8253 12.2093 26.1849 22.7683 9.24857 7.88184 7.88184 
14.7584 12.3547 27.4541 20.9586 8.61365 7.93028 7.93028 
15.0181 12.0107 27.1993 21.5904 8.47349 7.85403 7.85403 
16.3488 11.5302 27.4118 21.0162 8.10415 7.79442 7.79442 
16.0448 11.012 27.4405 21.4649 8.52738 7.75523 7.75523 
15.9611 10.6592 28.9013 20.2032 8.72052 7.77734 7.77734 
15.6077 9.99062 28.9987 20.6948 9.02127 7.84347 7.84347 
18.4746 10.4831 26.2371 20.1035 8.93137 7.88515 7.88515 
19.4092 9.68282 28.1615 18.2179 8.90695 7.81077 7.81077 
18.4942 9.30827 29.7868 18.3309 8.48805 7.79587 7.79587 
20.1801 9.46463 28.1587 18.3491 8.17989 7.8338 7.8338 
19.8823 9.48009 28.9162 18.225 7.94751 7.77447 7.77447 
20.2314 10.0171 27.6507 17.16 9.2508 7.84502 7.84502 
19.9371 9.0264 28.5575 18.4014 8.49445 7.79156 7.79156 
19.5532 9.30553 28.8155 17.5074 9.03956 7.88939 7.88939 
20.6397 8.52181 29.1399 17.6823 8.38883 7.81374 7.81374 
18.402 10.1513 29.9124 17.3343 8.44099 7.87947 7.87947 
18.3753 9.50991 28.8706 19.2176 8.19603 7.91527 7.91527 
17.7171 10.1961 26.7882 21.3735 8.0686 7.92822 7.92822 
15.8556 9.1797 27.8256 23.369 7.97016 7.89997 7.89997 
14.5432 9.20523 26.682 25.5306 8.13893 7.94999 7.94999 
14.4145 9.16189 27.0188 25.5313 8.02083 7.92636 7.92636 
14.21 8.64257 28.4954 24.9505 7.93198 7.88475 7.88475 
14.9032 9.36716 28.315 23.6373 7.94153 7.91791 7.91791 
16.6107 9.48838 28.2716 21.8787 8.02482 7.86286 7.86286 
17.3244 9.96571 28.2181 20.2748 8.44279 7.88713 7.88713 
17.869 10.3653 27.5651 20.1941 8.1874 7.90957 7.90957 
18.149 9.11014 28.4351 20.52 8.02119 7.88228 7.88228 
18.983 9.28068 27.6322 20.321 7.97401 7.90455 7.90455 
18.7669 8.84324 28.5987 19.7257 8.33483 7.86532 7.86532 
17.5625 8.74261 29.8858 20.048 8.17976 7.79068 7.79068 
16.7224 8.63601 29.3547 21.2005 8.35459 7.86593 7.86593 
18.1245 8.60795 28.4347 20.8073 8.17138 7.92705 7.92705 
18.6077 8.69791 29.5204 19.3431 8.02508 7.90292 7.90292 
20.3985 8.49097 27.1862 20.0266 8.00662 7.94554 7.94554 
22.6206 8.33353 28.5302 16.7743 7.93413 7.90359 7.90359 
22.4868 8.43147 28.2357 17.0636 7.93765 7.92238 7.92238 
24.6738 9.07011 27.5483 15.0043 8.01413 7.84469 7.84469 
26.1734 9.25203 27.4534 13.477 7.93788 7.85316 7.85316 
22.6675 10.0152 28.9962 14.2235 8.45996 7.8188 7.8188 
22.6545 8.93844 28.649 15.4451 8.6325 7.84022 7.84022 
23.9502 8.73151 29.4065 13.9521 8.25067 7.85453 7.85453 
25.2373 8.78649 28.1179 13.9882 8.08875 7.89068 7.89068 
24.8336 8.30204 29.5312 13.6716 7.95317 7.85414 7.85414 
24.1618 8.51344 28.524 15.3929 7.83565 7.78613 7.78613 
23.6194 8.10287 29.8138 15.2215 7.76398 7.73922 7.73922 
22.2198 8.15238 29.418 16.4436 8.14066 7.81283 7.81283 
23.15 9.09291 28.2541 15.7469 8.25093 7.75257 7.75257 
23.5447 8.48585 29.5816 14.6916 8.06486 7.81568 7.81568 
23.5371 8.65469 27.4379 16.6105 8.00302 7.87843 7.87843 
22.4828 8.23891 28.6849 16.6386 8.25321 7.85078 7.85078 
23.6193 8.02825 28.6747 15.974 8.0354 7.83418 7.83418 
23.8786 8.2461 29.0709 15.197 7.9362 7.83559 7.83559 
23.2396 9.38621 28.4673 15.3385 7.99287 7.78776 7.78776 
22.7499 8.63146 28.9597 16.0596 7.93479 7.83224 7.83224 
21.7845 8.75259 28.1317 17.5861 8.06296 7.84103 7.84103 
21.5506 8.60827 27.5455 18.6677 7.94997 7.83901 7.83901 
22.3424 8.22205 29.8175 15.8637 8.07946 7.83742 7.83742 
23.8379 8.11102 28.5754 15.5985 8.03973 7.91871 7.91871 
24.3083 8.1853 28.0045 15.6164 8.00217 7.94165 7.94165 
24.9569 8.07189 28.1891 14.9016 7.98032 7.95007 7.95007 
25.4477 7.96086 28.941 13.9354 7.91508 7.89995 7.89995 
25.9497 8.01269 29.7931 12.7742 7.82851 7.82094 7.82094 
27.9586 7.91514 30.0431 10.6216 7.82305 7.81927 7.81927 
28.3374 7.8427 29.5486 10.8851 7.79666 7.79477 7.79477 
26.7162 7.91375 29.7933 11.9064 7.89072 7.88978 7.88978 
25.4572 7.89273 30.7859 12.2214 7.88122 7.88075 7.88075 
27.0609 8.18089 29.5623 11.6482 7.84941 7.84917 7.84917 
25.905 7.9366 28.6608 14.1853 7.77086 7.77074 7.77074 
24.7759 8.09935 28.5754 14.9274 7.87403 7.87397 7.87397 
26.395 7.95039 29.5359 12.6055 7.83773 7.8377 7.8377 
25.4009 7.8735 30.1917 13.0824 7.81717 7.81715 7.81715 
25.5985 8.23611 28.3124 14.1845 7.88948 7.88947 7.88947 
25.5544 8.19969 28.9521 13.7249 7.8563 7.8563 7.8563 
26.4925 8.0929 28.7122 12.9388 7.92121 7.9212 7.9212 
26.8505 7.93338 29.3738 12.2998 7.84753 7.84753 7.84753 
26.2693 8.24803 30.2832 11.5016 7.8993 7.8993 7.8993 
27.1697 8.1591 30.2293 11.014 7.8093 7.8093 7.8093 
27.5064 8.1972 29.6245 10.2129 8.61053 8.0223 7.82622 
26.0049 8.5688 31.203 9.57663 8.77546 7.98466 7.88662 
27.3106 8.21522 29.1235 11.2349 8.31855 7.92315 7.87413 
28.3612 8.02918 28.614 11.173 8.08084 7.88314 7.85863 
28.7824 7.99689 28.1713 11.1912 8.02272 7.92387 7.91162 
29.0877 7.99205 27.5042 11.5061 8.00497 7.95555 7.94942 
28.9848 7.87802 27.7273 11.809 7.88447 7.85976 7.8567 
29.2651 7.83511 27.987 11.424 7.83834 7.82598 7.82445 
26.3102 8.68729 30.1119 11.1396 8.03101 7.86036 7.85959 
23.5238 9.64319 30.2633 10.8693 8.6238 8.53848 8.53809 
24.6295 8.86571 27.8155 14.2582 8.17219 8.12953 8.12934 
24.2353 8.73749 27.4839 15.4072 8.05961 8.03828 8.03818 
26.5216 8.34226 26.6559 14.4917 8.00331 7.99265 7.9926 
27.1097 8.30782 28.7956 11.9221 7.95849 7.95316 7.95313 
28.3697 8.01193 29.8299 10.282 7.83727 7.8346 7.83459 
28.2874 8.49315 29.0175 9.6282 8.19214 8.19081 8.1908 
24.7873 9.44459 28.1226 10.5072 9.04656 9.0459 9.0459 
