5 80000 300 266
20 20 20 20 20 
19.6631 22.0567 18.6879 17.4468 22.1454 
18.6102 21.0475 21.6531 19.0287 19.6605 
16.2896 20.2798 24.3521 19.9357 19.1429 
16.4412 20.9806 26.5566 19.5917 16.4298 
13.9126 21.9858 27.3408 20.1753 16.5855 
12.8773 22.2868 29.4599 20.9429 14.4331 
13.1954 22.292 30.8335 19.4805 14.1985 
13.2419 19.4794 33.3222 19.4249 14.5317 
13.7814 17.7644 33.6981 21.5643 13.1918 
14.3375 18.2202 32.2155 22.7207 12.5061 
13.4919 17.8923 32.8525 24.5922 11.1711 
14.3469 17.616 32.9346 24.4101 10.6924 
14.1179 18.4145 33.1339 23.7791 10.5545 
14.0704 18.0578 34.1532 23.4988 10.2198 
14.8323 17.321 34.032 23.1355 10.6792 
13.7542 17.9328 33.4479 24.5959 10.2692 
13.7866 17.2579 34.9401 23.9814 10.0341 
14.1268 18.5274 32.9523 24.4272 9.96628 
13.2406 16.2567 34.1917 26.0831 10.2279 
13.2529 16.6743 33.9326 25.5415 10.5986 
13.8746 15.0939 33.7968 26.8985 10.3362 
13.3446 13.8399 35.5483 26.3783 10.8889 
14.3078 14.1859 35.6313 25.5044 10.3706 
14.038 15.5471 34.12 25.3126 10.9824 
13.5005 17.9587 32.5693 25.3878 10.5838 
12.7743 18.4974 33.875 24.6216 10.2317 
12.2551 17.5617 33.9302 25.636 10.617 
12.2935 17.5252 33.6691 26.1588 10.3534 
12.5323 15.871 34.7864 26.6939 10.1164 
13.0091 15.8236 33.6782 27.3418 10.1473 
13.3624 15.7671 34.4201 26.0151 10.4352 
15.0344 15.4015 33.3199 25.6567 10.5875 
14.1511 15.1946 31.5248 28.5532 10.5763 
13.3256 16.1757 33.0418 26.8991 10.5578 
14.3 16.6797 31.676 26.8147 10.5295 
13.729 17.67 31.6275 26.326 10.6475 
13.353 21.0487 30.3176 24.3589 10.9217 
13.5058 20.7683 31.6222 23.6429 10.4609 
11.7274 20.9709 32.1376 24.9592 10.2049 
11.917 19.3232 32.0494 26.4021 10.3083 
10.9077 17.7834 33.4105 27.2874 10.611 
10.3761 16.9228 32.7674 29.1877 10.7459 
10.4237 17.6237 31.8287 29.7771 10.3468 
10.2118 17.6869 33.0394 28.8886 10.1734 
10.3298 16.5549 33.1864 29.2453 10.6837 
10.1394 15.2927 34.0677 29.6737 10.8265 
10.0202 14.2058 34.2368 31.0497 10.4875 
10.8543 14.3756 34.1314 30.4599 10.1788 
12.6073 15.0207 31.6871 30.6347 10.0503 
12.7469 14.598 32.725 30.0081 9.92203 
13.0918 13.3713 33.8044 29.8619 9.87058 
12.2711 13.8104 34.0778 29.9437 9.89712 
12.737 13.7511 34.276 29.0305 10.2053 
12.4053 14.8808 32.6236 30.0008 10.0895 
12.8693 15.1737 32.3118 29.6671 9.97809 
12.8779 15.19 32.6507 29.3954 9.88595 
12.4492 15.907 33.333 28.3806 9.93019 
12.6076 16.1982 32.358 28.8179 10.0183 
12.314 15.8996 33.3146 28.4755 9.99636 
11.0688 17.3956 32.1485 29.3511 10.036 
11.8669 17.1411 32.6969 28.3959 9.89925 
11.2244 17.433 33.1474 28.3514 9.8438 
11.7503 17.0285 33.0699 28.2422 9.90911 
10.888 14.8125 34.6583 29.8023 9.83888 
11.4492 13.2809 35.3448 30.0448 9.88027 
11.9044 14.0843 33.6837 30.4718 9.85587 
11.6703 15.1538 32.7993 30.5285 9.84815 
11.6775 14.778 32.8399 30.4816 10.223 
11.2151 14.1094 33.0866 31.5043 10.0846 
10.5391 13.904 32.5707 33.0124 9.97381 
11.6554 15.2401 31.9103 31.316 9.87821 
12.2417 13.5967 35.1972 29.0691 9.89537 
13.8795 13.4075 33.9779 28.9024 9.83274 
14.4606 14.0854 34.3984 27.2645 9.79102 
14.0359 15.0983 32.1992 28.7712 9.89551 
14.7314 14.5739 33.0418 27.7465 9.90643 
14.0139 15.0432 32.4489 28.5547 9.93937 
14.9166 13.7363 32.0436 29.3903 9.91319 
14.8657 12.851 32.1187 30.2222 9.94235 
13.7003 12.4144 32.7724 31.2671 9.84583 
14.1358 12.35 32.9576 30.6336 9.92291 
13.7251 11.6991 33.476 31.1808 9.91896 
14.3988 12.0814 32.1003 31.5324 9.88702 
14.6642 12.0971 32.9516 30.4141 9.87309 
13.9889 11.9657 33.4876 30.5917 9.96613 
12.9711 12.3968 34.3823 29.7273 10.5224 
12.4856 12.7698 34.7626 29.7208 10.2612 
12.9763 12.4021 34.0002 30.6197 10.0017 
12.702 12.2704 34.9192 30.1942 9.91413 
12.656 12.7335 34.1751 30.493 9.9424 
12.7383 11.9223 33.6118 31.7707 9.95696 
13.8836 12.3195 33.5689 30.3362 9.89177 
15.5572 12.4675 32.4768 29.6297 9.86896 
15.2709 12.197 33.0579 29.6466 9.82745 
15.0254 12.0734 33.5101 29.6032 9.78794 
15.846 11.8543 33.2645 29.267 9.76818 
14.0392 12.655 32.5344 30.9944 9.77706 
13.2506 11.6466 33.5924 31.7586 9.75175 
12.7792 11.3618 34.7962 31.2639 9.79895 
11.6926 13.5597 32.3981 32.4501 9.89948 
12.612 13.3805 33.5258 30.5815 9.90023 
12.9236 12.4255 34.8511 29.8496 9.95012 
13.918 12.3531 34.3846 29.3985 9.94582 
12.6165 12.7515 35.2351 29.531 9.86588 
13.68 12.6257 34.765 29.0283 9.90089 
14.5571 11.2968 33.4597 30.7521 9.93437 
14.9362 11.0538 32.4956 31.5923 9.92214 
15.3459 10.8324 33.4504 30.4264 9.94499 
16.2538 10.3667 33.3919 30.0647 9.92299 
17.2909 10.1673 32.7731 29.8233 9.94542 
17.4417 10.0219 34.9051 27.7203 9.91098 
17.8118 10.92 33.5131 27.7995 9.95549 
17.7583 11.0338 32.6582 28.6539 9.89578 
17.4121 10.457 34.2932 27.9497 9.88801 
17.4858 10.1392 35.3014 27.2189 9.85472 
20.1492 10.0696 33.7444 26.1094 9.92736 
19.7968 10.2817 32.613 27.4066 9.90195 
19.6666 10.2733 32.5316 27.6106 9.91786 
20.0722 10.0855 34.3546 25.58 9.90774 
22.2618 10.2151 33.1647 24.5455 9.8128 
23.0357 10.0282 31.6617 25.4474 9.82704 
24.802 10.1802 32.9895 22.1333 9.89507 
24.901 9.96813 33.4155 21.8898 9.82558 
22.5124 9.93762 34.0452 23.6384 9.86635 
21.4229 10.3021 35.3559 22.9859 9.93318 
21.0733 10.0853 33.7964 25.1442 9.9008 
20.4725 10.0106 33.4046 26.1939 9.91835 
23.0741 10.4107 33.2564 23.401 9.85782 
24.1724 10.079 33.5957 22.3503 9.80256 
25.8117 10.5951 31.8305 21.9595 9.80324 
25.0271 11.0214 33.7604 20.4073 9.78377 
23.1038 10.3718 33.1996 23.5717 9.753 
24.8278 10.1859 30.5653 24.5445 9.8765 
23.3458 9.93167 31.5909 25.3547 9.77696 
24.3848 9.88109 32.0666 23.8638 9.80373 
25.1015 9.84963 34.2151 21.0228 9.81096 
26.8364 9.89376 33.2566 20.1387 9.87442 
26.394 9.79117 35.3134 18.7199 9.7815 
27.9219 9.74995 33.1907 19.3923 9.74512 
26.7126 9.74075 32.1994 21.6089 9.73833 
26.5057 9.7405 32.4958 21.5187 9.7393 
25.0373 10.0891 35.1031 20.0186 9.7518 
27.235 10.0091 32.4452 20.4703 9.84044 
26.8341 9.94085 31.9869 21.3817 9.85653 
23.7345 9.89106 30.7554 25.7702 9.8489 
24.8169 9.80165 32.8237 22.7772 9.78056 
23.3957 9.83713 32.9724 23.9682 9.82659 
24.3739 9.84814 32.6834 23.2517 9.84287 
24.3445 9.88982 32.9513 22.9272 9.88719 
23.9006 10.3461 32.8337 23.0377 9.88187 
24.1537 10.0883 32.0101 23.8917 9.85619 
23.2471 10.0087 33.7355 23.1161 9.89263 
25.2599 9.91344 31.2314 23.7399 9.85541 
26.4998 9.92247 31.0267 22.6576 9.89346 
27.7954 9.87033 33.5133 18.9652 9.85582 
27.9241 9.88566 35.0735 17.2384 9.8784 
26.9053 9.90737 33.8488 19.4348 9.90374 
29.8812 9.95368 32.4601 17.7531 9.95187 
29.2729 9.86284 34.9597 16.0427 9.86193 
29.4015 9.79719 34.0906 16.914 9.79674 
28.9865 9.77664 32.3763 19.0842 9.77642 
30.0363 9.75724 32.4803 17.969 9.75712 
30.0945 10.2221 32.8432 16.9998 9.84039 
31.5914 10.0743 33.701 14.7499 9.88343 
31.6408 9.96673 34.2801 14.2411 9.87129 
33.7998 9.94912 33.5784 12.7713 9.9014 
32.4289 9.92336 33.6834 14.0648 9.89951 
32.9363 9.92857 32.7357 14.4827 9.91664 
34.3629 9.87657 33.7363 12.1536 9.8706 
34.3401 9.91983 33.6578 12.1654 9.91685 
33.7194 9.88949 33.3782 13.1249 9.888 
32.687 9.80086 35.2143 12.4977 9.80012 
30.2594 9.7548 33.9502 16.2812 9.75443 
30.5518 9.74753 32.2348 17.7185 9.74734 
31.4297 10.0661 33.2328 15.3977 9.87367 
32.2042 9.99758 33.6377 14.2591 9.90137 
32.2259 9.88478 31.9654 16.0872 9.83668 
29.5235 9.90928 34.1946 16.4873 9.88523 
30.3868 10.0533 33.3802 16.3029 9.87682 
31.9708 10.0101 33.3014 14.796 9.9218 
32.0264 9.95383 33.8862 14.2239 9.90971 
32.8882 9.97692 32.8806 14.2995 9.95485 
32.5844 9.90074 33.6333 13.9918 9.88971 
32.4589 9.95037 33.15 14.4959 9.94485 
32.9581 9.8079 33.6754 13.7535 9.80514 
31.6457 9.90395 35.0043 13.5434 9.90257 
30.1562 10.1186 33.5022 16.2717 9.95129 
29.2325 10.0226 33.6629 17.1432 9.93888 
28.1184 10.0746 37.2956 14.6897 9.82176 
29.291 10.0042 35.5352 15.2919 9.87777 
32.0225 9.92012 32.8496 15.3509 9.85692 
32.3116 9.90511 31.8094 16.1003 9.87351 
32.1477 9.81086 33.7185 14.5279 9.79506 
32.4618 9.75493 33.08 14.9563 9.74703 
32.5392 9.71617 34.4611 13.5713 9.71222 
31.3298 9.67736 37.1101 12.2073 9.67539 
31.1012 9.70445 34.998 14.4929 9.70347 
31.8872 9.80272 33.1756 15.3323 9.80223 
31.2994 9.77027 34.0035 15.1568 9.77003 
32.1391 9.84968 33.3138 14.8479 9.84955 
32.854 9.87183 33.9714 13.431 9.87177 
33.1523 9.86549 35.1195 11.9972 9.86546 
33.6254 10.0147 33.7893 12.7199 9.85076 
34.2899 9.87058 31.9402 14.1107 9.7886 
33.4412 9.93529 34.3034 12.4257 9.8943 
35.0133 9.84569 33.7022 11.6136 9.8252 
34.1733 9.77722 34.165 12.1175 9.76697 
33.1581 9.84893 35.9317 11.2175 9.8438 
35.0459 9.80251 34.8648 10.4868 9.79995 
35.2382 9.86814 34.4854 10.5414 9.86686 
34.1732 9.83272 34.3035 11.8585 9.83208 
34.8644 9.837 33.6597 11.8023 9.83667 
32.916 9.9185 34.5718 12.6753 9.91834 
32.7947 9.90974 34.2826 13.1033 9.90966 
32.5994 9.83292 34.7371 12.9977 9.83288 
33.423 9.88221 35.348 11.4646 9.88219 
33.705 9.84307 34.6675 11.9414 9.84306 
31.1617 9.85574 34.6035 14.5234 9.85574 
32.5912 10.0825 34.6557 12.76 9.91069 
32.775 10.8465 33.8072 12.747 9.82426 
33.7716 10.3901 32.301 13.6583 9.87902 
32.9758 10.0394 34.3166 12.8845 9.7838 
33.4879 10.0197 32.9916 13.6089 9.8919 
33.2333 9.97438 32.6306 14.2513 9.91049 
31.8676 10.0065 36.3925 11.9519 9.7815 
29.9806 9.85275 36.9253 13.501 9.74025 
28.8613 9.92637 34.9143 16.4279 9.87012 
30.869 9.92894 33.553 15.7482 9.90082 
31.2508 9.89644 33.103 15.8673 9.88238 
30.3736 9.80434 32.3789 17.6459 9.79731 
31.458 9.81742 32.4606 16.4501 9.81391 
32.4525 9.85752 33.6365 14.1977 9.85576 
33.664 9.91096 34.2559 12.259 9.91009 
31.0735 9.90904 34.775 14.3338 9.9086 
32.0261 9.91906 32.9904 15.1456 9.91884 
32.6797 9.82064 33.3355 14.3437 9.82053 
32.3743 10.9448 33.3919 13.3787 9.91027 
31.9459 10.3362 36.3457 11.5532 9.81895 
31.7014 10.135 35.3914 12.8958 9.87636 
33.2348 10.0344 33.7553 13.0704 9.90507 
33.4475 9.91915 33.8711 12.9078 9.85449 
32.6612 9.95958 33.1856 14.2664 9.92725 
33.4233 9.93186 32.2477 14.4814 9.9157 
32.8575 10.0007 33.485 13.8379 9.81896 
31.6668 9.92096 33.8853 14.6967 9.83012 
32.3265 9.82159 33.2621 14.8137 9.77617 
31.6238 9.84501 33.2429 15.466 9.82229 
32.1518 9.82446 33.1247 15.086 9.81311 
32.0503 9.86431 34.294 13.9328 9.85863 
31.3857 9.79109 32.6642 16.3708 9.78825 
30.1486 9.82752 32.3185 17.8793 9.8261 
30.9194 9.84334 32.5325 16.8622 9.84263 
30.4268 9.85588 31.2334 18.6285 9.85552 
30.7306 9.92794 30.9615 18.4522 9.92776 
31.525 9.90694 33.5416 15.1196 9.90685 
32.0212 9.84857 34.2533 14.0283 9.84853 
31.2565 10.662 34.3398 13.8994 9.8423 
32.8638 10.2798 33.0402 13.9463 9.86995 
33.5647 10.035 33.4781 13.092 9.83008 
32.9683 10.1457 32.6045 14.3986 9.88299 
31.6357 10.3759 34.2947 13.8281 9.86574 
32.4274 10.1537 34.6131 12.9072 9.89862 
34.0588 9.959 33.6365 12.5142 9.83147 
33.5206 9.89178 34.3621 12.3975 9.82801 
32.8652 9.8148 34.5968 12.9403 9.78292 
31.5368 9.76851 35.0067 13.9354 9.75257 
20 20 20 20 20 
20.8392 19.4406 23.1119 18.1294 18.479 
20.3996 20.7981 23.8314 19.5437 15.4271 
18.7337 22.7623 26.7953 18.8528 12.8558 
16.5751 23.3949 27.9286 19.8383 12.2631 
14.9542 22.2722 29.0218 21.7582 11.9936 
13.812 22.4483 29.7824 22.1913 11.7661 
13.6475 23.1343 30.3968 20.9833 11.8381 
12.1768 22.615 32.1688 22.2229 10.8165 
12.2478 22.5394 30.3356 24.5172 10.36 
13.4972 20.9471 31.9881 23.4337 10.1339 
12.9986 21.1217 32.545 23.0595 10.2753 
13.6089 20.7007 32.0067 21.553 12.1306 
13.639 19.9427 32.3103 21.6878 12.4202 
11.8886 20.34 31.8234 23.8623 12.0857 
11.6997 20.4818 33.2978 23.0822 11.4385 
10.9843 20.2653 32.2968 24.8663 11.5872 
10.3873 19.6898 30.6006 27.5847 11.7377 
10.1076 20.41 31.0251 27.5515 10.9057 
10.7855 20.6928 28.9272 29.1416 10.4528 
10.3295 19.9667 29.7801 29.7607 10.1631 
10.1647 21.8881 28.9376 28.8089 10.2006 
11.8796 21.5431 28.5241 27.1925 10.8607 
10.9398 21.5855 27.6342 28.8288 11.0117 
10.4699 23.7473 27.4534 27.028 11.3013 
10.1889 23.9704 27.8972 27.2237 10.7198 
10.5671 22.9305 29.2471 26.5472 10.7082 
10.2247 21.8182 30.5059 27.0383 10.4129 
10.0023 22.2783 30.5341 27.0888 10.0964 
11.2194 20.2762 31.6376 26.8693 9.99745 
10.5358 19.0051 31.8287 28.213 10.4174 
11.0819 18.9212 31.0306 28.7576 10.2087 
10.4914 18.1239 31.7282 29.6016 10.0549 
10.2085 16.3821 32.7375 30.3095 10.3624 
10.8004 16.5455 33.584 28.3193 10.7508 
11.7293 15.3613 34.3869 27.1976 11.3248 
10.9991 15.1379 34.4306 28.0242 11.4081 
11.7021 14.531 34.5571 28.3159 10.8939 
12.1465 14.8926 33.6224 28.6858 10.6528 
13.1798 16.2026 31.6589 28.5561 10.4025 
13.3467 16.2094 32.2914 27.7916 10.361 
12.891 15.8767 34.4099 25.9424 10.88 
12.8557 14.7332 34.6409 27.3302 10.44 
11.9549 14.8216 35.3153 27.8039 10.1043 
11.9571 15.2989 34.9604 27.7696 10.014 
12.1974 16.1071 34.3956 27.3177 9.98212 
11.0987 15.4286 34.8228 28.6588 9.99106 
10.4844 13.4286 34.9439 31.2125 9.93059 
10.437 13.4675 33.5758 32.6193 9.90036 
10.6341 13.7867 35.3018 30.4154 9.86202 
10.2909 14.6158 34.5357 30.6527 9.90483 
11.1776 14.4125 33.0855 31.4122 9.9122 
11.4856 16.1743 32.2676 30.2024 9.87011 
12.9593 16.2057 32.242 28.5033 10.0897 
13.2476 16.5283 31.5906 28.4781 10.1553 
14.0407 16.5762 30.6291 28.6892 10.0649 
14.2742 17.8736 30.3404 27.557 9.95472 
14.6748 17.982 30.12 27.3464 9.87686 
14.5183 18.0336 29.5547 28.0349 9.85864 
12.272 17.243 31.1012 28.9275 10.4563 
12.3375 17.6654 31.5713 28.288 10.1377 
12.5373 18.4533 31.0973 27.8296 10.0824 
13.2484 16.4602 33.6959 26.3514 10.2443 
13.4483 15.4479 34.9582 26.0366 10.109 
14.2045 16.1229 34.6707 24.9605 10.0414 
15.1885 14.3957 34.9903 25.4183 10.0072 
13.1199 14.6102 34.072 28.2078 9.99013 
12.977 13.9896 35.0841 28.0076 9.94159 
12.2419 13.0222 36.4462 28.3874 9.9023 
11.7996 12.4668 36.5056 29.2906 9.9373 
12.4458 12.3615 35.6623 29.6871 9.8433 
13.8545 12.365 35.1996 28.6593 9.92165 
13.5668 14.0416 34.8085 27.7443 9.83887 
13.2489 14.061 34.2146 28.671 9.80449 
12.9086 12.9048 34.0472 30.3191 9.82028 
12.2394 13.8904 35.2054 28.7959 9.86882 
13.364 13.3373 32.8016 30.5911 9.906 
12.9516 11.841 34.2691 31.1263 9.81193 
13.7792 12.3812 33.4267 30.5912 9.8217 
13.123 12.2914 34.4852 30.2824 9.81801 
14.7305 11.6387 33.299 30.4933 9.83858 
14.1345 12.2809 32.8033 30.939 9.84237 
15.6588 13.0418 33.1622 28.2864 9.85076 
15.4225 11.8218 34.2029 28.7564 9.79644 
13.6603 12.8514 34.5235 29.1091 9.85573 
13.518 11.6805 34.1408 30.7966 9.86417 
13.9429 12.3058 33.8807 30.0535 9.81714 
13.274 13.856 33.607 29.4525 9.81053 
12.4774 14.4778 33.3277 29.826 9.89102 
14.0937 12.2238 32.3738 31.3782 9.9304 
12.6682 12.177 33.7905 31.5175 9.84686 
13.2859 12.2382 34.0075 30.5983 9.86995 
13.8072 12.3878 32.5262 31.4186 9.86035 
12.5533 14.386 32.9297 30.2573 9.87368 
13.8754 14.6398 32.4223 29.2624 9.80006 
13.9526 12.2453 33.3753 30.6013 9.8254 
13.7664 11.9868 33.663 30.7328 9.85097 
13.282 11.3506 34.0934 31.4378 9.8362 
13.5937 11.0007 35.3899 30.2159 9.79976 
13.6625 10.4257 35.9039 30.1826 9.82525 
15.963 10.6021 34.7184 28.8638 9.85275 
16.5969 11.4549 34.2823 27.8165 9.84945 
17.1494 11.7833 32.9797 28.194 9.89367 
19.1319 11.7568 30.4194 28.7597 9.93217 
17.7957 11.1579 30.7377 30.3737 9.93503 
18.711 10.5634 32.347 28.4267 9.95194 
21.1015 10.2023 31.5703 27.2292 9.8966 
22.6475 11.0689 30.6239 25.7114 9.9483 
23.1571 12.0345 32.9786 21.8557 9.97415 
23.9203 10.9223 33.7361 21.5291 9.89214 
22.9991 10.4936 32.7772 23.9139 9.8162 
22.2984 10.5722 33.2525 24.0871 9.78976 
20.7877 10.4066 32.8913 26.0496 9.86476 
21.0967 10.9541 33.8578 24.2069 9.88446 
20.6461 10.8516 32.8898 25.7842 9.82822 
19.901 10.296 32.6787 27.3402 9.78424 
19.8189 11.069 32.4578 26.828 9.82633 
18.4855 12.1688 32.0865 27.4917 9.76753 
18.0852 11.7114 32.1204 28.2153 9.86769 
16.7103 10.8078 32.3541 30.2418 9.88592 
15.9023 11.3787 31.7431 31.1586 9.81717 
15.7688 12.3669 32.3211 29.7487 9.79458 
16.1318 11.3381 34.3736 28.2764 9.88011 
16.9094 10.601 34.8739 27.7436 9.87203 
16.6715 10.7201 34.7446 28.0327 9.83112 
18.1459 10.2651 33.1951 28.5733 9.82062 
18.7719 10.1493 33.8216 27.4973 9.75981 
19.2901 10.0267 32.2463 28.6049 9.83198 
19.4457 9.99675 32.4022 28.2559 9.89938 
19.5093 9.98058 32.5712 28.007 9.9319 
20.7579 9.84466 31.496 28.0812 9.82032 
20.8885 9.85864 32.4677 26.9387 9.84646 
19.8294 9.9455 34.8423 25.6053 9.7776 
20.3958 11.6738 31.6823 26.3765 9.87162 
19.7465 10.698 32.5078 27.2508 9.79692 
21.1013 10.2613 32.3943 26.4324 9.81074 
24.0187 10.0128 30.6752 25.5058 9.78753 
21.8398 10.0911 32.7952 25.4647 9.80902 
21.481 9.99607 32.7343 25.9337 9.855 
22.0714 9.85415 32.3743 25.9165 9.78362 
22.7807 9.79285 31.7912 25.8777 9.75758 
24.4645 9.84342 31.4433 24.423 9.82579 
24.8235 9.84872 33.0574 22.4305 9.8399 
25.283 9.87485 31.2152 23.7565 9.87045 
25.5506 9.84652 31.9712 22.7873 9.84431 
25.643 10.6218 32.5297 21.3201 9.88539 
25.5487 10.22 34.4467 19.9328 9.85179 
26.0962 9.95428 34.0053 20.174 9.77018 
27.722 9.86845 33.4882 19.145 9.7764 
29.9127 9.91577 34.0873 16.2146 9.86975 
29.6812 9.81226 33.3867 17.3306 9.78924 
29.5465 9.80809 33.8502 16.9986 9.79658 
30.5808 9.88686 33.2481 16.4031 9.88111 
31.6237 9.94343 31.9574 16.5349 9.94055 
31.3549 9.84063 33.2072 15.7581 9.83919 
31.7734 9.88607 33.5556 14.8996 9.88535 
33.1944 9.83814 34.2603 12.8694 9.83778 
32.9272 9.80122 34.9753 12.4953 9.80104 
32.5109 9.79926 35.7309 12.1598 9.79917 
32.5921 9.85013 35.3572 12.3505 9.85008 
30.6541 9.82371 35.584 14.1145 9.82369 
31.0365 10.3173 34.1771 14.6586 9.81049 
30.2047 10.1091 34.4153 15.4151 9.85574 
28.7885 9.98157 34.3609 17.0141 9.85488 
30.3033 9.88589 33.4392 16.549 9.82254 
30.7361 9.81307 32.4664 17.2031 9.7814 
29.7649 9.77035 34.7157 15.9945 9.75451 
32.4631 9.88518 33.3256 14.4489 9.87726 
33.8786 9.84455 33.0027 13.4336 9.84059 
33.8748 9.92227 32.7917 13.491 9.92029 
33.0146 9.94506 33.5984 13.4979 9.94407 
33.0636 9.93942 32.6932 14.3648 9.93892 
32.2905 9.83352 34.2455 13.7972 9.83327 
32.223 9.86376 35.4973 12.5523 9.86363 
33.1445 9.87693 34.4153 12.6864 9.87687 
33.6454 9.81652 34.6293 12.0923 9.81648 
32.4879 10.0585 36.6279 10.9818 9.84386 
31.778 9.88361 36.4369 12.1252 9.7763 
30.2681 9.84376 34.7217 15.3763 9.79011 
31.0736 9.78765 34.6427 14.7351 9.76083 
32.2604 9.84263 34.2156 13.8522 9.82922 
33.4441 9.77569 32.3181 14.6931 9.76898 
33.222 9.88784 33.1591 13.8465 9.88449 
33.664 9.91081 33.6325 12.8835 9.90913 
33.0341 9.83345 33.7152 13.5846 9.83261 
33.517 9.91673 32.5243 14.1256 9.91631 
29.3711 10.589 38.109 12.0178 9.91311 
29.0437 10.1931 38.4802 12.4278 9.8552 
31.1885 9.95768 36.7748 12.2903 9.78871 
30.7303 9.91081 35.5643 13.9683 9.82633 
29.5345 9.8414 35.2088 15.6161 9.79916 
28.8467 9.79435 33.4889 18.0968 9.77323 
31.5466 9.86293 31.9842 16.7539 9.85237 
32.5006 9.84055 31.8103 16.0133 9.83527 
32.6998 9.80627 31.7032 15.9871 9.80363 
31.6009 9.72939 34.7705 14.1712 9.72807 
30.8506 9.71419 35.111 14.6107 9.71353 
30.7347 9.74309 33.1907 16.5887 9.74276 
31.2996 9.7868 33.036 16.091 9.78663 
29.3306 9.77939 32.6418 18.4689 9.77931 
29.3816 10.0315 31.5691 19.1635 9.85419 
31.4132 9.86527 31.002 17.943 9.7766 
31.933 9.83829 33.9915 14.4432 9.79396 
31.5705 9.78492 33.4387 15.4431 9.76275 
31.7704 10.8404 32.3327 15.3424 9.71409 
29.188 10.6954 37.9554 12.4877 9.67356 
30.2606 10.3477 36.6443 12.9105 9.83678 
30.8588 10.1407 34.2162 14.899 9.88528 
30.6193 9.97544 32.4562 17.1014 9.8477 
32.9902 9.93068 32.9581 14.2541 9.86682 
33.2771 9.80963 32.569 14.5665 9.7777 
31.5538 9.82007 34.0811 14.7409 9.8041 
31.7633 9.84201 33.027 15.5337 9.83402 
32.5483 9.85298 34.0305 13.7192 9.84899 
32.7742 9.92649 33.3486 14.0263 9.92449 
32.3937 9.91374 34.3311 13.4488 9.91274 
32.1618 9.86915 35.5866 12.5139 9.86865 
32.854 9.88665 33.9275 13.4454 9.8864 
33.5411 9.97688 33.0711 13.6019 9.80897 
32.9109 10.0762 34.6057 12.5904 9.81677 
31.1906 10.005 33.6936 15.2356 9.87527 
31.0835 9.88464 32.6717 16.5404 9.81979 
32.7004 9.92387 32.7565 14.7277 9.89145 
31.4968 9.84793 34.6193 14.2043 9.83172 
32.3036 9.77346 32.8615 15.2961 9.76536 
32.9939 9.79901 33.0974 14.3147 9.79496 
32.6636 9.89951 34.7154 12.824 9.89748 
32.5034 10.2303 34.0244 13.3427 9.89923 
30.7942 10.1805 33.8422 15.3315 9.85158 
32.0638 10.0548 33.9424 14.0487 9.89033 
34.1382 10.0108 33.2503 12.6722 9.92855 
33.6146 9.91448 34.9888 11.6088 9.87337 
34.9257 9.83529 34.7418 10.6825 9.81473 
34.6384 9.87948 35.3098 10.3031 9.8692 
33.6422 9.92256 35.3525 11.1653 9.91742 
34.7488 9.89549 34.7815 10.6813 9.89292 
34.0957 9.86578 34.4399 11.7341 9.86449 
34.121 9.81094 34.1189 12.1388 9.81029 
34.1097 9.8235 33.125 13.1186 9.82318 
33.2215 9.91175 33.2292 13.726 9.91159 
32.0713 9.89009 33.5554 14.5932 9.89001 
32.7023 9.90958 34.6855 12.7931 9.90954 
33.5925 9.95479 35.1014 11.3965 9.95477 
35.1113 9.92245 33.3016 11.7422 9.92244 
34.4571 9.8908 33.024 12.7373 9.8908 
34.4446 9.89046 33.7281 12.0463 9.89045 
33.4244 9.82328 35.8536 11.0754 9.82328 
32.9374 9.87853 35.642 11.6635 9.87853 
31.563 9.84492 37.821 10.9261 9.84492 
32.6116 9.82442 35.904 11.8356 9.82442 
35.6785 9.89376 33.2656 11.2684 9.89376 
35.2688 9.87646 34.4145 10.5638 9.87646 
34.9978 9.92215 34.4098 10.7481 9.92215 
34.3863 9.92796 34.4235 11.3343 9.92796 
35.0739 9.93087 33.9336 11.1307 9.93087 
35.2377 9.89244 34.485 10.4924 9.89244 
34.2323 9.8983 34.3352 11.636 9.8983 
33.1161 9.94915 34.5009 12.4846 9.94915 
33.8443 9.99316 34.7226 11.6327 9.80729 
34.2424 9.89854 35.0083 11.0451 9.8056 
35.6212 9.94927 33.8375 10.6892 9.9028 
35.7259 9.86063 32.7168 11.8593 9.83739 
35.794 9.93031 32.9101 11.4469 9.9187 
35.2303 9.96516 31.9551 12.8901 9.95935 
35.4485 9.98258 31.8109 12.7784 9.97967 
34.8339 9.97468 31.5201 13.6982 9.97323 
34.7601 9.96889 32.7342 12.5686 9.96816 
20 20 20 20 20 
17.8097 18.7074 25.6194 20.5027 17.3609 
17.2032 20.173 26.7803 19.6001 16.2435 
17.1486 19.0609 30.0568 20.0565 13.6773 
16.4984 20.1331 31.6579 17.9523 13.7583 
16.399 18.2163 33.0096 19.2185 13.1567 
17.056 16.9557 34.6662 18.6899 12.6321 
18.6679 15.704 35.748 18.5524 11.3277 
18.3701 16.5267 33.4162 20.481 11.206 
19.2737 17.4651 32.5617 19.1097 11.5897 
18.1075 19.2031 31.6926 20.2607 10.736 
16.3307 19.8128 31.574 20.8111 11.4713 
17.2458 18.4122 31.6491 20.8653 11.8276 
17.0525 17.6356 33.261 20.5943 11.4565 
18.387 17.8665 30.7836 22.2461 10.7167 
17.2767 16.3236 31.9045 23.8251 10.6701 
16.527 15.8184 33.9337 23.2815 10.4395 
14.6737 15.7181 35.3818 23.8785 10.3479 
13.9865 16.6826 34.5707 24.4712 10.2891 
14.2874 17.753 32.4618 24.118 11.3798 
13.6913 17.9241 33.4928 23.9637 10.928 
14.3996 18.4345 31.6145 25.1713 10.3801 
15.5331 19.8654 30.3906 23.6968 10.5141 
14.3548 19.9327 31.6659 23.2602 10.7865 
13.8519 19.0998 30.9383 24.3935 11.7164 
12.3911 17.4569 31.1668 26.9642 12.021 
11.5021 16.2756 32.5646 28.1047 11.553 
10.7279 16.1239 32.7175 29.2144 11.2163 
10.2839 16.7576 32.1482 29.7102 11.1001 
11.3191 17.3532 31.3422 29.5404 10.4452 
11.1743 16.2746 32.2152 28.9859 11.35 
10.7184 15.8939 32.3367 29.8867 11.1643 
10.8498 15.4236 32.7571 29.0789 11.8906 
10.32 15.5206 32.9287 30.0406 11.19 
10.0896 15.0373 33.3658 30.3959 11.1114 
10.4534 15.6917 32.1877 30.8229 10.8442 
10.5536 15.473 32.8009 30.4236 10.749 
10.973 15.458 32.0966 31.1612 10.3112 
10.4005 16.3285 32.8788 30.0769 10.3153 
10.7834 17.4695 32.5684 28.6861 10.4926 
11.4487 17.9984 32.1987 28.1198 10.2344 
12.9533 17.9149 31.2801 27.7948 10.057 
12.7563 17.3698 31.0429 28.8263 10.0048 
11.4026 17.631 33.7812 26.5455 10.6397 
11.186 18.3818 33.0896 26.9207 10.4219 
12.5783 18.0144 32.9664 26.328 10.1129 
12.049 16.4827 34.0077 27.5022 9.95841 
11.7351 16.617 33.882 27.8374 9.92844 
11.4231 17.1737 32.071 29.4033 9.92876 
12.4189 17.2454 32.255 28.1163 9.96438 
11.9237 15.2894 33.9847 28.4629 10.3393 
11.6581 16.2523 33.8278 28.0289 10.233 
11.7258 16.2342 34.7272 27.2823 10.0305 
11.671 15.0616 32.7676 30.5603 9.93948 
12.036 15.9741 32.083 30.0559 9.85101 
11.332 15.5957 33.312 29.883 9.8772 
11.0232 14.5581 34.003 30.5027 9.91309 
10.4991 14.885 33.3356 31.3362 9.94407 
10.7624 13.0835 34.7447 31.1809 10.2284 
10.3681 12.316 35.4826 31.076 10.7573 
10.1207 12.4871 33.6907 33.3861 10.3153 
10.0732 12.6703 33.4263 33.5311 10.2991 
10.4313 11.7299 34.2132 33.3445 10.2811 
10.1775 13.4985 33.646 32.5756 10.1024 
10.0888 13.1595 34.7717 31.9288 10.0512 
10.9418 13.5028 35.4628 30.067 10.0256 
13.1429 14.4234 32.8108 29.716 9.90698 
14.0127 14.5224 33.7683 27.7823 9.91432 
14.4867 14.2166 33.2884 28.0644 9.94404 
14.4051 13.607 34.4161 27.6927 9.87918 
12.8727 12.087 34.8627 30.3412 9.8365 
14.0635 13.9531 33.6743 28.4474 9.86175 
14.9399 14.5021 33.0361 27.6166 9.90537 
13.2551 14.5513 34.5621 27.7201 9.91136 
13.3661 14.149 33.184 29.3587 9.9422 
14.4164 13.3412 33.5253 28.8127 9.90443 
13.7123 12.4971 34.6489 28.905 10.2368 
11.7912 13.6512 34.727 29.7772 10.0535 
13.3684 15.2495 31.7657 29.6984 9.91803 
13.4639 13.6982 33.397 29.5384 9.90252 
14.5156 13.1816 34.1127 28.3576 9.83253 
15.407 14.3256 32.526 27.7147 10.0268 
15.8752 13.3955 33.576 27.1538 9.99953 
14.5468 14.6 32.7363 28.2321 9.88482 
14.5042 14.5308 32.0604 29.0391 9.86549 
15.2036 13.4649 32.7418 28.6705 9.91927 
15.5908 11.8288 33.4508 29.2113 9.91831 
14.7592 12.3211 34.8312 28.2547 9.83381 
15.3568 13.7104 32.8002 28.2299 9.90266 
14.3451 14.9711 32.632 28.1729 9.87887 
14.6193 13.7166 30.9057 30.9558 9.80265 
14.0545 13.8964 30.8487 31.3137 9.88666 
13.8649 12.3613 33.8004 30.0443 9.92909 
13.9549 12.22 34.7373 29.2075 9.88027 
14.0156 12.1217 32.9112 31.0261 9.92547 
13.9442 12.7083 34.6637 28.8078 9.87603 
14.8209 13.1855 34.047 28.0667 9.87988 
15.7682 12.3112 33.8856 28.1096 9.92528 
16.4685 12.0291 32.3043 29.2656 9.93252 
17.0825 11.6325 34.1297 27.2733 9.88199 
17.4493 12.7128 32.4384 27.5734 9.82605 
17.3873 13.4993 32.4806 26.8566 9.77625 
17.7427 12.4245 32.9581 27.0786 9.7961 
16.0579 13.093 32.3812 28.6769 9.79102 
16.0887 11.9196 33.3548 28.8161 9.82088 
17.9529 12.2098 33.2932 26.7556 9.78849 
18.4439 12.6138 32.9188 26.2476 9.7759 
17.8018 11.1885 34.5067 25.6978 10.8051 
17.8072 11.063 34.2846 26.4426 10.4026 
18.5959 10.6084 33.9115 26.7598 10.1244 
19.2092 10.1859 33.228 27.4331 9.94383 
16.549 10.6485 33.1263 29.766 9.91019 
15.9092 10.2644 33.0302 30.9009 9.89521 
15.1873 10.3209 33.0245 31.6454 9.82182 
15.9549 10.5116 31.8969 31.8762 9.76041 
15.8144 10.1147 33.9735 30.3582 9.73914 
15.4689 9.99564 34.425 30.3025 9.80784 
15.6372 9.86104 33.3219 31.4127 9.76714 
16.0444 10.2531 34.2416 29.5773 9.88357 
15.4416 10.1266 34.3789 30.1112 9.94179 
15.8874 10.0633 34.0228 30.0556 9.97089 
16.023 10.5194 33.0175 30.5766 9.8635 
14.0052 10.1493 34.0166 32.0075 9.82134 
14.9053 10.8497 33.2697 31.2013 9.77389 
16.5142 10.2792 33.787 29.6783 9.74131 
18.32 10.0138 32.9312 28.9901 9.74487 
18.2917 9.94704 33.3818 28.5669 9.81256 
20.5607 9.95744 31.9642 27.6275 9.8902 
20.1829 9.84885 32.3782 27.7748 9.81523 
20.6593 9.81401 32.7506 26.9789 9.7972 
18.3228 10.009 34.0624 27.7752 9.83058 
19.3887 9.87465 33.4273 27.5239 9.78542 
20.0622 10.4557 31.7638 27.976 9.74221 
21.5443 10.1621 34.1385 24.3499 9.80531 
22.6365 9.99629 33.1709 24.3783 9.81791 
23.0204 10.14 33.0748 23.8913 9.87349 
23.1821 9.95958 34.9917 22.0403 9.82634 
23.0149 9.94668 33.2243 23.934 9.88006 
21.8908 9.92542 32.2671 26.0245 9.8921 
20.6176 9.88074 31.8713 27.7664 9.86409 
22.6443 9.87458 31.8896 25.7253 9.86625 
23.6029 10.5513 31.9097 24.0907 9.84541 
22.8212 10.3743 31.7443 25.2033 9.85691 
22.9741 10.0732 32.8103 24.328 9.81445 
21.5499 9.9108 32.4429 26.3149 9.78144 
23.275 9.9554 32.1143 24.7646 9.89072 
24.2192 9.87966 32.2336 23.8202 9.84732 
24.5675 9.82198 31.4367 24.368 9.80582 
23.3158 9.8932 32.4443 24.4616 9.88511 
23.4822 10.5209 31.2559 24.8997 9.84121 
22.1185 10.1347 31.3512 26.6008 9.79482 
22.0558 10.0502 32.8578 25.1561 9.88023 
22.3024 9.92704 31.9518 25.9767 9.84207 
22.3163 9.81789 32.1571 25.9333 9.77541 
21.8854 9.99985 31.7149 26.603 9.79679 
22.1746 9.89123 32.8864 25.258 9.7897 
21.6051 9.79998 31.4918 27.3539 9.74922 
21.5939 9.75611 31.5732 27.346 9.73072 
24.1075 9.82686 30.9743 25.2771 9.81417 
25.4946 10.2898 30.1825 24.2873 9.74579 
28.2715 9.9836 33.0348 18.9985 9.71161 
29.6913 9.9918 34.4804 15.9807 9.8558 
30.3685 9.89786 34.397 15.5067 9.82986 
29.5176 9.94893 34.0319 16.5867 9.91493 
29.8949 9.90644 32.8323 17.477 9.88944 
29.7362 9.8828 32.9654 17.5413 9.8743 
30.896 9.81945 32.859 16.6104 9.8152 
29.0168 10.1142 35.5745 15.5543 9.74031 
29.0985 9.97513 34.6725 16.4657 9.78819 
29.7308 9.93806 32.1877 18.2988 9.84459 
29.0445 9.81978 32.3252 19.0375 9.77304 
30.4872 9.82217 32.6538 17.238 9.7988 
31.6669 9.83809 32.0203 16.6482 9.82641 
32.5588 9.84862 31.6792 16.0706 9.84278 
33.2605 9.82997 34.1415 12.941 9.82705 
33.5245 9.86379 33.453 13.2964 9.86233 
32.3251 9.89878 33.7795 14.0985 9.89805 
32.5505 9.79889 33.7794 14.0727 9.79852 
33.2032 9.75838 31.4665 15.8138 9.7582 
31.9862 9.73749 33.1422 15.3968 9.7374 
30.4375 9.78938 33.079 16.9047 9.78933 
31.1198 9.84169 33.5006 15.6962 9.84166 
31.9392 9.92084 34.8538 13.3653 9.92083 
31.1952 9.84764 35.0961 14.0135 9.84763 
30.7101 9.90774 33.786 15.6884 9.90774 
32.5536 9.91841 34.6235 12.9861 9.91841 
31.1949 9.87724 33.7052 15.3455 9.87724 
31.2558 9.92083 32.8668 16.0357 9.92083 
29.9382 9.96041 34.7093 15.4317 9.96041 
29.0848 10.2523 32.1506 18.6002 9.91218 
29.5255 10.0083 31.7318 18.8961 9.83824 
28.7238 9.87429 31.9374 19.6753 9.78925 
29.7465 10.1295 33.661 16.5684 9.89463 
29.5399 10.0647 32.8305 17.6175 9.94731 
31.263 9.89347 32.9083 16.1004 9.83477 
31.3273 9.80111 33.7681 15.3318 9.77175 
31.2687 9.83686 32.4891 16.5831 9.82218 
32.7485 9.7842 32.3519 15.3385 9.77686 
33.0409 9.80438 33.8953 13.4587 9.80071 
33.2946 9.90219 32.9154 13.9874 9.90036 
34.0308 9.7898 32.4075 13.983 9.78889 
32.7398 9.8419 34.9317 12.6452 9.84144 
32.8106 9.8362 33.9065 13.6107 9.83597 
31.7114 9.85007 32.5995 15.989 9.84996 
31.5351 9.80309 34.244 14.6147 9.80303 
31.6126 9.83112 33.6713 15.0538 9.83109 
32.2323 9.78921 34.7057 13.4836 9.78919 
32.5976 9.8946 35.501 12.1122 9.8946 
32.8097 9.93173 34.1056 13.2212 9.93172 
32.2124 9.94868 33.8913 13.9989 9.94868 
32.0505 9.9279 33.3543 14.7394 9.9279 
31.201 9.91603 33.7698 15.1972 9.91603 
33.2578 9.85312 33.3185 13.7175 9.85312 
33.0805 9.92656 32.9496 14.1168 9.92656 
32.3297 9.87556 34.0186 13.9005 9.87556 
31.8123 9.7939 35.7144 12.8855 9.7939 
32.7347 9.75132 33.3912 14.3716 9.75132 
32.5152 9.73947 35.9563 12.0496 9.73947 
33.6918 9.80395 35.7413 10.959 9.80395 
33.7249 9.83828 34.2719 12.3266 9.83828 
32.8881 9.88709 33.0013 14.3364 9.88709 
30.4096 9.94354 34.9489 14.7544 9.94354 
31.8172 9.85777 32.7839 15.6834 9.85777 
31.4426 9.78325 32.8968 16.0941 9.78325 
31.7344 9.79359 32.6249 16.0536 9.79359 
32.4737 9.77044 34.002 13.9835 9.77044 
31.7207 9.88522 32.8074 15.7014 9.88522 
32.357 9.87458 34.0908 13.8031 9.87458 
31.9679 9.84957 33.5366 14.7963 9.84957 
31.8173 10.2581 33.2683 14.7315 9.92479 
29.4087 10.1291 33.3008 17.1991 9.96239 
30.6365 9.97978 32.0741 17.4131 9.89645 
31.4168 9.91413 32.8931 15.9035 9.87247 
31.8132 10.0132 33.3005 15.0679 9.80515 
32.8741 9.88027 33.6178 13.8516 9.77622 
33.7522 9.80395 34.5132 12.1787 9.75192 
33.5991 9.80062 32.7971 14.0286 9.77461 
32.8915 9.88115 34.9809 12.3783 9.86815 
31.6775 9.90746 35.0401 13.4739 9.90096 
30.3264 10.0774 34.1278 15.5709 9.89748 
31.2404 10.0226 31.6941 17.1102 9.93266 
31.0187 9.90262 33.4195 15.8015 9.85764 
29.6826 9.87257 35.2137 15.3811 9.85008 
29.5472 9.88984 33.5511 17.1333 9.8786 
30.3414 9.88998 33.0759 16.8084 9.88435 
30.4426 9.7567 35.3664 14.6803 9.75389 
32.6509 9.80793 33.7043 14.0303 9.80652 
31.6379 9.90396 33.8834 14.6714 9.90326 
32.6959 9.84157 33.5032 14.118 9.84122 
31.5861 9.84142 33.4183 15.313 9.84125 
31.6881 9.85898 32.1412 16.4528 9.85889 
30.7621 9.84752 32.4641 17.0789 9.84748 
30.4973 9.76872 34.0615 15.9038 9.7687 
30.4804 9.85125 32.4281 17.389 9.85124 
30.7958 9.84626 31.9283 17.5834 9.84625 
31.4284 9.88496 33.5214 15.2802 9.88496 
31.6233 9.83759 31.6208 17.0807 9.83758 
28.9113 9.90034 32.0466 19.2414 9.90034 
29.0624 9.81909 34.1881 17.1114 9.81908 
29.1892 9.79554 32.2406 18.9791 9.79554 
31.0206 9.77141 33.2683 16.1683 9.77141 
32.7984 9.80096 33.2443 14.3553 9.80096 
32.6199 9.74998 33.8462 14.0338 9.74998 
32.323 9.77695 32.9362 15.1869 9.77695 
30.7957 9.76652 33.3671 16.3042 9.76652 
30.381 9.76542 33.3502 16.738 9.76542 
32.3522 9.8332 32.0216 15.9597 9.8332 
20 20 20 20 20 
19.4228 20.6112 23.4975 19.253 17.2156 
18.5409 21.4966 23.453 21.3308 15.1787 
16.1289 21.3678 25.7752 21.6167 15.1114 
15.0089 23.5311 24.9246 23.6556 12.8798 
13.7405 24.6831 26.3821 22.7409 12.4533 
12.8063 24.8986 26.8897 22.3294 13.0759 
13.3695 25.9325 26.2538 21.0523 13.3919 
13.2403 23.9662 28.4603 22.0817 12.2515 
13.0604 22.873 30.2723 21.4624 12.3318 
13.5256 20.7255 31.9939 21.9697 11.7852 
12.7953 19.9915 33.7464 22.4698 10.997 
12.3078 20.043 33.5399 23.6462 10.463 
11.6209 20.9555 33.2847 23.6682 10.4707 
11.1422 21.2597 32.2822 25.1043 10.2117 
10.5023 20.6069 33.8016 24.5934 10.4957 
10.7936 21.3884 32.8206 24.7967 10.2007 
10.3108 21.2593 30.9066 27.5089 10.0144 
10.7241 21.6486 29.5528 27.9725 10.102 
10.3032 22.3537 28.5411 28.8098 9.99216 
10.0777 22.7532 29.4183 26.9665 10.7843 
10.4891 21.3292 31.5338 25.3316 11.3163 
10.5763 21.6836 31.5252 25.5805 10.6345 
13.0712 20.3937 31.6824 24.5827 10.2701 
13.2891 20.031 31.0071 25.5615 10.1113 
13.1922 20.7298 29.9083 26.1141 10.0557 
12.4717 18.8902 31.7744 26.6515 10.2122 
13.8339 19.0039 31.9411 25.0905 10.1306 
12.6241 20.9164 29.8663 26.5651 10.0281 
12.1396 21.8801 29.9681 25.4038 10.6084 
12.06 20.5977 30.0207 26.7606 10.5609 
11.152 21.1525 30.2543 26.673 10.7683 
10.5288 20.0102 31.0469 28.077 10.337 
10.2987 19.8449 32.3427 27.4253 10.0884 
10.7866 19.8489 29.8968 28.5411 10.9265 
10.3808 19.6502 30.9085 28.6097 10.4508 
10.1785 20.3951 32.2001 27.0127 10.2135 
10.4375 20.1478 32.1448 26.9392 10.3306 
11.0382 19.8126 31.8681 26.7713 10.5097 
11.2648 18.8305 33.4157 26.3441 10.1448 
11.2285 18.9043 32.0363 27.4056 10.4252 
13.0693 18.4496 31.0567 27.3275 10.0969 
13.0023 17.0606 32.5682 27.221 10.148 
13.0229 15.5636 34.5705 26.1424 10.7006 
12.501 15.3339 32.9103 28.9566 10.2982 
11.5201 15.6326 34.2247 28.3264 10.2962 
11.0497 15.7508 33.2333 29.9063 10.0599 
12.56 15.4131 33.0739 28.521 10.432 
11.6325 15.9311 32.0722 30.1874 10.1768 
12.3433 17.202 32.2923 28.1479 10.0145 
11.6328 16.7321 33.9859 27.6662 9.98299 
12.827 16.8316 32.7337 27.722 9.88567 
11.8225 18.838 31.2745 28.2409 9.8241 
11.7786 19.1129 31.8362 27.3858 9.88654 
13.5008 16.5118 32.9785 26.5538 10.4551 
12.1169 17.68 31.5416 28.4601 10.2014 
10.9656 18.2564 30.227 30.1452 10.4057 
10.4071 17.209 31.1489 30.8554 10.3796 
10.8532 16.3729 30.6874 31.9531 10.1333 
10.8151 16.3318 31.1332 31.766 9.95388 
12.1181 17.2448 30.1719 30.4883 9.97694 
11.9032 15.6354 31.1898 31.348 9.92353 
12.2508 14.6419 31.7366 31.4221 9.94864 
11.5017 15.5199 31.5941 31.4368 9.94744 
12.913 14.9221 32.4187 29.2319 10.5143 
13.3661 14.1193 33.2948 28.4351 10.7848 
13.8456 16.1506 33.4518 26.201 10.3511 
13.6157 14.637 35.2298 26.0926 10.4249 
13.5946 14.5207 34.7894 26.6197 10.4756 
13.5505 14.4032 34.6674 27.206 10.1729 
13.009 14.6042 35.2558 27.1095 10.0215 
12.2841 14.6946 35.2354 27.802 9.98387 
11.4278 15.7759 34.0463 28.7582 9.99193 
11.4882 14.8433 34.6084 29.0772 9.98284 
10.6876 15.0488 33.6884 30.6403 9.93492 
11.0619 13.9074 33.7325 31.4106 9.88767 
12.2067 14.0382 34.3049 29.4655 9.98471 
13.5762 14.4919 32.3699 29.6784 9.88366 
12.4538 15.0363 32.7572 29.8534 9.89934 
11.6323 14.0046 33.6759 30.7375 9.94967 
11.0421 14.4882 34.7758 29.7755 9.91834 
12.5074 14.2304 33.1413 30.2302 9.89068 
12.0446 13.0474 34.226 30.7931 9.88884 
12.2894 12.1095 33.598 32.154 9.84905 
13.3833 13.6955 33.1529 29.884 9.88431 
12.3235 13.8533 35.2578 28.6783 9.88721 
13.6618 15.0149 32.7759 28.6038 9.94361 
16.62 14.5857 33.1048 25.7477 9.94168 
17.2437 13.4888 34.708 24.6894 9.86998 
17.2729 13.0494 33.3364 26.421 9.92033 
18.4725 13.7651 32.7884 25.0957 9.8782 
18.5753 12.3423 33.3482 25.9099 9.82416 
17.3234 11.6771 32.8944 28.2823 9.82279 
15.9446 12.5613 33.9542 27.7266 9.81336 
15.8125 12.9374 33.1014 28.3603 9.78834 
14.834 12.4928 33.7194 29.0898 9.86405 
15.2658 13.5138 31.6853 29.6612 9.87388 
14.4718 14.0518 32.256 29.1163 10.1041 
14.743 13.1165 34.6832 27.4477 10.0096 
14.7289 12.8646 34.3086 28.1383 9.95974 
16.8957 12.6823 34.8105 25.6316 9.97987 
16.006 11.5737 34.2657 28.2228 9.93179 
18.0976 11.1496 33.0635 27.8338 9.85549 
15.935 11.1137 33.7473 29.3361 9.86786 
15.5568 10.914 35.0284 28.6561 9.84465 
15.9109 11.0293 34.5323 28.6353 9.8922 
15.0552 10.6506 36.9036 27.4596 9.931 
16.3095 10.2828 33.3243 30.1604 9.923 
16.1933 10.9292 32.9001 30.032 9.94543 
15.2164 10.8044 34.4112 29.7409 9.82708 
16.1925 11.8781 33.3201 28.7259 9.88342 
15.847 12.626 32.4655 29.2566 9.80493 
16.8577 12.4258 32.5337 28.4214 9.7614 
16.7885 11.1025 32.9861 29.3526 9.77029 
17.7593 10.7894 32.3661 29.2795 9.80578 
17.7723 10.596 34.1361 27.727 9.76866 
17.7469 10.2031 34.9478 27.3129 9.78939 
17.1807 9.96047 34.4018 28.7035 9.75363 
18.9879 9.8732 33.5617 27.8074 9.76978 
20.343 10.7542 34.3909 24.7527 9.7591 
20.0441 11.4281 33.2783 25.4337 9.81586 
21.0057 11.1239 32.049 25.9955 9.82596 
23.0028 11.8119 32.0959 23.1763 9.91298 
24.9689 10.8595 32.921 21.3405 9.91005 
22.8123 10.3478 32.3622 24.6047 9.87306 
21.8713 10.4895 33.2907 24.4286 9.91992 
20.4212 10.8718 33.3656 25.3976 9.94388 
21.5967 10.7164 32.6894 25.075 9.92244 
21.9439 11.0858 33.2178 23.8378 9.91478 
21.4719 11.0429 32.7756 24.7522 9.95739 
21.8281 10.6409 32.4287 25.1748 9.9275 
21.7165 10.2587 32.2637 25.859 9.90202 
22.4094 10.0799 31.8084 25.8008 9.90151 
22.3889 9.97414 31.2003 26.5517 9.88496 
22.6786 9.93407 32.5613 24.9366 9.88948 
22.6661 11.2777 31.3292 24.9279 9.79911 
20.068 10.6087 32.2309 27.223 9.86943 
19.8753 10.225 32.3059 27.7385 9.85535 
19.1969 9.99466 32.6513 28.3473 9.80983 
19.8788 9.98175 32.3692 27.8808 9.88934 
21.6061 10.3242 30.518 27.6071 9.94467 
22.1892 10.1126 31.7606 26.0148 9.92283 
24.1381 10.0252 32.0294 23.8769 9.93036 
24.8636 9.89478 31.8396 23.5546 9.84733 
26.8386 10.8796 31.3435 21.0994 9.83892 
26.5145 10.3718 33.0187 20.2436 9.85143 
24.1569 11.0682 34.8485 20.1564 9.77001 
24.0717 10.6017 33.4715 22.0714 9.78365 
24.1621 10.2842 34.3437 21.3347 9.87521 
23.8174 10.126 32.4452 23.6899 9.92153 
22.9814 10.5994 32.6586 23.9557 9.80506 
21.9408 10.2836 31.7634 26.1257 9.88645 
22.2449 10.0438 31.7314 26.1348 9.84519 
23.9987 9.87138 31.2503 25.1075 9.77209 
23.6273 9.91908 29.5786 27.0056 9.86943 
23.5783 9.80383 32.9554 23.8834 9.77901 
24.2471 9.78407 32.976 23.2212 9.77166 
23.7364 9.89203 33.4235 23.0622 9.88583 
24.4499 9.84798 33.0516 22.8056 9.84488 
25.5161 10.3037 31.8739 22.4788 9.8275 
25.013 10.0538 31.6232 23.4943 9.81571 
26.8409 9.97572 31.17 22.1567 9.85666 
27.1802 10.2204 32.0579 20.7683 9.77329 
27.9499 9.9545 34.8871 17.4776 9.73094 
27.9248 9.83618 33.431 19.0836 9.7244 
28.5172 9.88385 32.6402 19.1308 9.82795 
29.1375 9.78621 32.41 18.908 9.75827 
27.3507 9.78032 33.8742 19.2284 9.76635 
27.4563 10.1905 33.8982 18.6248 9.83017 
28.3044 10.0105 32.5423 19.3124 9.83034 
28.9209 9.98746 31.9295 19.2647 9.89738 
26.9189 10.9738 32.5761 19.5991 9.93208 
25.737 10.4691 33.014 20.8316 9.94824 
26.3959 10.5428 32.0892 21.0322 9.93988 
24.7239 10.9532 32.2784 22.2044 9.84007 
24.1367 10.4254 32.0095 23.5596 9.86884 
24.32 10.1796 31.7332 23.8659 9.90131 
26.1803 9.98844 32.0828 21.8992 9.8493 
25.4696 9.97814 32.6009 22.0428 9.90857 
25.5726 9.88772 33.3613 21.3255 9.85294 
26.185 9.84582 31.0597 23.081 9.82843 
25.8103 9.80096 31.9062 22.6903 9.79226 
27.9736 9.86623 33.0764 19.2219 9.86188 
29.0777 9.84221 34.1745 17.0655 9.84003 
29.102 9.77547 34.0776 17.2706 9.77439 
30.0186 10.2834 34.305 15.6497 9.74331 
29.9066 10.1075 34.6182 15.5303 9.83741 
31.5107 9.97176 33.2108 15.4701 9.83674 
32.9967 9.98588 32.295 14.804 9.91837 
