5 15000 300 50
20 20 20 20 20 
14.9618 20.3053 23.3588 22.9771 18.3969 
13.6371 19.6121 28.4962 21.5486 16.706 
12.8579 18.5139 29.9784 22.853 15.7968 
11.6685 17.7899 34.0012 22.9534 13.587 
13.2416 15.5616 35.1487 22.4026 13.6454 
14.718 14.2585 36.6027 22.3349 12.0858 
16.7627 14.6981 34.3564 20.1124 14.0704 
17.2616 14.878 34.9388 20.0948 12.8267 
16.5969 14.8966 35.0965 20.5559 12.854 
16.0475 15.1974 36.3675 20.7945 11.5931 
16.1256 15.0061 36.0078 20.351 12.5095 
13.8994 16.4525 35.7082 22.2377 11.7022 
14.6028 17.1548 34.1806 22.5985 11.4634 
14.4036 17.1001 33.8517 22.6629 11.9817 
16.3734 16.5382 32.9022 21.6865 12.4997 
18.3664 14.5565 33.8164 20.1247 13.1361 
17.9244 14.2713 35.09 19.1532 13.561 
17.3592 15.1509 32.8122 19.882 14.7958 
17.7347 16.2369 30.1856 20.5709 15.2719 
17.2707 16.5218 31.0592 19.109 16.0393 
18.1808 17.3518 28.2569 19.0999 17.1106 
19.0904 19.585 25.0375 18.6409 17.6462 
18.9792 19.2265 24.3112 19.2261 18.2571 
19.105 19.2286 23.2133 19.7092 18.7439 
19.3656 18.9601 23.2889 19.6677 18.7178 
19.3915 19.1888 22.3241 20.028 19.0676 
19.1297 19.0284 22.4828 20.3914 18.9678 
19.3688 19.3181 21.5355 20.4898 19.2878 
19.6844 19.1829 21.2439 20.2449 19.6439 
19.8422 19.5914 20.622 20.1225 19.822 
20.1153 19.9899 20.5052 19.77 19.6197 
21.01 19.5188 20.7288 19.4088 19.3337 
20.6992 19.4681 21.044 19.4131 19.3756 
20.3496 19.7341 20.522 19.7066 19.6878 
20.2709 19.4824 20.8379 19.9494 19.4593 
20.2316 19.3566 20.9959 20.0709 19.345 
19.7312 19.2937 21.0749 20.6124 19.2879 
20.4425 19.2622 21.1144 19.9216 19.2593 
20.3174 19.2465 20.6533 20.5377 19.2451 
21.3737 18.969 21.0743 19.6146 18.9683 
20.2106 19.0083 21.4895 19.8073 19.4842 
19.9092 19.3081 21.0389 20.1978 19.546 
19.8556 19.555 20.9155 19.9999 19.674 
19.7317 19.5814 20.7519 20.2941 19.6409 
20.2619 19.6917 20.2769 20.048 19.7214 
19.9349 19.6498 20.9228 19.8279 19.6646 
20.0636 19.4403 21.5191 19.5294 19.4477 
20.3259 19.5241 21.0537 19.5686 19.5278 
20.6391 19.2858 21.4792 19.3081 19.2877 
20 20 20 20 20 
18.3612 19.3645 25.7191 18.194 18.3612 
18.0315 18.8438 28.8533 17.9479 16.3235 
18.9841 18.2826 29.4583 18.4676 14.8073 
17.114 16.6108 31.4974 20.8192 13.9585 
16.8139 15.6449 32.8741 21.8775 12.7897 
14.2893 14.8077 35.1871 23.4387 12.2772 
14.2875 14.5467 35.8306 23.1175 12.2176 
14.5871 15.6876 34.9056 21.9148 12.9049 
15.5158 15.1771 36.7861 20.7352 11.7858 
15.5937 15.9841 36.8632 20.6288 10.9302 
14.8281 15.4139 37.7675 21.2519 10.7385 
16.0679 14.6781 37.8742 20.0009 11.3789 
16.3299 14.2897 36.4259 21.4354 11.519 
16.2295 14.1341 35.1484 20.9328 13.5552 
15.3773 13.4916 36.2893 21.0809 13.7608 
16.5775 14.1532 34.4409 20.1701 14.6582 
16.3533 14.8185 34.6398 20.085 14.1033 
17.6255 16.4644 32.6742 18.3102 14.9257 
18.4902 17.1032 30.8533 17.6229 15.9306 
17.9228 16.816 29.8894 18.3156 17.0562 
17.9839 16.6787 30.3583 18.9322 16.0469 
18.0829 17.4303 27.9064 19.4661 17.1144 
18.7502 18.4239 25.1182 19.4418 18.2659 
18.3494 17.7589 26.2343 19.55 18.1073 
19.1747 18.8795 23.1172 19.775 19.0537 
19.8815 19.2437 21.8527 19.6914 19.3308 
20.3368 19.5228 20.8273 19.7467 19.5664 
20.0694 19.6624 20.8097 19.7743 19.6842 
20.0347 19.8312 20.4049 19.8872 19.8421 
20.2115 19.6243 20.882 19.6523 19.6298 
20.7854 19.5209 20.6352 19.5349 19.5236 
21.3451 19.2843 20.7938 19.2913 19.2856 
21.2495 19.2575 20.9738 19.261 19.2582 
20.6247 19.6288 20.4869 19.6305 19.6291 
20.5065 19.5231 20.9231 19.524 19.5233 
20.1589 19.6672 20.8389 19.6677 19.6673 
20.3736 19.6375 20.7136 19.6377 19.6376 
20.1868 19.8188 20.3568 19.8189 19.8188 
20.0934 19.9094 20.1784 19.9094 19.9094 
20.1429 19.5701 21.1469 19.5701 19.5701 
20.3655 19.589 20.8676 19.589 19.589 
19.9959 19.1403 21.6487 20.0749 19.1403 
20.1921 19.2789 21.504 19.7462 19.2789 
20.0961 19.1632 21.2282 20.3493 19.1632 
19.9537 19.0156 21.4631 20.0803 19.4873 
19.7808 19.8019 21.0257 19.8441 19.5476 
20.0846 20.0951 20.707 19.6308 19.4825 
20.0423 20.0476 20.3535 19.8154 19.7413 
20.0211 20.0238 20.1768 19.9077 19.8706 
20 20 20 20 20 
19.0074 19.1912 26.9118 16.4338 18.4559 
17.6506 20.2985 28.4719 16.8431 16.7359 
17.3547 19.4139 30.1183 17.3921 15.7209 
16.2667 17.7427 32.4699 18.8151 14.7057 
16.5476 16.6383 34.0343 19.1163 13.6635 
16.824 16.6835 34.3034 19.4094 12.7797 
16.7811 17.3546 34.1045 18.7176 13.0422 
17.6888 17.2738 32.4908 20.0606 12.486 
16.1139 16.9702 35.0397 20.6686 11.2076 
16.8692 13.8491 36.8685 20.6791 11.734 
18.004 14.1016 37.0946 18.7128 12.0871 
19.1624 15.0722 36.1943 16.843 12.7281 
18.4569 16.7077 34.9611 17.0014 12.8729 
17.8143 15.6771 35.9149 18.3492 12.2445 
15.7822 15.651 35.4574 19.1746 13.9348 
17.8911 17.8255 27.7287 19.5873 16.9674 
18.9455 18.9128 23.8644 19.7936 18.4837 
18.3125 18.2962 27.1256 20.3941 15.8717 
16.5887 17.2562 30.1168 20.67 15.3683 
17.7538 18.0876 27.2206 19.7945 17.1436 
17.7752 17.5184 28.4408 18.7955 17.4701 
19.1555 18.1342 25.3811 19.2192 18.1101 
19.1015 18.5909 24.5953 19.1334 18.5788 
19.6425 18.4698 24.2243 18.741 18.9224 
19.7222 19.1359 22.5082 19.2715 19.3622 
19.8611 19.5679 21.2541 19.6357 19.6811 
19.9306 19.784 20.627 19.8179 19.8406 
20.6449 19.6007 20.5077 19.6177 19.629 
20.4142 18.9747 22.1805 19.4419 18.9888 
20.1081 19.3883 21.4863 19.6219 19.3954 
20.3482 19.9883 20.5471 19.6149 19.5016 
20.0751 19.8951 20.6696 19.7084 19.6518 
20.3179 19.7606 21.0824 19.6673 19.1717 
19.8677 19.5891 21.2208 20.0278 19.2946 
19.2796 19.1403 20.8908 20.7616 19.9277 
19.9339 19.3741 20.7395 20.1847 19.7678 
19.967 19.2109 21.3221 20.0924 19.4077 
20.0752 18.7797 21.6702 20.5966 18.8782 
20.5138 18.9137 21.3113 19.8221 19.4391 
20.2569 19.4568 20.6557 19.9111 19.7195 
20.3226 19.4372 21.0074 19.6643 19.5685 
20.0623 19.6196 20.4047 19.7331 20.1803 
19.7399 20.004 20.3965 20.0607 19.7989 
20.0641 19.7107 20.8779 19.7391 19.6082 
20.2172 19.5776 21.0871 20.0547 19.0633 
19.8174 19.4975 21.2232 20.2215 19.2404 
21.2723 19.7488 21.0661 19.2017 18.7111 
20.9303 19.6783 20.8272 19.4048 19.1595 
20.5613 19.4545 20.9905 19.7985 19.1951 
20 20 20 20 20 
16.383 18.8652 28.617 18.8652 17.2695 
15.2467 18.0216 31.3331 19.7087 15.69 
15.6165 17.1741 34.0339 18.6979 14.4776 
16.3941 17.1729 33.0102 20.6284 12.7944 
17.2161 14.9156 35.6507 20.7572 11.4605 
16.608 13.8214 36.3708 21.6513 11.5484 
16.9997 13.098 37.9178 21.0263 10.9582 
15.1263 14.1795 37.0312 22.7622 10.9008 
13.3401 13.8627 39.2327 23.1341 10.4305 
12.0135 14.5649 38.8912 24.1625 10.3679 
13.1496 13.2825 41.1599 21.5098 10.8982 
13.125 13.4098 39.5756 22.5453 11.3443 
13.7384 12.7234 39.0007 22.8467 11.6907 
15.5038 12.7874 39.7815 21.2627 10.6646 
15.2938 13.9356 38.0472 21.2459 11.4776 
15.9802 14.3396 36.3313 20.2383 13.1106 
15.6824 16.4006 33.9349 19.3499 14.6322 
16.0604 16.4195 32.3784 20.2914 14.8504 
17.9593 17.4296 31.0828 18.6563 14.872 
18.0705 17.3925 28.3513 20.072 16.1137 
17.2997 16.9607 29.4649 19.5401 16.7345 
17.7803 17.6108 27.7759 19.7701 17.0629 
18.2359 18.1512 26.5048 19.2308 17.8773 
18.8402 18.3349 25.7524 18.8747 18.1979 
19.7005 18.5132 24.5584 18.7831 18.4447 
19.6542 19.5507 22.5733 19.1955 19.0263 
19.8271 19.7754 21.2867 19.5977 19.5131 
19.8145 19.7887 21.0394 19.6999 19.6576 
20.2014 19.6983 20.8138 19.6539 19.6327 
20.1968 19.4645 20.9838 19.9231 19.4317 
19.9994 19.6332 20.888 19.8625 19.6169 
19.8036 19.6205 20.2479 20.7156 19.6124 
19.7057 19.6142 20.4181 20.6519 19.6101 
19.4683 19.9033 20.3052 20.4221 19.9012 
19.7341 19.9516 20.1526 20.2111 19.9506 
19.8671 19.9758 20.0763 20.1055 19.9753 
19.7375 19.7918 20.3323 20.3469 19.7916 
20.2648 19.7969 20.0671 20.0744 19.7968 
20.0334 19.7994 20.4296 19.9382 19.7994 
20.0167 19.8997 20.2148 19.9691 19.8997 
19.6237 19.5652 21.1651 20.0807 19.5652 
19.4272 19.398 21.1595 20.6173 19.398 
19.994 19.0448 21.7947 20.1217 19.0448 
20.2911 19.3263 21.1915 19.8648 19.3263 
20.4397 19.4671 20.8898 19.7363 19.4671 
20.7703 18.9079 21.4541 19.5012 19.3666 
20.0939 19.1627 21.4067 19.9448 19.392 
20.0469 19.5813 20.7033 19.9724 19.696 
20.0235 19.7907 20.3517 19.9862 19.848 
20 20 20 20 20 
15.9524 20.7143 27.1769 18.5034 17.6531 
15.9432 20.6593 27.8741 19.8286 15.6947 
14.2422 18.7455 30.9338 21.6305 14.448 
14.2872 17.5161 33.5451 22.053 12.5986 
16.3586 16.0959 34.52 20.4122 12.6133 
16.7874 16.2897 34.293 21.012 11.618 
15.8937 16.554 36.9192 18.4605 12.1726 
15.0897 16.7185 34.9098 20.4857 12.7963 
15.9539 16.0865 35.864 19.3337 12.7618 
17.1319 14.3813 37.1808 19.2913 12.0147 
16.7785 13.4708 38.6387 19.549 11.5629 
17.3278 14.2773 36.6378 19.8304 11.9267 
16.3562 14.2393 38.4372 18.4951 12.4722 
17.9941 14.1748 37.01 17.8365 12.9846 
16.2596 15.188 37.4994 17.8568 13.1962 
16.9533 15.6822 35.6615 17.7519 13.951 
18.4767 16.73 33.0159 17.3945 14.3829 
17.8849 15.8838 32.6734 18.8476 14.7103 
17.2132 15.8366 32.1262 19.5742 15.2499 
18.3288 17.1776 28.5631 19.0464 16.8842 
18.1464 16.3732 30.1498 19.4034 15.9271 
18.3653 17.4786 28.3492 18.9937 16.8131 
18.6166 18.1733 25.9671 19.4025 17.8405 
18.5676 18.3459 25.9465 18.9605 18.1795 
19.1894 19.0786 23.8223 18.9142 18.9954 
19.5947 19.0631 23.3397 18.9809 19.0215 
19.5061 19.2403 22.3495 19.1992 19.7049 
19.654 19.5211 21.5708 19.5006 19.7535 
20.4039 19.376 21.3623 19.3657 19.4921 
20.3961 19.3967 21.3608 19.3916 19.4548 
20.0112 19.0442 21.428 20.4435 19.0732 
20.1017 19.1375 21.7717 19.8371 19.152 
20.5271 19.0925 21.8382 19.4424 19.0998 
20.7397 19.0701 21.8715 19.245 19.0737 
21.0495 19.2438 21.1299 19.3312 19.2456 
20.5247 19.6219 20.565 19.6656 19.6228 
20.2624 19.3348 21.2349 19.8328 19.3352 
20.7793 18.9266 21.7285 19.6386 18.9269 
20.0984 19.1721 21.5439 20.0135 19.1722 
19.9502 19.9821 20.6729 19.9077 19.4871 
20.2692 19.795 20.6306 19.7578 19.5475 
20.1346 19.8975 20.3153 19.8789 19.7737 
20.3614 19.7527 20.4518 19.7434 19.6908 
19.7961 19.4917 20.8028 20.4486 19.4608 
19.5134 19.3612 21.4591 20.3205 19.3458 
19.6577 20.0767 20.6305 20.0612 19.5739 
19.7298 19.9393 20.7113 19.9316 19.6879 
20.261 19.8707 20.2566 19.8668 19.745 
19.9344 20.2294 20.4224 19.7373 19.6764 
