5 80000 300 266
14 14 14 14 14 14 14 
13.5718 15.8753 15.8076 12.0813 12.4201 13.0298 16.2141 
17.3244 18.5531 16.5961 11.5022 12.9023 10.5149 12.107 
18.5368 19.6997 17.389 11.4721 13.3477 9.25432 10.0504 
16.2208 21.5641 18.885 12.4027 13.1501 8.62716 9.02519 
15.4747 21.3441 17.7758 14.5347 13.5518 8.77094 8.48547 
14.7824 21.6309 17.6942 15.2908 14.1144 8.29937 8.15663 
14.001 22.6492 17.8023 14.2552 15.1596 8.09425 8.02288 
14.747 21.5862 19.8669 13.7675 13.616 8.47368 7.93498 
13.8906 20.9426 20.4036 13.4008 14.9277 8.51035 7.92048 
12.5125 20.8705 19.8656 15.3139 14.5016 8.98206 7.95184 
11.31 19.6826 20.6855 16.1516 15.7454 8.46953 7.95441 
10.6226 17.9406 20.6019 18.9829 15.6481 8.23044 7.97289 
9.85676 18.5778 20.4249 20.3386 14.8488 8.04084 7.91206 
10.4263 19.5586 20.2747 19.9203 13.5448 8.37727 7.89794 
9.29704 18.2782 22.0579 20.4458 13.726 8.27252 7.92248 
9.15586 17.1056 21.0918 20.9147 14.3054 9.48217 7.94447 
10.1335 18.1388 20.4588 20.4792 13.9065 8.98945 7.8938 
10.2503 18.5727 20.1646 19.8508 14.1887 9.03036 7.94258 
9.8818 18.5784 21.2549 18.775 15.0589 8.49748 7.95359 
9.99466 18.2139 20.95 18.9574 15.7015 8.22724 7.95529 
10.3234 18.3461 20.475 18.9352 14.6986 9.33101 7.89069 
9.4387 17.9307 21.4391 20.1601 13.8666 9.24799 7.91683 
9.41018 18.1338 19.7814 20.208 15.4621 9.10161 7.90298 
8.74764 19.918 19.7843 19.5721 15.2842 8.80612 7.88766 
8.30641 19.2848 19.4427 18.7748 17.5298 8.78508 7.87641 
9.57873 19.8552 17.5937 18.9619 17.8074 8.32871 7.87438 
9.88915 19.9054 19.2181 18.1284 16.7751 8.15549 7.92832 
9.52973 18.468 19.2161 19.217 17.012 8.6629 7.89429 
9.95967 18.866 18.4825 18.483 17.2722 9.09335 7.84325 
10.012 18.7478 19.1984 18.3421 17.0944 8.72227 7.88308 
10.2515 18.8605 19.0858 17.5416 17.9222 8.4906 7.84779 
9.85265 19.7244 19.1017 18.2246 16.9443 8.2369 7.91549 
8.94418 20.0184 20.2652 19.0453 15.8382 8.0247 7.864 
8.45439 20.0756 20.1989 19.0359 15.3306 8.99022 7.9143 
8.38474 19.6658 20.931 18.9272 15.3239 8.87148 7.89588 
8.29764 20.0434 21.6234 18.6215 14.8199 8.64627 7.94794 
8.98398 19.8019 21.1414 18.2118 14.9924 8.93852 7.93001 
9.82248 20.5619 19.9523 18.914 14.106 8.73365 7.90957 
9.54486 20.1948 19.89 20.0174 13.9495 8.46165 7.94185 
8.83564 19.6911 20.103 19.1509 15.3269 8.97123 7.92127 
10.2605 19.2837 19.6021 18.2271 16.2028 8.53056 7.89322 
9.11256 20.7038 20.0886 17.5206 16.2872 8.3582 7.92891 
10.4847 18.6293 20.1114 17.8207 16.3092 8.76523 7.87944 
11.1312 18.8702 19.9446 18.0215 15.599 8.49373 7.93972 
10.9929 19.3658 19.903 18.4796 14.6124 8.75033 7.89596 
11.1831 19.0177 21.003 18.1454 14.3878 8.34512 7.91794 
11.3219 20.4077 20.7262 17.8367 13.486 8.32986 7.89155 
9.89436 20.5013 20.5462 17.7284 14.8666 8.62717 7.83594 
9.94718 19.0007 21.864 18.8642 13.5697 8.85904 7.89524 
10.418 18.7226 21.0431 19.6543 13.5626 8.65174 7.94762 
9.87707 19.631 21.5174 19.1633 13.6278 8.26778 7.91572 
10.0522 19.4746 21.7814 19.6953 12.6093 8.45207 7.93513 
10.5456 18.72 23.986 19.4797 10.7419 8.66327 7.86367 
10.8792 17.8268 23.2058 20.7238 11.3206 8.22179 7.822 
13.1319 16.3726 23.9572 19.2197 11.2547 8.19015 7.8737 
11.4987 16.2581 25.5436 19.5874 11.2327 8.01884 7.86062 
10.3049 16.3512 25.4385 20.7937 11.1719 8.00942 7.93031 
11.431 16.1665 24.7055 19.301 12.3211 8.1143 7.96059 
10.3451 17.4582 23.4639 21.1088 11.7161 7.99233 7.91548 
12.0071 16.1632 24.5617 19.9069 11.2537 8.19281 7.91457 
13.5865 15.783 23.5368 20.2615 10.9586 8.00636 7.86724 
13.5905 16.0712 23.4043 20.269 10.8941 7.92023 7.85067 
13.2238 15.1785 24.6784 19.6583 11.5185 7.88869 7.85391 
13.4579 14.5575 24.8086 20.2204 11.2605 7.85632 7.83893 
14.3644 14.9142 23.4881 20.2087 11.2953 7.86905 7.86035 
13.2019 15.6881 23.0462 21.038 11.2987 7.86573 7.86138 
12.4689 14.9345 25.704 20.5435 10.5393 7.96709 7.84267 
12.1727 15.0682 25.2036 21.5544 10.2578 7.90279 7.84058 
11.9977 16.0316 23.9318 21.8609 10.4245 7.89228 7.86117 
10.8914 15.8917 22.7058 23.4603 11.2982 7.88409 7.86853 
9.61239 16.8423 23.0646 24.0049 10.7166 7.88349 7.87571 
9.02456 17.7263 23.0708 23.7891 10.5692 7.91197 7.90808 
9.42412 17.3015 22.3666 23.1036 12.0856 7.86027 7.85832 
8.76269 18.271 22.4491 22.5645 12.2453 7.85418 7.85321 
9.67546 16.9002 23.6952 22.1058 11.0638 8.63297 7.92661 
10.0486 15.8943 24.5027 22.8395 10.4947 8.28671 7.93353 
10.2939 15.9128 25.8543 21.5913 10.3944 8.06492 7.88833 
11.0155 14.1771 25.9553 22.0633 10.831 8.02307 7.93478 
12.4486 14.5435 23.5175 22.2141 11.3281 7.99611 7.95196 
11.8734 14.6035 23.5376 23.0061 11.0727 7.9644 7.94233 
11.9668 14.5882 23.4522 23.4377 10.8127 7.87667 7.86564 
11.2328 14.6432 25.6369 21.9551 10.7869 7.87534 7.86983 
12.6235 14.3287 23.8636 22.7353 10.7379 7.85691 7.85415 
13.2943 13.8975 23.2784 22.4649 11.2293 7.91848 7.9171 
13.79 14.2169 22.6668 21.2575 12.3816 7.84395 7.84326 
12.3429 14.9777 22.3503 21.0404 13.4547 7.91713 7.91679 
12.6231 16.1737 20.8526 20.5698 13.9234 7.92879 7.92862 
11.8528 16.4631 21.6376 21.754 12.3741 7.95924 7.95915 
12.4597 16.0982 22.1522 20.877 12.4537 7.97962 7.97958 
11.2696 16.0067 22.084 21.3138 13.3887 7.96859 7.96857 
10.8778 16.5711 22.1673 20.2477 14.2391 7.94849 7.94848 
11.2765 16.6612 21.4898 20.403 14.2261 8.03516 7.90825 
11.5936 15.1544 22.2833 20.9956 14.061 7.9878 7.92435 
11.1835 14.8977 23.5726 21.6856 12.9697 7.8613 7.82958 
13.6563 13.9004 22.9422 21.0579 12.8021 7.8285 7.81264 
12.2405 13.7801 24.3577 21.998 11.8134 7.9091 7.90116 
12.0999 14.142 22.8659 21.5588 13.5403 7.89857 7.8946 
12.3686 14.7633 23.7956 20.8069 12.402 7.9328 7.93082 
13.8445 14.3454 24.4326 19.8742 11.772 7.86612 7.86513 
15.3021 13.318 26.7414 19.0153 9.79663 7.98334 7.84318 
15.3631 13.9855 25.7101 18.8907 10.1682 7.97625 7.90617 
16.2974 13.7724 24.2957 20.4623 9.32141 7.94293 7.90789 
15.8835 11.8586 24.4407 21.9715 10.1856 7.83887 7.82135 
14.0671 11.9122 24.471 21.527 12.2153 7.90804 7.89928 
13.4979 11.1012 25.5601 22.5049 11.5166 7.9118 7.90742 
12.026 11.3554 27.16 22.73 10.9034 7.91368 7.91149 
10.3666 12.274 26.3768 23.898 11.2565 7.91463 7.91353 
11.3495 11.2308 28.2018 23.2091 10.3199 7.84471 7.84416 
12.4544 11.1239 28.9314 22.1977 9.53849 7.87716 7.87688 
14.2917 11.427 27.2223 21.9493 9.3147 7.89752 7.89739 
13.6614 12.0875 26.0757 22.8727 9.47321 7.91477 7.9147 
14.4655 11.5827 27.7085 20.4184 10.1258 7.8496 7.84957 
15.7523 12.4952 25.5861 20.1254 10.3702 7.83541 7.8354 
16.019 12.819 24.9359 20.777 9.61366 7.91771 7.9177 
15.8968 12.325 25.4257 21.0927 9.45472 7.90252 7.90251 
16.8242 11.9317 24.843 21.789 8.72144 7.94534 7.94534 
14.7833 12.0601 25.5794 22.5288 9.34687 7.85079 7.85079 
13.8202 12.03 27.2183 21.693 9.10201 8.21111 7.92539 
13.4379 12.1261 25.8314 23.3465 9.41211 7.99444 7.85159 
13.223 11.3476 25.7883 24.8169 9.0421 7.92676 7.85533 
12.1504 10.6139 25.6187 26.0312 9.91027 7.8556 7.81988 
13.0723 10.2632 25.3458 25.9894 9.61986 7.86366 7.8458 
14.0724 9.91422 25.8613 24.5889 9.88239 7.84487 7.83594 
13.938 10.9387 25.8141 24.1043 9.38905 7.91017 7.9057 
14.8795 10.8425 25.4444 23.9924 9.17214 7.83568 7.83345 
15.1441 10.7672 26.7159 22.0591 9.61751 7.84866 7.84754 
17.6948 10.2916 25.1678 20.8455 10.1769 7.91206 7.9115 
18.1828 10.0508 27.4573 18.6506 9.83526 7.91173 7.91145 
17.9977 10.4942 26.2286 19.3253 10.2301 7.86211 7.86197 
16.9257 10.7349 26.3765 20.6383 9.5358 7.89447 7.8944 
16.3656 9.31881 28.0819 20.8055 9.63112 7.8986 7.89857 
16.7931 8.5869 27.6361 22.4873 8.74305 7.87679 7.87678 
18.1386 8.16164 27.2851 22.4184 8.38299 7.80659 7.80658 
18.3069 8.62628 25.666 23.5259 8.15044 7.86224 7.86224 
16.3606 8.81764 27.5477 22.7239 8.88002 7.83502 7.83502 
16.5399 9.7716 26.3922 23.1916 8.38323 7.86073 7.86073 
17.1881 10.149 25.3306 22.9993 8.57758 7.87773 7.87773 
15.5881 10.134 27.0998 23.1068 8.45546 7.80791 7.80791 
14.407 11.3573 26.937 23.4889 8.25999 7.77492 7.77492 
15.5368 10.0056 27.8916 22.6419 8.45692 7.73362 7.73362 
15.7456 9.2763 28.6182 22.2896 8.35951 7.85541 7.85541 
17.2953 8.74149 27.227 22.8469 8.13112 7.87907 7.87907 
15.7684 8.85991 28.4742 23.343 7.93553 7.80951 7.80951 
14.6489 8.40054 29.09 24.1715 7.93835 7.87534 7.87534 
13.8059 8.0583 29.0512 24.8944 8.59881 7.7957 7.7957 
14.3397 8.45953 27.6585 25.5801 8.2551 7.85354 7.85354 
15.6093 8.21066 27.3643 24.892 8.10844 7.90766 7.90766 
16.4525 8.35061 27.5186 23.924 7.98504 7.88465 7.88465 
16.5075 8.08156 28.4468 23.3682 7.89877 7.84857 7.84857 
19.5773 8.30548 27.7528 20.3606 8.21409 7.89488 7.89488 
20.041 8.09596 28.3874 19.644 8.05026 7.89066 7.89066 
22.3582 9.40512 26.0444 18.5882 7.92124 7.84143 7.84143 
22.6698 9.82678 26.2209 17.6792 7.99788 7.8027 7.8027 
22.446 8.9538 28.0936 17.0888 7.871 7.77341 7.77341 
21.8613 8.58024 28.9404 17.055 7.88687 7.83807 7.83807 
21.8073 8.5109 28.4313 17.7808 7.83954 7.81514 7.81514 
23.2512 9.43838 26.7156 16.9696 7.88318 7.87098 7.87098 
23.6718 9.66968 26.2291 16.7356 7.90199 7.89589 7.89589 
22.3878 8.73095 28.0496 17.2964 7.8471 7.84405 7.84405 
23.3298 8.41078 27.7789 17.0624 7.80704 7.80552 7.80552 
23.8836 8.38545 28.3589 15.9267 7.92281 7.76128 7.76128 
23.1834 8.05179 28.609 16.856 7.82047 7.7397 7.7397 
23.8174 7.94439 28.0976 16.7352 7.82873 7.78835 7.78835 
26.2169 8.06024 27.0991 15.1286 7.84518 7.82499 7.82499 
26.5836 8.10814 29.8616 11.8196 8.00061 7.8132 7.8132 
28.8881 8.0296 28.9981 10.1912 8.12874 7.88214 7.88214 
29.5288 7.91311 29.2448 9.67185 7.96268 7.83937 7.83937 
30.219 8.95655 28.2588 8.77532 8.07225 7.85908 7.85908 
30.4293 8.35033 29.1125 8.59641 7.90818 7.80159 7.80159 
27.4206 9.91046 28.968 9.59232 8.36585 7.87139 7.87139 
28.5876 9.40308 27.5208 10.471 8.17066 7.92342 7.92342 
28.9042 8.59765 28.2085 10.5926 7.98143 7.85782 7.85782 
28.3494 9.13266 28.0015 10.7344 8.06927 7.8564 7.8564 
29.5139 8.69612 27.8651 9.93947 8.16443 7.9105 7.9105 
30.3721 8.29128 27.8127 9.70159 8.02543 7.89847 7.89847 
30.4168 8.29949 28.214 9.15849 8.01272 7.94923 7.94923 
29.9925 8.13645 27.7283 10.2271 7.99307 7.96133 7.96133 
29.9644 9.00453 27.7176 9.25367 8.13666 7.96156 7.96156 
29.9355 8.86364 28.3448 8.52092 8.58546 7.87486 7.87486 
30.9441 8.4259 28.2257 8.25454 8.28682 7.93151 7.93151 
28.8726 9.83255 28.0898 9.02641 8.46617 7.85625 7.85625 
28.9017 8.84709 28.3531 10.0163 8.1639 7.85894 7.85894 
28.2545 8.8714 28.7471 10.2229 8.06968 7.9172 7.9172 
27.6452 8.50736 29.1944 10.8118 8.1065 7.86739 7.86739 
27.8801 8.24729 29.1339 10.8372 8.04686 7.92731 7.92731 
28.1336 7.99461 29.0831 11.2251 7.8944 7.83462 7.83462 
28.0278 7.89341 28.1779 11.9437 8.33032 7.81341 7.81341 
28.6827 7.88992 28.6 11.0192 8.10838 7.84993 7.84993 
29.5731 7.91847 29.0351 9.64866 8.0277 7.89847 7.89847 
30.5136 7.8168 29.3543 8.83026 7.87142 7.8068 7.8068 
27.6751 8.32017 29.8733 10.6243 7.85728 7.82497 7.82497 
26.7505 8.06399 29.8015 11.9187 7.83254 7.81639 7.81639 
27.0255 8.01972 29.4713 11.7876 7.904 7.89592 7.89592 
27.0642 8.21547 29.0659 12.1243 7.84608 7.84204 7.84204 
27.2905 8.30237 28.9625 12.1024 7.7821 7.78008 7.78008 
26.0146 7.98394 31.5544 11.2777 7.7238 7.72279 7.72279 
25.941 7.93519 30.9192 11.7903 7.80512 7.80461 7.80461 
24.7916 7.9612 28.8781 14.6811 7.89617 7.89592 7.89592 
24.6441 7.83966 28.1974 15.8976 7.80715 7.80702 7.80702 
26.2719 8.46529 26.9514 14.8453 7.82207 7.822 7.822 
27.8817 8.13095 28.052 12.5074 7.80934 7.80931 7.80931 
27.9211 8.50626 28.0062 12.0103 7.85204 7.85202 7.85202 
28.0284 8.15144 29.5963 10.5814 7.99382 7.82432 7.82432 
26.9174 8.7678 30.1941 10.4227 7.95585 7.8711 7.8711 
27.1243 8.40319 29.2449 11.803 7.83645 7.79407 7.79407 
28.6092 8.12009 27.4751 12.3278 7.83672 7.81553 7.81553 
27.7877 8.83533 27.5016 12.3437 7.85094 7.84035 7.84035 
28.1796 8.40437 26.8737 12.8164 7.91218 7.90689 7.90689 
28.8055 8.04834 28.6543 11.0905 7.80225 7.7996 7.7996 
28.1798 8.51333 28.5686 11.4276 7.77109 7.76977 7.76977 
29.5963 8.21236 27.7337 10.9353 7.84124 7.84058 7.84058 
28.4194 8.59123 29.4815 9.62048 8.07344 7.907 7.907 
27.9755 8.25131 30.88 9.08239 7.99242 7.9092 7.9092 
26.715 9.42869 31.046 8.48059 8.54166 7.89399 7.89399 
27.3258 8.6826 31.5548 8.20855 8.39782 7.91525 7.91525 
27.456 8.25979 30.5109 9.90365 8.1174 7.87612 7.87612 
27.0023 8.1122 29.7097 11.294 8.041 7.92036 7.92036 
27.0658 8.31477 27.9464 12.9025 7.96372 7.9034 7.9034 
25.7479 8.06618 27.9797 14.5946 7.89065 7.86049 7.86049 
23.6848 8.08714 29.0049 15.7057 7.84923 7.83415 7.83415 
23.0545 8.43751 29.3509 15.5801 7.86401 7.85647 7.85647 
22.9558 8.18701 28.0088 16.8377 8.21772 7.89649 7.89649 
21.3485 8.78606 28.0821 18.1276 7.99235 7.83174 7.83174 
20.5841 8.29693 27.8548 19.7244 7.90008 7.81977 7.81977 
20.557 8.28754 27.5036 19.6304 8.25468 7.8834 7.8834 
21.1905 8.3783 27.9212 18.7729 8.03613 7.85049 7.85049 
22.3163 8.04672 26.5719 19.6238 7.87563 7.78281 7.78281 
22.8743 7.98375 27.1473 18.3928 7.89821 7.8518 7.8518 
21.7111 8.10147 27.786 18.7854 7.88746 7.86426 7.86426 
20.0818 9.11026 27.7323 19.363 8.1104 7.80118 7.80118 
17.7967 9.17559 27.2325 21.7277 8.34563 7.86098 7.86098 
17.9173 9.01817 28.015 20.3575 8.91965 7.88619 7.88619 
18.672 8.80845 27.0648 21.166 8.44072 7.92399 7.92399 
17.2568 8.36462 28.8789 21.4741 8.18075 7.92239 7.92239 
17.7787 8.59408 29.1454 20.7044 8.01195 7.88276 7.88276 
19.113 8.29065 28.3107 20.0966 8.31907 7.93499 7.93499 
19.9258 8.1226 27.9338 19.9915 8.13681 7.94477 7.94477 
18.4347 9.04469 28.2526 20.2947 8.05512 7.9591 7.9591 
17.0543 8.44084 27.9194 22.8433 7.94605 7.89804 7.89804 
18.2939 8.15628 27.8081 22.063 7.90889 7.88488 7.88488 
18.7278 7.97036 27.9759 21.5106 8.14606 7.83466 7.83466 
18.0596 7.83133 29.3726 21.2904 7.91918 7.76348 7.76348 
18.4048 8.13442 28.7488 21.2702 7.86584 7.78799 7.78799 
18.5496 8.22151 28.1726 21.1692 8.38396 7.75156 7.75156 
19.7323 9.17611 27.3216 20.0617 8.11355 7.79735 7.79735 
20.2495 8.58167 27.0793 20.2545 8.05038 7.89229 7.89229 
18.7301 9.78045 27.6346 20.2163 8.03113 7.80371 7.80371 
19.2988 9.0293 28.0557 19.8763 7.98907 7.87536 7.87536 
21.0501 8.74918 27.8715 18.733 7.90333 7.84648 7.84648 
20.9598 9.1572 27.7039 18.6418 7.86471 7.83628 7.83628 
20.6386 8.70558 27.1853 19.7971 7.90061 7.88639 7.88639 
20.7498 9.31968 26.1754 19.9979 7.92381 7.91671 7.91671 
19.5854 10.2519 26.5745 19.8674 7.90928 7.90572 7.90572 
18.7384 9.11958 27.6643 20.6366 7.94825 7.94647 7.94647 
19.4958 8.83194 28.5473 19.3373 7.92982 7.92893 7.92893 
17.4528 9.17007 29.0278 20.3244 8.22721 7.89889 7.89889 
18.6671 9.77791 26.9768 20.3996 8.56464 7.80701 7.80701 
17.7196 8.84465 28.8365 20.6428 8.23802 7.8592 7.8592 
19.4659 8.36172 27.6001 20.776 8.0584 7.869 7.869 
19.0985 8.10835 28.7547 20.3578 7.95669 7.86199 7.86199 
19.8211 8.13273 27.9725 20.4508 7.90584 7.85849 7.85849 
18.5644 7.91252 27.9286 22.2446 7.79907 7.7754 7.7754 
18.7759 7.91195 26.1478 23.6223 7.85523 7.84339 7.84339 
20.5487 7.82502 26.318 21.9302 7.79666 7.79075 7.79075 
19.7599 7.93181 27.6284 21.4153 7.75685 7.75389 7.75389 
19.0145 7.81206 29.0386 20.964 7.72458 7.7231 7.7231 
14 14 14 14 14 14 14 
16.3438 13.99 14.3466 10.9943 12.7061 16.3438 14.2753 
17.6845 14.8566 17.8651 12.5726 13.3499 12.1027 11.0685 
16.0562 15.7202 21.0387 13.5002 13.8889 10.0315 9.51434 
16.9912 15.0657 22.2065 14.3951 13.535 8.97003 8.71148 
18.2309 15.8504 21.3112 12.6796 13.7618 9.77802 8.32549 
17.4325 16.3401 21.4188 14.0697 13.1431 9.48784 8.07664 
15.1508 16.1869 20.7305 17.056 13.7446 9.1743 7.94127 
15.2129 16.3419 20.2431 17.5911 14.1024 8.55864 7.94212 
15.4593 16.1233 21.2547 17.4437 13.5124 8.25546 7.9472 
13.7869 16.2114 20.7595 18.1932 14.5756 8.53302 7.93836 
12.2765 17.6295 20.1106 18.5169 15.0518 8.51081 7.90293 
12.9468 17.5382 19.417 18.5138 15.1855 8.51073 7.88763 
12.0062 17.683 19.3397 18.5807 15.9944 8.45618 7.93972 
13.4778 17.7304 19.8718 17.1691 15.4719 8.36951 7.90925 
12.5776 17.4639 20.0208 18.7756 14.7423 8.53719 7.88244 
11.5249 19.7176 21.7147 16.9854 14.0447 8.17003 7.84266 
12.1674 19.7761 19.1218 17.6869 14.5637 8.83708 7.84695 
11.5459 18.6066 19.3298 19.1376 13.8995 9.5656 7.91507 
11.8627 17.8503 20.776 18.4363 14.4284 8.73579 7.91053 
11.228 17.3997 21.0872 18.6461 14.9472 8.81705 7.87475 
10.7719 17.4367 21.7015 19.4283 14.1052 8.61905 7.93738 
10.2213 18.9035 21.1388 19.0763 14.3571 8.42475 7.87815 
10.132 17.1441 21.1463 19.2604 15.0845 9.34058 7.89207 
11.0331 14.9506 23.8448 18.8894 14.4353 8.99128 7.8555 
10.4744 14.9648 24.1587 19.6768 14.4961 8.39859 7.8307 
10.4673 14.1769 25.1546 19.5664 13.9426 8.80181 7.89025 
11.2007 14.1872 24.8201 19.8655 13.3499 8.72189 7.85459 
10.9946 15.3924 24.0283 19.0614 13.7289 8.92526 7.8692 
10.8968 14.4996 23.8932 19.2499 14.2079 9.32224 7.93028 
11.8337 15.3667 22.9856 18.3912 13.2728 10.2888 7.86124 
11.9513 14.7954 23.6695 17.7085 13.964 9.99355 7.91769 
11.3782 14.9189 23.1695 19.2356 14.1854 9.23406 7.87834 
10.36 15.3151 21.7758 20.4458 14.5237 9.71257 7.86698 
11.5718 16.7297 21.3003 19.192 13.8598 9.49546 7.85102 
10.9361 18.2361 20.4141 18.6089 14.7625 9.14687 7.89547 
10.6854 18.1398 19.9897 18.761 15.4247 9.13865 7.86078 
10.7535 18.1881 20.9167 17.8975 15.3276 9.07834 7.8382 
9.80442 17.1934 22.4454 19.2079 14.6832 8.75084 7.91478 
9.56323 18.4484 22.1337 19.7735 13.9094 8.29491 7.87688 
10.2323 19.2871 22.3876 17.5387 13.9778 8.65479 7.92167 
11.3662 18.8102 21.5063 18.2485 13.7597 8.3899 7.91917 
11.9331 18.5646 20.5592 16.9906 15.285 8.72081 7.94665 
11.1682 19.3672 21.4261 17.094 13.6935 9.34979 7.90114 
10.2277 19.7268 21.7282 17.2943 13.9742 9.10254 7.94625 
10.1559 19.8424 21.6834 17.0505 13.9199 9.3832 7.96472 
11.7084 17.6386 22.4721 17.6557 13.4817 9.14812 7.8954 
12.9806 18.0147 20.5464 18.2531 13.0627 9.28671 7.85575 
12.0218 18.5518 21.6615 18.4541 12.822 8.65637 7.83243 
11.4074 17.9763 20.7426 19.0288 14.0101 8.95373 7.88097 
10.6928 16.9057 21.9765 19.7096 13.838 9.03218 7.84504 
9.90173 17.5635 22.3765 19.3993 13.9689 8.96295 7.82708 
10.8204 17.3687 22.9274 18.9388 12.854 9.26408 7.82658 
10.0155 18.0045 22.5383 19.4475 12.3481 9.78555 7.86066 
11.19 18.1129 22.9828 18.9428 12.1393 8.79733 7.83488 
11.2333 18.6309 20.9595 20.1097 12.8782 8.33484 7.85361 
12.612 17.8017 20.1128 20.0319 12.0584 9.55733 7.82589 
12.4987 17.6164 21.0656 19.1903 13.1393 8.67775 7.81203 
11.9853 17.1416 22.8704 19.8765 12.0891 8.23498 7.80212 
11.21 16.9403 22.0874 20.047 13.4359 8.46531 7.8141 
10.1809 17.1755 24.1017 19.5101 13.0795 8.13891 7.8133 
10.7771 16.635 24.7118 18.7679 13.1921 8.03941 7.87661 
11.5696 16.1541 23.6142 18.9866 13.1082 8.65547 7.91181 
12.1749 16.0367 22.3452 18.4619 14.1774 8.92415 7.87967 
10.273 17.2944 22.9373 18.8463 13.1973 9.55257 7.89911 
10.3208 17.979 22.6438 19.7918 12.5894 8.80854 7.86661 
11.4379 18.7913 19.9122 19.9179 13.3432 8.69943 7.89806 
11.2745 18.0762 20.1413 19.5655 14.1947 8.8636 7.88422 
13.0447 18.7331 19.9835 18.1705 13.4155 8.7891 7.86368 
13.1732 18.0364 19.968 18.2302 13.4773 9.26391 7.85108 
11.8729 18.3794 19.0148 19.1371 14.0074 9.69803 7.8903 
11.8861 18.4574 20.1481 19.6372 12.7245 9.31126 7.83531 
11.0475 18.2774 20.1669 21.3035 12.0467 9.296 7.86197 
10.3183 17.7004 20.6999 19.8983 13.7859 9.67083 7.92642 
9.56093 18.2181 22.6524 18.9785 13.4392 9.23722 7.91355 
8.7759 20.4104 22.171 18.1651 12.5415 9.98391 7.95221 
9.04189 20.8257 20.99 18.8677 12.834 9.52656 7.91405 
10.0382 19.4933 20.8398 18.9741 13.1986 9.59087 7.86507 
9.85055 20.1961 19.521 20.2736 13.5656 8.72802 7.86512 
10.3498 20.0037 20.3737 19.4528 13.2686 8.72722 7.82407 
9.97584 17.3789 21.7794 20.9676 13.6601 8.34487 7.8933 
10.0118 16.2253 22.3729 22.0867 13.2894 8.1198 7.89402 
9.8252 14.8597 23.5961 22.3686 12.9097 8.51773 7.92291 
10.2864 13.5046 25.5831 22.1656 12.0623 8.46447 7.93342 
10.4258 13.2634 25.6908 22.0165 11.928 8.77769 7.89791 
10.3055 11.6085 28.5861 22.2351 11.0566 8.32403 7.88414 
12.3453 10.5606 27.5181 22.7185 10.8647 8.10633 7.88639 
12.9387 10.6702 26.9471 22.8271 10.3636 8.41096 7.84228 
12.4304 11.2962 25.1524 25.1605 10.048 8.09843 7.81408 
13.5384 11.0774 26.3388 23.4388 9.6957 8.08962 7.82118 
12.1779 11.4281 26.9915 23.8588 9.65554 8.01115 7.87694 
12.1835 11.933 27.4261 22.3772 10.176 7.98568 7.91857 
11.7027 12.3256 27.6781 22.1612 10.2002 7.98286 7.94931 
14.7183 13.1825 25.2923 20.9328 10.0262 7.93232 7.91554 
15.6079 12.4288 25.7172 20.6187 9.83545 7.90017 7.89178 
16.8465 11.5336 25.6246 20.1498 9.97092 7.93945 7.93525 
15.8024 10.9831 27.825 19.9985 9.56561 7.91374 7.91165 
14.1512 11.9866 26.5351 22.0091 9.56222 7.87844 7.87739 
13.2514 12.4066 26.8067 22.6435 9.17541 7.85846 7.85794 
12.6359 14.1317 25.6796 22.8307 8.93553 7.89342 7.89316 
15.3619 12.8798 26.9225 20.8469 8.34373 7.82268 7.82255 
14.2599 14.9327 26.1407 20.5909 8.35847 7.85871 7.85864 
15.5289 14.8154 24.8814 20.2692 8.77241 7.86636 7.86633 
14.8489 13.6748 25.2472 19.9439 10.517 7.88413 7.88412 
15.0472 13.0389 23.4763 20.5662 12.2352 7.81804 7.81803 
13.7567 13.5655 23.7978 20.0392 13.1637 7.83856 7.83855 
12.6035 14.1619 24.7488 19.5616 13.1976 7.8633 7.8633 
12.7494 13.7719 24.7831 21.2163 11.83 7.82459 7.82459 
12.7261 14.4535 23.3375 22.5001 11.3204 7.83122 7.83122 
12.4197 14.0567 23.1378 24.1366 10.4282 7.91045 7.91045 
12.5091 14.1149 24.2986 22.3045 10.9884 7.89223 7.89223 
11.543 13.7882 25.0099 23.1715 10.6625 7.91246 7.91246 
11.6298 14.2511 23.9491 24.3923 9.96339 7.90719 7.90719 
12.9155 12.7468 24.6964 23.8825 9.86335 7.94768 7.94768 
11.9537 12.5396 24.8147 25.212 9.75741 7.86124 7.86124 
11.0982 13.9518 24.941 25.4093 8.92183 7.83897 7.83897 
10.3568 14.5308 26.0694 24.2431 8.99388 7.903 7.903 
12.5313 15.1531 25.0668 21.6135 9.97823 7.82851 7.82851 
12.4987 14.4871 24.051 23.0019 10.2737 7.84379 7.84379 
13.0675 14.0617 23.3891 23.6667 10.217 7.7989 7.7989 
13.0555 14.4222 25.0279 22.4131 9.45635 7.81249 7.81249 
13.8611 14.2778 26.3806 20.9399 8.72817 7.90625 7.90625 
13.9305 12.8532 26.3332 22.6128 8.36409 7.95312 7.95312 
12.4428 13.3086 25.6666 22.9637 9.80002 7.90915 7.90915 
12.5926 13.0255 25.8527 22.4237 10.4402 7.83269 7.83269 
13.1339 12.0683 25.8893 23.1777 9.92094 7.90495 7.90495 
13.3589 11.2365 26.5285 23.005 10.1628 7.85421 7.85421 
13.6158 11.8321 26.9926 22.3407 9.56116 7.82884 7.82884 
13.9296 11.1089 26.1076 24.3751 8.93488 7.77199 7.77199 
15.2488 11.3237 26.3674 22.5426 8.75738 7.88008 7.88008 
14.9448 10.6342 27.8246 22.321 8.66046 7.80744 7.80744 
14.9453 11.1595 26.8199 22.9812 8.40632 7.84394 7.84394 
15.4498 11.8476 25.0909 23.5988 8.19176 7.91057 7.91057 
14.2467 11.431 26.0237 23.9733 8.58863 7.86833 7.86833 
14.4587 11.8532 24.8382 24.5615 8.63563 7.82638 7.82638 
14.4141 11.3518 25.1757 25.0374 8.27676 7.87213 7.87213 
14.4104 10.7607 25.2997 25.0893 8.65815 7.89087 7.89087 
13.7459 10.6129 24.8592 26.2074 8.83489 7.86985 7.86985 
13.6501 11.1799 24.3272 25.9049 9.23672 7.85059 7.85059 
15.282 10.1894 26.4069 24.0801 8.47593 7.78286 7.78286 
16.1156 10.3207 26.6215 22.492 8.75774 7.84623 7.84623 
16.3659 9.84312 27.8123 21.669 8.60848 7.85061 7.85061 
16.2712 9.03921 28.7591 21.8639 8.27483 7.89589 7.89589 
15.7379 10.2214 27.245 21.8969 9.10817 7.89531 7.89531 
16.3329 11.0668 25.8482 22.5472 8.47258 7.86615 7.86615 
18.1362 10.5183 26.8214 20.186 8.61696 7.86057 7.86057 
17.8295 10.244 27.459 20.3649 8.38703 7.85778 7.85778 
17.4254 9.83327 27.7113 20.6688 8.60081 7.88026 7.88026 
16.3929 9.77557 29.0594 19.8955 9.15934 7.85862 7.85862 
18.5413 9.58998 27.5391 19.6656 8.96838 7.84781 7.84781 
19.1527 10.6947 26.1589 19.4198 8.76148 7.9062 7.9062 
18.9419 10.0301 26.8257 19.5286 8.91246 7.88059 7.88059 
21.8641 9.71592 24.6664 19.4509 8.44483 7.9289 7.9289 
23.9966 10.987 25.8816 15.3706 8.09339 7.83542 7.83542 
26.132 9.44486 28.4423 12.2446 7.99806 7.86908 7.86908 
25.4929 9.69319 28.5486 12.555 7.9464 7.88191 7.88191 
25.6299 8.83433 28.5381 13.1794 7.96093 7.92868 7.92868 
24.1922 9.65668 29.2391 13.1765 8.02238 7.85656 7.85656 
25.8058 8.69931 27.3615 14.6528 7.88216 7.79925 7.79925 
22.762 9.70177 28.0469 15.6362 8.16643 7.84329 7.84329 
21.6887 9.46627 27.4081 17.5104 8.08322 7.92164 7.92164 
21.511 8.8998 27.5374 18.0885 8.04161 7.96082 7.96082 
21.5742 8.98206 28.2424 17.3776 7.96817 7.92778 7.92778 
20.493 8.46162 27.3565 18.8359 8.98409 7.93448 7.93448 
20.2153 8.12489 27.8527 19.6983 8.38612 7.86132 7.86132 
19.6243 9.1984 27.8236 18.6105 9.0269 7.85815 7.85815 
20.0495 8.7535 28.4519 18.5041 8.66775 7.78664 7.78664 
21.3516 8.58387 27.0091 19.2844 8.21737 7.77682 7.77682 
21.4866 9.02166 26.6802 18.426 8.83842 7.77354 7.77354 
22.4697 9.55969 28.3238 15.7276 8.328 7.79557 7.79557 
24.5465 9.00063 27.9606 14.8443 8.06011 7.79389 7.79389 
24.9644 8.47585 27.5889 14.7616 8.4643 7.87248 7.87248 
24.3724 9.11597 27.6664 14.8503 8.19557 7.89965 7.89965 
22.9438 9.10344 30.1968 13.3343 8.64324 7.88922 7.88922 
24.3462 9.19244 28.7212 13.8528 8.21383 7.83683 7.83683 
25.6628 9.14167 27.1172 14.2578 8.06586 7.87736 7.87736 
26.3329 8.4284 27.6535 14.1022 7.8905 7.79625 7.79625 
25.1725 8.77347 27.2006 15.2578 7.89662 7.84949 7.84949 
24.2427 8.37447 28.1709 15.451 7.93604 7.91248 7.91248 
22.4855 8.38891 27.2507 18.2297 7.88959 7.87781 7.87781 
21.7773 9.06867 27.4618 17.9199 8.03284 7.86972 7.86972 
22.3667 8.46515 27.4102 18.0794 7.94724 7.86568 7.86568 
21.428 9.58426 27.1607 18.0611 7.94916 7.90837 7.90837 
21.3294 9.86905 27.4265 16.7229 8.74381 7.95419 7.95419 
21.1993 9.02258 27.8642 17.7954 8.30272 7.90791 7.90791 
23.788 9.00404 26.5408 16.8687 8.0644 7.867 7.867 
21.4248 8.90085 27.3466 17.5253 9.01754 7.89244 7.89244 
21.6921 8.33556 27.6936 18.2221 8.3939 7.83136 7.83136 
20.3778 9.1845 27.0575 19.6462 8.21033 7.76183 7.76183 
18.5467 9.43096 28.0449 20.2336 8.06411 7.83986 7.83986 
20.7063 8.67889 27.2846 19.568 7.99547 7.88334 7.88334 
21.7455 9.24451 27.2499 18.0119 7.95343 7.89737 7.89737 
21.3139 9.18108 27.8897 17.8295 7.9473 7.91927 7.91927 
22.8594 9.50125 26.8913 17.2481 7.8427 7.82868 7.82868 
21.8398 9.64022 27.4835 17.1414 8.18002 7.85756 7.85756 
21.454 9.12278 27.2432 18.6597 7.94758 7.78635 7.78635 
19.746 9.30822 28.495 18.6653 8.08771 7.84887 7.84887 
20.2125 9.74671 27.2105 19.3635 7.90188 7.78246 7.78246 
21.5125 9.56085 27.199 18.2755 7.85719 7.79748 7.79748 
22.5744 8.71982 27.0843 18.0771 7.86799 7.83813 7.83813 
22.0244 9.1676 26.5229 18.1732 8.58143 7.76522 7.76522 
21.3837 9.84696 27.1934 17.9101 8.16068 7.75258 7.75258 
20.4841 8.78105 28.4335 18.7473 8.08628 7.73386 7.73386 
18.775 8.73184 29.1868 19.8527 7.93535 7.75914 7.75914 
19.6285 8.58279 28.2982 20.0167 7.88334 7.79523 7.79523 
21.2693 8.93536 25.2946 21.1539 7.81164 7.76759 7.76759 
20.1958 9.95357 24.7163 20.2948 9.23497 7.80229 7.80229 
20.1628 9.52224 26.4815 19.4006 8.83827 7.79725 7.79725 
17.8372 8.72152 28.0922 21.2515 8.37953 7.85902 7.85902 
19.1038 9.60767 27.0091 19.885 8.81939 7.78753 7.78753 
18.6283 9.58091 27.5173 20.1336 8.39059 7.87466 7.87466 
18.7604 8.69925 27.1137 21.6303 8.10409 7.84612 7.84612 
17.3739 9.3653 26.723 22.8841 7.97054 7.84156 7.84156 
17.6211 8.60114 29.0355 21.0032 8.06051 7.83927 7.83927 
17.9878 8.25627 29.0747 20.9446 7.98595 7.87533 7.87533 
16.9999 8.96197 27.3772 23.0101 7.92047 7.86516 7.86516 
16.451 9.37395 27.9088 22.5142 7.93577 7.90811 7.90811 
17.4027 8.64267 28.5114 21.7001 7.92358 7.90975 7.90975 
17.5602 9.42644 27.0184 22.2615 8.01584 7.85878 7.85878 
18.5146 9.72797 26.7836 21.1602 7.99022 7.91169 7.91169 
19.1339 9.18497 27.435 20.7653 7.85314 7.81387 7.81387 
20.2252 9.45142 27.0404 19.4736 8.15854 7.82543 7.82543 
21.3434 10.418 25.674 18.506 8.23312 7.91272 7.91272 
20.0666 9.1899 28.6013 18.1702 8.09745 7.93725 7.93725 
20.6073 8.82456 28.6511 18.1485 7.97622 7.89612 7.89612 
19.7154 8.9711 27.4138 20.1037 7.9587 7.91865 7.91865 
18.2164 9.1968 28.6005 20.2342 7.93072 7.91069 7.91069 
20.3736 9.22803 28.0348 18.9134 7.82338 7.81337 7.81337 
18.8407 8.94094 27.9597 20.9952 7.75785 7.75284 7.75284 
18.2349 8.42184 28.5695 21.2879 7.83029 7.82779 7.82779 
18.8966 8.15414 27.3762 21.8427 8.01609 7.85711 7.85711 
18.8854 8.05058 26.9332 22.3452 7.98156 7.90207 7.90207 
17.9973 8.45007 25.7085 24.0044 7.97308 7.93333 7.93333 
16.6419 9.0021 25.7523 24.7411 7.96743 7.94756 7.94756 
16.5177 8.43548 28.1221 23.1902 7.91814 7.90821 7.90821 
15.5759 9.70554 28.5427 22.4183 7.92249 7.91752 7.91752 
16.1977 8.82831 27.4212 23.7474 7.93678 7.93429 7.93429 
14.8081 9.20649 28.4071 23.535 8.12174 7.96076 7.96076 
15.9626 9.2579 28.7681 22.278 7.96478 7.88428 7.88428 
16.7611 9.09323 29.4138 21.2581 7.85144 7.81119 7.81119 
17.3036 8.70046 29.3223 20.9367 7.92572 7.90559 7.90559 
18.1474 8.6529 29.6463 19.8155 8.11716 7.81036 7.81036 
19.864 8.27782 27.4371 20.698 8.00995 7.85655 7.85655 
19.9949 9.01312 26.4544 20.8836 7.93579 7.85909 7.85909 
21.8867 9.06682 25.6051 19.8881 7.87669 7.83834 7.83834 
23.169 8.45191 28.0063 16.8406 7.85684 7.83767 7.83767 
22.1999 8.99518 28.3108 16.5741 8.08227 7.91883 7.91883 
22.8741 8.36856 28.5103 16.6742 7.9121 7.83038 7.83038 
21.5958 8.31126 29.1758 17.226 7.9243 7.88345 7.88345 
20.4845 8.14424 28.8329 18.7269 7.95076 7.93033 7.93033 
22.007 7.94209 27.1099 19.4254 7.84535 7.83513 7.83513 
21.6831 8.33998 27.1472 19.2596 7.96798 7.80106 7.80106 
22.1319 8.12893 27.7965 18.2808 7.94293 7.85947 7.85947 
21.0968 8.38545 29.3303 17.6281 7.98381 7.78776 7.78776 
23.273 8.08494 28.2879 16.8979 7.88412 7.7861 7.7861 
24.2464 8.29467 26.1674 17.6865 7.90101 7.85199 7.85199 
21.3884 8.14095 27.301 19.3864 7.94411 7.91961 7.91961 
21.7166 8.54332 28.0275 17.8401 7.96567 7.95341 7.95341 
21.7146 8.24719 29.4572 16.7182 7.95837 7.95224 7.95224 
22.1035 8.07496 28.5584 17.4777 7.93055 7.92749 7.92749 
21.1449 8.54059 28.7202 18.0556 7.84726 7.84573 7.84573 
22.8366 8.20111 27.5676 17.8328 7.85445 7.85368 7.85368 
23.5764 9.57168 26.7018 15.7553 8.63847 7.87821 7.87821 
23.6093 9.73792 26.2902 16.1844 8.31285 7.93272 7.93272 
22.6537 8.79978 28.0822 16.5828 8.08724 7.89718 7.89718 
21.6513 9.11965 28.3479 16.9934 8.02592 7.93089 7.93089 
21.7291 9.07696 27.8811 17.6868 7.90704 7.85953 7.85953 
14 14 14 14 14 14 14 
14.3489 15.9973 13.1813 12.4945 14.0055 15.0357 13.9368 
15.3506 14.9169 16.4963 15.8384 14.5499 11.4487 10.8992 
17.7251 15.3488 17.7166 14.8129 14.9992 9.71105 9.43632 
17.3692 15.4249 17.554 16.1966 15.8172 8.82528 8.68792 
17.0492 15.8891 18.1755 16.181 15.9913 8.36001 8.29133 
17.6524 15.6525 17.9113 15.0885 17.4277 8.13538 8.10104 
16.4949 15.2904 17.2378 17.5647 17.3028 8.05542 8.03825 
14.419 16.3272 18.4516 16.9413 17.5426 8.31641 7.99402 
12.9827 16.5141 19.1227 17.6459 17.1218 8.69429 7.91454 
12.5118 18.2571 18.3369 18.4148 16.1119 8.42878 7.93686 
12.285 17.3406 18.7318 18.459 16.9957 8.26844 7.91853 
10.3442 17.2837 19.7651 19.1034 17.1113 8.44094 7.95086 
9.97376 17.3058 20.321 18.9463 17.1151 8.39584 7.94203 
9.38939 17.982 19.6993 19.536 15.8951 9.54383 7.95424 
9.22101 17.9384 19.5338 19.2417 16.6844 9.40349 7.97712 
8.96273 18.0785 19.3823 20.4508 15.7309 9.45883 7.93593 
10.0369 18.1204 19.3065 19.3066 15.6646 9.64395 7.92096 
11.4982 17.3774 19.7113 18.4541 16.2462 8.78716 7.92566 
11.1998 19.0661 18.7655 19.2899 15.251 8.48163 7.94606 
11.3268 19.3348 18.0832 19.667 14.2334 9.41703 7.93779 
10.4953 19.5414 19.3357 18.552 14.6797 9.4354 7.96049 
10.2255 19.2839 19.8448 18.0149 15.5257 9.14248 7.96255 
10.1128 18.1526 20.348 19.1138 15.316 9.03933 7.91744 
9.05638 17.0763 20.3845 20.399 16.0791 9.04598 7.95872 
9.7044 15.4765 19.7737 20.6621 16.8501 9.58907 7.94412 
10.4429 16.81 19.1696 19.9302 16.231 9.54137 7.87501 
10.046 17.5059 18.576 20.1625 16.5585 9.2663 7.88487 
9.62975 17.517 18.7262 18.7329 17.3804 10.1388 7.87502 
9.83537 17.9798 17.6623 18.0755 18.0139 10.4997 7.93341 
10.1579 18.051 19.4207 17.6622 17.6314 9.17999 7.89684 
10.1097 17.3417 20.696 18.482 16.1052 9.41546 7.84986 
9.78605 18.5633 19.7028 18.5958 16.5472 8.90128 7.90342 
10.4724 18.5091 19.6154 17.4524 17.0719 8.95708 7.92167 
10.7686 17.9185 19.3066 16.1375 18.7656 9.17582 7.92743 
10.6245 16.2736 19.8062 17.5666 19.3173 8.51804 7.89385 
10.8317 14.8468 19.8598 18.0906 19.5071 9.02093 7.84303 
11.2657 16.6949 19.4222 16.9923 19.2458 8.48397 7.89502 
11.9266 16.7391 17.9861 17.0043 19.18 9.25364 7.91022 
12.6152 17.1278 17.8623 17.3713 17.794 9.28314 7.94624 
12.4235 17.7914 18.0513 16.5183 18.3391 8.93342 7.94308 
10.5496 19.398 18.7288 16.9349 17.3887 9.03292 7.96697 
9.7052 19.7201 19.5965 15.535 17.9771 9.57975 7.88644 
10.1924 18.2338 19.0215 16.384 18.4545 9.88696 7.82671 
10.1073 18.9165 19.8671 15.2076 18.47 9.62054 7.81091 
10.2824 18.6086 18.7571 16.4273 18.0585 10.039 7.82702 
9.65734 17.9064 18.7334 17.461 19.3519 8.99801 7.89201 
8.78472 16.9752 20.026 19.4997 17.9177 8.89461 7.90205 
8.85859 18.0737 20.3616 19.1181 17.3466 8.36887 7.87259 
9.0913 16.7291 22.8848 18.0672 17.1815 8.14714 7.899 
9.76787 16.1423 24.109 18.3669 15.5907 8.07357 7.9495 
9.57877 15.8177 22.8526 19.7468 15.0724 8.96636 7.96536 
9.71109 18.0878 21.829 18.039 16.0373 8.39817 7.89767 
10.2402 14.7582 24.431 18.2503 16.2604 8.15513 7.90488 
10.2965 15.3791 22.9214 18.4192 16.0126 9.01874 7.95244 
10.886 15.4179 23.0532 18.8115 15.3833 8.49064 7.95748 
11.398 17.0348 22.7626 19.5181 13.1973 8.1779 7.91133 
11.391 17.446 23.7697 18.4644 13.0719 7.9952 7.86191 
11.7661 17.8841 22.0394 18.5037 13.9311 7.97111 7.90447 
11.0233 18.4047 21.4169 18.2472 15.0263 7.95752 7.9242 
10.398 20.2251 21.2766 18.4418 13.7631 7.95603 7.93937 
9.50739 20.43 19.9354 19.5383 14.7047 7.94627 7.93794 
10.7722 20.1687 19.3427 18.9127 14.9912 7.90832 7.90415 
10.1535 20.5495 19.9039 18.4098 15.17 7.90765 7.90557 
10.8933 21.6841 20.6902 18.6009 12.3949 7.86881 7.86777 
11.6005 20.9703 21.1143 17.6338 12.3513 8.42159 7.90824 
12.826 19.7357 22.2668 16.4281 12.6159 8.19206 7.93539 
12.2541 18.7464 21.1801 18.6113 13.2005 8.06799 7.93966 
11.6443 20.0628 20.4751 19.3056 12.6922 7.94204 7.87787 
11.7178 18.9883 21.1219 18.6097 13.3756 8.27941 7.90719 
12.7932 20.3214 20.7799 17.4557 12.7705 8.03265 7.84654 
13.5725 20.1144 20.5752 16.4825 13.4454 7.95151 7.85845 
12.7122 20.4276 20.5345 17.1301 13.3894 7.92637 7.87984 
11.478 21.1894 20.877 17.2236 13.524 7.86563 7.84236 
11.5703 20.024 20.24 17.6689 14.3302 8.27524 7.8914 
12.1143 19.5057 19.6137 18.2015 14.3803 8.31484 7.86975 
12.8698 19.1202 19.7825 18.1032 14.1245 8.17202 7.82782 
11.7666 19.9867 20.9102 18.2933 13.1049 8.11444 7.82386 
12.0108 18.6943 22.2198 17.48 13.7828 7.97879 7.8335 
10.8321 19.3719 23.3624 17.2796 13.3271 7.94979 7.87715 
11.8325 18.1605 21.4875 19.1725 13.4432 7.97005 7.93373 
11.5007 18.9504 21.0035 19.4564 13.345 7.88113 7.86297 
11.4322 18.6924 22.3704 19.1979 12.228 8.23349 7.84563 
11.6129 16.7172 24.2073 19.7955 11.7651 8.04795 7.85402 
11.4535 17.0645 23.0448 20.6036 11.8826 8.02398 7.92701 
12.6278 17.9072 21.6787 20.8487 11.1496 7.91824 7.86975 
12.6283 18.3608 20.762 20.6048 11.7604 7.95396 7.92972 
12.595 18.6632 22.8194 19.0462 11.0526 7.91787 7.90575 
11.8131 20.0031 20.7622 19.9548 11.6414 7.91577 7.90971 
10.8941 19.4778 21.9771 20.4512 11.307 7.94791 7.94488 
10.6525 20.5608 22.7694 19.1297 10.859 8.08354 7.94504 
10.5682 20.8987 21.4653 20.452 10.8058 7.93962 7.87037 
10.4022 21.3417 22.15 19.1499 11.1772 7.90682 7.87219 
12.1344 18.0042 24.1417 20.1083 9.72193 7.95341 7.9361 
11.0417 17.548 23.9331 21.4062 10.2181 7.93079 7.92213 
10.574 18.6144 23.4027 19.7456 11.492 8.22071 7.95043 
12.1419 17.775 23.3949 20.3567 10.4503 8.00821 7.87306 
12.4678 16.4593 22.4024 20.4917 12.4053 7.92055 7.85298 
15.0328 15.7715 22.6537 19.324 11.5099 7.87089 7.8371 
13.4721 15.919 22.9612 20.0498 11.5721 8.22907 7.79667 
14.9392 16.5533 22.6785 18.4885 11.5152 8.02079 7.80458 
13.8982 16.7052 23.7678 19.6728 10.0433 8.01039 7.90229 
13.4477 14.7186 26.3401 19.2528 10.3267 7.98398 7.92993 
15.1938 15.1462 25.3285 18.6428 9.80816 7.95374 7.92671 
16.2746 13.9092 25.4742 18.5501 9.86276 7.97136 7.95785 
17.9491 13.2718 24.9683 17.8772 10.1733 7.88353 7.87677 
16.7614 14.0129 25.0524 18.3648 10.0047 7.90351 7.90013 
15.0652 13.9583 25.6278 19.0755 10.6173 7.82876 7.82707 
14.251 14.3435 26.1214 19.0985 10.6058 7.79035 7.78951 
12.8358 14.8319 25.8741 19.8556 11.0132 7.7949 7.79447 
11.8527 15.1605 24.7577 22.4278 10.1262 7.83767 7.83745 
11.3241 14.1144 25.8732 23.1457 9.75059 7.89611 7.896 
11.9469 14.0404 24.3891 23.165 10.7412 7.85867 7.85861 
13.9791 15.1663 23.8519 21.1331 10.1459 7.86192 7.86189 
13.2888 15.1947 24.5244 22.2463 9.00995 7.86797 7.86795 
12.4415 14.6988 24.2912 23.8768 8.99773 7.84703 7.84702 
13.9019 15.0306 23.4499 22.3732 9.57133 7.83656 7.83655 
12.7373 14.4886 24.4846 22.7593 9.97854 7.77585 7.77584 
13.4089 14.2845 26.1791 21.4371 9.15594 7.76723 7.76723 
13.765 14.0587 25.9138 21.6696 9.04483 7.77411 7.77411 
14.3969 13.3877 25.6736 22.251 8.71317 7.78879 7.78879 
15.4213 15.1819 24.2427 21.0724 8.33536 7.87317 7.87317 
15.6586 13.6603 26.4277 20.3628 8.21392 7.83832 7.83832 
15.7316 11.8589 27.5817 21.1009 8.12995 7.79847 7.79847 
15.3371 11.5329 27.8713 21.6137 8.08796 7.77855 7.77855 
14.4999 11.4351 27.017 23.4522 7.9684 7.81369 7.81369 
15.1217 11.1111 26.7738 22.2217 9.08624 7.84271 7.84271 
15.5296 11.3368 27.2932 21.1109 9.07437 7.8276 7.8276 
14.0326 11.6513 28.034 21.809 8.66824 7.90241 7.90241 
13.1357 11.4973 27.4499 23.7403 8.51322 7.8318 7.8318 
13.4956 11.1703 29.237 22.1111 8.32288 7.83156 7.83156 
14.6582 10.3613 28.7976 22.1003 8.4898 7.79638 7.79638 
15.9449 9.41793 27.5344 23.1971 8.1997 7.85299 7.85299 
14.5322 9.08214 28.4902 23.5519 8.6188 7.86236 7.86236 
16.4469 9.62582 27.9457 21.8042 8.40545 7.88598 7.88598 
14.3104 10.61 27.0163 23.5108 8.8404 7.85603 7.85603 
15.0803 9.62777 26.9087 24.4355 8.31069 7.81851 7.81851 
16.061 11.2448 25.8338 22.9895 8.33541 7.76777 7.76777 
17.5106 11.127 24.9964 21.1278 9.51939 7.85942 7.85942 
16.8198 12.0151 25.0788 21.6929 8.79195 7.80068 7.80068 
15.1709 12.1396 26.2187 22.4817 8.32679 7.83116 7.83116 
16.5192 11.113 25.7894 22.6241 8.34207 7.80607 7.80607 
14.831 11.9851 27.0376 22.1692 8.17104 7.90303 7.90303 
15.7237 10.6753 27.4161 22.1118 8.31513 7.87901 7.87901 
17.0682 9.30592 27.0414 22.6432 8.12582 7.90776 7.90776 
17.1406 9.16115 28.6846 21.1577 8.02466 7.91563 7.91563 
18.7614 8.56147 27.2404 21.5661 7.99322 7.93871 7.93871 
17.5345 8.89612 28.3894 20.3215 8.91969 7.96935 7.96935 
19.087 9.24457 27.2761 20.0445 8.52961 7.9091 7.9091 
19.5133 9.90929 28.1396 18.4815 8.1923 7.88204 7.88204 
20.1424 9.25732 26.8294 20.22 7.95372 7.79859 7.79859 
19.2776 9.86675 26.5893 20.2687 8.26257 7.86755 7.86755 
19.4547 8.92111 26.6382 21.0239 8.11902 7.9215 7.9215 
19.6058 9.1718 27.1489 20.2384 8.01088 7.91212 7.91212 
17.9279 8.6484 28.1057 21.213 8.38044 7.86231 7.86231 
18.3013 8.23986 28.0589 21.6005 8.10588 7.84682 7.84682 
18.9333 8.77832 29.0915 19.6512 7.93493 7.8054 7.8054 
18.1557 9.26721 29.6372 19.2768 7.93088 7.86611 7.86611 
19.1934 8.96886 27.9689 20.1875 8.01168 7.83479 7.83479 
18.5198 8.63828 28.7537 20.2476 8.00584 7.9174 7.9174 
18.6538 8.41005 27.7102 20.2753 9.15444 7.89809 7.89809 
18.6541 9.70961 26.3933 20.5352 8.85856 7.92458 7.92458 
19.1658 8.88706 28.6805 18.9773 8.62283 7.83326 7.83326 
18.8186 8.42442 29.7861 18.8835 8.29231 7.89752 7.89752 
19.0423 8.18775 27.89 20.9097 8.12169 7.9243 7.9243 
20.0475 8.73784 27.8769 19.7428 7.93081 7.83212 7.83212 
22.2528 8.54848 25.8579 19.9333 7.83538 7.78603 7.78603 
23.5436 9.57226 25.1806 17.2514 8.71901 7.86652 7.86652 
24.3948 9.04842 26.3608 16.1667 8.29393 7.86769 7.86769 
25.466 9.54039 27.9053 13.0995 8.35409 7.81734 7.81734 
26.2509 9.98192 28.9364 11.11 8.08584 7.81746 7.81746 
27.7961 8.88318 28.8394 10.9442 7.93513 7.80095 7.80095 
24.8888 9.24035 30.2092 12.1285 7.99234 7.77044 7.77044 
25.6843 9.13731 28.1887 13.2293 8.20177 7.7793 7.7793 
25.3794 8.44925 29.4675 13.1818 7.98148 7.77025 7.77025 
24.6431 8.45203 29.311 13.8795 8.07237 7.82098 7.82098 
24.0775 8.54149 29.09 14.8267 7.90524 7.77954 7.77954 
23.1499 8.239 27.8783 17.0959 7.92087 7.85802 7.85802 
