5 80000 300 266
20 20 20 20 20 
15 21.25 25 17.25 21.5 
12.598 24.3505 26.6176 17.4485 18.9853 
13.4419 24.3776 24.0231 17.3552 20.8022 
15.2177 22.3195 24.7567 17.8279 19.8782 
13.8072 23.3498 27.0477 17.5917 18.2036 
16.9036 21.6749 23.5239 18.7958 19.1018 
18.4518 20.8375 21.7619 19.3979 19.5509 
16.1032 21.3853 25.1932 18.2491 19.0691 
14.8245 20.6528 28.1345 17.8895 18.4987 
13.6203 21.4002 28.8323 16.9984 19.1487 
12.5667 20.733 29.7122 18.6966 18.2914 
11.4917 21.4082 29.2311 18.9316 18.9374 
11.5479 21.7962 30.3152 18.3395 18.0011 
11.3502 21.8647 29.6557 17.5341 19.5954 
11.6596 21.7431 29.6927 17.2612 19.6432 
11.6379 22.2352 29.4928 18.4791 18.155 
15.8189 21.1176 24.7464 19.2396 19.0775 
13.7365 21.837 26.095 18.0784 20.253 
11.8522 22.9764 26.3916 18.2032 20.5767 
12.1079 25.1246 26.2867 16.738 19.7429 
12.304 23.2766 28.3219 17.4761 18.6214 
11.6344 22.3839 28.6346 16.8521 20.4949 
11.9196 24.3809 27.9 16.1032 19.6963 
12.0779 22.739 28.7179 17.1233 19.3418 
12.8908 23.0362 28.0627 17.8209 18.1894 
16.0784 20.6924 25.4992 19.0022 18.7277 
18.0392 20.3462 22.7496 19.5011 19.3639 
15.5597 21.9874 24.455 18.6113 19.3866 
14.5174 20.9228 28.8942 18.7028 16.9628 
14.6 21.1757 30.1217 17.6847 16.4179 
14.0797 21.6048 30.7388 17.1051 16.4717 
14.2947 21.5867 29.6831 16.9839 17.4515 
14.7474 22.3934 27.8416 16.692 18.3258 
14.3548 22.1401 29.2038 15.7045 18.5968 
15.2483 22.8811 29.3657 14.3483 18.1567 
14.8012 24.3592 28.3192 14.5904 17.93 
15.5596 24.5227 29.4316 14.199 16.2872 
15.0064 26.3238 26.8252 14.912 16.9327 
14.4359 24.9266 28.5386 15.6493 16.4495 
13.722 24.2519 29.5132 15.9547 16.5581 
13.1901 24.1513 28.8916 16.2052 17.5617 
13.0266 25.3536 28.3462 17.2312 16.0423 
13.0667 22.6283 30.1925 17.8389 16.2736 
13.2433 22.1367 30.0313 18.4433 16.1454 
12.7141 22.4129 29.5115 18.6754 16.6862 
12.757 22.6064 29.7557 17.3377 17.5431 
12.5666 20.9567 30.967 18.5698 16.9399 
13.1015 21.6354 30.3595 17.9626 16.941 
13.4738 19.792 29.7951 18.2121 18.7269 
14.1588 20.4429 31.1085 17.3092 16.9806 
15.0655 20.9853 28.7487 17.6824 17.5181 
17.5328 20.4927 24.3743 18.8412 18.759 
18.7664 20.2463 22.1872 19.4206 19.3795 
18.7582 21.4513 21.6405 18.304 19.846 
15.2614 21.7551 26.0776 17.6079 19.298 
14.5504 22.0382 27.3245 17.7325 18.3544 
14.7851 22.0863 27.4962 17.3643 18.2681 
14.2733 22.511 28.8857 17.8565 16.4735 
13.418 23.5671 28.0107 18.7272 16.2769 
13.4295 23.0739 29.3279 17.9658 16.203 
14.388 23.6656 28.2778 17.1512 16.5173 
14.6459 24.5732 28.0812 16.9891 15.7106 
16.6253 22.461 27.122 16.3434 17.4483 
15.3881 24.2022 27.0044 15.483 17.9223 
15.0673 22.9306 29.1704 15.5756 17.2561 
15.5218 24.1872 27.0112 15.4801 17.7996 
16.3052 21.9037 26.7968 15.6514 19.3429 
16.3652 23.0292 26.6834 15.7967 18.1255 
16.6163 22.358 27.4983 16.6333 16.8941 
17.5121 22.373 26.9332 15.7793 17.4023 
17.3419 21.7926 26.8505 15.4654 18.5496 
15.9626 21.5734 27.7481 17.6285 17.0873 
15.7439 22.4305 28.7143 16.8051 16.3062 
14.8768 22.3264 28.3668 18.5475 15.8826 
14.9856 21.2261 29.5922 18.0788 16.1174 
15.0229 21.1552 29.5551 17.7743 16.4924 
14.3407 22.5288 27.9483 17.9116 17.2706 
14.9593 22.0684 28.0445 17.4985 17.4293 
16.1106 22.0461 26.8199 16.4873 18.5361 
15.7476 23.0743 27.7689 16.9616 16.4475 
17.2647 24.4813 26.5748 16.095 15.5842 
16.0056 24.4526 27.1123 17.0337 15.3958 
17.2207 24.2375 24.45 16.3381 17.7538 
16.202 22.0664 26.6229 17.5931 17.5156 
15.478 22.7818 26.4262 17.5397 17.7742 
15.6338 20.4552 28.7102 18.419 16.7818 
14.6952 21.0742 27.5826 17.6751 18.9729 
13.8083 21.773 27.2744 17.5454 19.5988 
14.6422 21.8984 28.2206 17.7013 17.5375 
17.0695 23.2134 25.7455 16.3978 17.5738 
16.3192 24.1815 24.8488 15.9833 18.6671 
16.3229 23.8255 26.455 16.1549 17.2417 
16.0751 21.9847 26.8966 17.43 17.6137 
15.7063 20.1948 28.7857 18.2242 17.089 
17.4462 18.8183 28.0556 17.833 17.8468 
16.7876 18.5489 27.1999 17.2498 20.2137 
17.0894 21.5027 25.8282 17.5923 17.9873 
16.016 22.8203 26.9946 17.4168 16.7523 
17.1478 23.5069 25.5941 16.2353 17.5159 
16.6484 20.4491 26.4616 18.0555 18.3853 
16.9449 18.8453 26.3343 18.3381 19.5375 
16.4971 18.9905 26.7474 19.0456 18.7194 
14.7092 21.293 28.2613 19.0734 16.663 
17.0862 20.0425 27.5535 17.5904 17.7275 
17.264 19.6143 26.8581 18.3882 17.8754 
18.3881 18.3437 28.673 17.7307 16.8645 
18.3181 18.2959 28.935 17.6245 16.8264 
18.3947 18.3836 28.1618 17.411 17.6489 
18.8402 19.549 27.2952 16.9198 17.3959 
18.9092 19.2635 26.4213 17.584 17.822 
18.1251 21.1925 25.6384 17.1735 17.8705 
18.3091 20.1853 25.148 17.4909 18.8668 
18.832 19.4475 25.7998 17.1325 18.7882 
18.6753 18.983 25.8629 17.2082 19.2707 
18.3493 21.4101 26.8849 15.8716 17.4842 
18.8175 20.3479 25.5853 16.8644 18.3849 
17.5256 19.2649 26.7537 17.5231 18.9327 
17.9827 19.2069 25.4336 18.336 19.0408 
17.9317 20.1995 23.3128 18.7707 19.7853 
17.0428 20.0997 24.3487 19.3853 19.1234 
17.544 21.3281 23.4526 19.4671 18.2083 
18.7152 22.5959 23.374 16.8358 18.4792 
19.2061 20.7676 23.0506 17.5088 19.4669 
19.0625 19.5054 22.3361 18.5517 20.5442 
18.0108 19.9866 23.4488 17.1706 21.3832 
18.2252 20.6316 24.845 17.4505 18.8476 
18.8584 20.909 22.592 18.471 19.1696 
19.5854 21.0014 22.6241 18.6105 18.1785 
19.1095 20.128 22.8027 18.0009 19.9588 
18.2644 21.3543 23.982 17.3876 19.0117 
18.2563 20.8961 24.0348 17.8179 18.9949 
19.5281 20.4481 23.6174 17.3089 19.0974 
19.6905 20.8858 23.5734 16.7427 19.1075 
20.2801 20.0081 21.7867 17.9366 19.9886 
20.0607 20.7183 20.0203 18.4921 20.7086 
20.9326 19.0058 21.2884 18.2686 20.5047 
20.8663 19.1029 20.6442 18.7343 20.6523 
20.8178 18.7822 21.4759 18.9825 19.9415 
19.9327 19.7086 22.2459 18.6183 19.4946 
19.2687 19.1566 23.1385 18.6115 19.8248 
20.2276 18.9003 23.8574 18.6278 18.387 
20.3702 20.5613 21.7577 18.7156 18.5952 
20.0336 21.2655 21.8637 18.4487 18.3885 
19.8458 20.4618 21.1883 19.0534 19.4507 
19.9229 20.2309 20.9788 18.7575 20.1099 
20.2074 22.0007 21.1451 17.9853 18.6615 
20.9908 21.081 21.0564 17.8636 19.0082 
19.1568 20.7767 21.9455 18.7743 19.3466 
19.9951 19.555 22.6394 18.5538 19.2566 
19.8266 18.7519 22.4308 19.106 19.8847 
20.9789 18.8022 22.281 18.5694 19.3686 
19.8911 19.6575 20.9696 19.5411 19.9407 
19.7746 19.2305 21.5959 20.027 19.3721 
19.6434 20.5908 20.554 19.7696 19.4421 
20.1271 20.9824 20.964 18.6634 19.263 
20.0635 21.4436 20.482 18.8555 19.1553 
20.3121 21.0022 19.5868 19.2408 19.858 
19.8906 21.1206 20.8553 19.3549 18.7786 
19.4494 20.4776 20.7583 20.8345 18.4802 
20.0695 21.0147 18.9998 20.331 19.5849 
19.8479 19.8531 20.2476 20.4459 19.6055 
20.2843 19.386 20.0337 20.1329 20.1631 
20.8564 19.5144 18.9454 19.8879 20.7959 
21.4902 19.4917 20.0922 19.236 19.69 
20.8368 19.3789 21.0553 19.7097 19.0193 
21.5791 19.0644 20.7955 18.7834 19.7775 
21.0699 18.878 21.1454 19.2048 19.7018 
20.1183 19.8557 20.5727 20.0191 19.4343 
19.6922 20.0196 20.8368 19.6426 19.8089 
20.0823 19.0649 21.442 19.2701 20.1407 
20.0412 19.5325 20.721 19.635 20.0703 
20.4751 21.1299 19.4514 19.363 19.5806 
20.0506 20.378 19.5388 20.4292 19.6034 
20.3057 20.0021 19.5825 20.0277 20.0821 
20.8966 19.092 19.7086 19.518 20.7848 
20.7932 20.3218 19.3371 18.8107 20.7372 
20.3966 20.1609 20.1231 19.4054 19.9141 
21.359 20.3483 19.883 19.0777 19.332 
20.2949 19.7895 20.5184 19.635 19.7622 
20.9583 19.8047 19.2682 19.7274 20.2414 
21.2229 19.8197 19.1382 18.9546 20.8645 
21.0877 20.386 19.0929 19.0011 20.4323 
20.5438 20.193 19.5465 19.9767 19.7399 
19.8873 20.1927 19.8694 20.5653 19.4854 
20.6274 19.9254 19.3364 20.5391 19.5717 
21.028 21.1234 19.0432 19.6445 19.1609 
20.6017 21.9652 18.7321 19.91 18.791 
20.6612 20.4421 20.1769 19.8649 18.8549 
20.3306 21.1301 20.0884 19.9325 18.5184 
20.9091 20.4824 20.788 19.0571 18.7633 
20.8893 20.2412 20.8288 19.0938 18.9469 
21.3538 20.5751 20.4144 19.0923 18.5643 
20.5825 21.1366 20.1129 19.4518 18.7161 
19.6663 21.2826 20.3243 19.9938 18.7331 
20.1935 20.1008 20.0721 19.9068 19.7269 
19.4717 18.979 20.7503 20.6677 20.1313 
20.0162 19.3026 20.6555 20.1469 19.8787 
20.1043 19.7474 20.4239 20.1696 19.5548 
20.2463 20.5533 19.9207 19.7935 19.4861 
20.0331 21.5379 19.8703 19.8067 18.7521 
20.5428 20.8567 20.0228 19.9911 18.5866 
20.7062 19.5588 20.0114 19.5607 20.1628 
21.3701 19.5252 20.1752 18.255 20.6746 
21.8919 19.6764 20.4324 18.1792 19.8201 
21.1401 20.0324 19.925 18.7983 20.1042 
21.2844 19.3912 20.2303 18.7742 20.32 
21.0025 20.056 20.4755 18.8465 19.6194 
20.3144 19.8411 20.5181 19.7036 19.6228 
19.9862 20.6043 20.9428 19.6809 18.7858 
19.3948 20.5586 20.3005 20.0969 19.6493 
18.3931 22.0184 19.7155 20.918 18.9551 
19.7898 21.6024 19.6035 20.2048 18.7996 
19.9866 20.893 19.4348 20.1941 19.4915 
19.4761 20.3603 19.6312 20.0109 20.5216 
20.8491 19.4394 20.4637 19.2647 19.983 
20.975 21.6463 19.4062 18.8067 19.1658 
21.7488 20.7331 19.613 18.4123 19.4928 
21.4939 20.5435 20.8684 18.4982 18.596 
21.1636 19.8551 20.0176 18.8324 20.1313 
20.9592 20.3049 19.9144 19.3219 19.4996 
21.1353 19.9885 19.7933 19.0872 19.9957 
20.8136 19.0107 20.5524 19.3796 20.2438 
20.6746 19.7732 19.6512 19.5113 20.3897 
20.3373 20.7562 19.8256 19.7556 19.3253 
18.8643 20.8129 19.9128 20.7474 19.6627 
18.8916 21.2172 19.8663 20.734 19.2908 
19.9927 20.3742 20.0894 20.5233 19.0204 
19.9063 19.6466 20.8555 20.622 18.9697 
19.8588 19.729 19.8617 20.6884 19.8622 
19.3634 20.2418 19.8365 21.1932 19.3651 
20.2749 20.2904 20.0878 19.9187 19.4283 
20.2292 21.1544 19.6769 19.5924 19.3472 
20.6651 20.2102 20.3889 19.4292 19.3066 
20.8367 18.9286 19.8583 20.2188 20.1575 
21.1327 21.0715 19.3042 19.038 19.4538 
20.8467 20.3488 19.9325 19.3321 19.54 
20.8581 21.044 19.9662 19.2313 18.9004 
21.1434 19.4506 21.1438 18.9906 19.2716 
20.3062 20.7872 20.3064 19.6723 18.9279 
20.5879 21.698 19.2836 19.8362 18.5944 
20.3857 20.482 19.7336 20.0098 19.3889 
20.5532 20.1509 19.7767 19.9148 19.6044 
20.9247 20.7236 19.6106 19.6796 19.0614 
21.3319 21.2314 19.3705 19.405 18.6612 
20.4699 20.4196 19.9794 19.9966 19.1345 
21.2969 19.9443 19.2817 19.2904 20.1867 
20.8254 20.5916 19.3754 18.9372 20.2704 
21.3883 22.0844 19.0373 18.4117 19.0783 
21.3423 21.2274 19.2409 18.9281 19.2614 
20.9653 20.4176 19.9145 19.268 19.4346 
20.5667 19.8727 20.0413 19.718 19.8013 
20.2833 19.9363 20.4752 19.859 19.4461 
20.4095 20.236 20.059 19.7509 19.5445 
21.1139 20.118 20.9386 18.9664 18.8632 
21.2051 19.7812 21.1175 19.2054 18.6908 
20.6025 20.3452 20.5587 19.6027 18.8909 
20.8055 21.5171 19.1029 19.4652 19.1093 
20.6706 21.9193 18.9264 19.554 18.9297 
20.1392 21.2538 19.2671 20.0711 19.2687 
21.1316 20.8039 19.3681 19.3276 19.3689 
20.6575 20.4937 19.3171 19.2968 20.2349 
20.3288 20.7014 19.6585 18.7393 20.572 
20.912 20.6311 19.6424 18.7155 20.0991 
21.1703 20.137 19.6426 19.1792 19.871 
21.6471 20.6879 19.5558 18.4391 19.67 
20.8236 20.344 19.7779 19.2196 19.835 
20 20 20 20 20 
14.9223 23.7306 25.544 19.0674 16.7358 
13.271 24.7174 28.265 17.9844 15.7622 
12.7693 23.1394 29.0024 17.5424 17.5465 
12.1539 23.8774 29.5012 17.6173 16.8502 
11.4048 22.7993 29.7096 18.8497 17.2366 
11.1769 24.7208 28.176 18.184 17.7424 
10.5542 24.6892 30.8688 18.1673 15.7205 
11.7887 23.7399 30.0856 17.9209 16.4649 
11.3521 23.4897 30.5357 17.4111 17.2113 
12.543 23.762 30.2893 17.2893 16.1164 
12.8258 23.6788 30.1259 16.1353 17.2342 
12.8523 24.9076 30.0251 16.9691 15.2459 
12.6292 25.0478 30.802 16.9432 14.5778 
15.156 23.4995 29.7303 17.3131 14.3011 
17.578 21.7497 24.8651 18.6565 17.1506 
18.789 20.8749 22.4326 19.3283 18.5753 
18.3689 19.8391 22.3274 20.7752 18.6893 
16.2621 20.8785 25.7756 18.8351 18.2488 
18.131 20.4392 22.8878 19.4176 19.1244 
19.0655 20.2196 21.4439 19.7088 19.5622 
17.2251 20.7433 25.6541 18.6779 17.6997 
16.536 19.6613 29.2205 18.9018 15.6804 
18.268 19.8306 24.6102 19.4509 17.8402 
17.0575 20.8443 25.9663 18.1954 17.9365 
14.7559 21.4111 28.3678 17.7058 17.7595 
13.8485 24.235 28.4976 16.1078 17.3111 
13.4745 23.9079 29.9693 15.4775 17.1708 
14.3003 22.8783 30.741 14.8816 17.1989 
14.4082 21.5198 31.0963 15.1021 17.8736 
14.093 22.0932 29.1037 16.2177 18.4924 
14.0576 20.6407 29.8655 17.5184 17.9178 
12.8057 19.4837 31.865 17.7234 18.1222 
13.1714 23.0606 30.343 17.8136 15.6113 
13.413 21.7713 31.6374 17.943 15.2354 
12.9012 22.3901 30.8629 18.0423 15.8035 
13.8506 23.395 29.4315 17.2211 16.1018 
13.648 23.2521 29.6317 16.5938 16.8744 
13.8199 24.589 28.3961 16.5273 16.6677 
13.5339 25.9697 28.0869 17.238 15.1714 
14.2436 24.9008 29.2304 16.5629 15.0624 
13.8851 25.0108 28.1418 17.2187 15.7437 
13.9097 22.7513 29.0299 17.4208 16.8883 
14.6472 22.3068 30.102 17.01 15.934 
14.4664 23.2224 29.3367 17.8646 15.1099 
13.7717 22.5727 29.8607 17.3938 16.4011 
11.9279 21.7906 29.4261 18.991 17.8644 
11.6511 22.2697 29.8789 19.2112 16.9891 
12.2772 23.3468 29.9164 18.5918 15.8678 
13.425 21.7237 31.0386 18.0898 15.7228 
13.5932 22.1004 28.8221 17.5312 17.9532 
13.3623 23.929 26.7848 16.5939 19.3301 
13.3183 24.3539 27.3304 16.2615 18.7359 
12.5647 23.5943 27.6416 17.1859 19.0136 
13.3953 23.3034 29.0928 16.3335 17.875 
14.1395 21.8843 29.1975 16.5389 18.2398 
13.3198 22.1921 29.0988 17.7694 17.6199 
13.7414 22.2549 30 17.683 16.3207 
13.6015 22.9063 28.2212 17.9761 17.295 
14.4094 22.8662 28.241 17.1402 17.3431 
15.7937 23.0895 27.6174 17.1591 16.3403 
14.3701 22.9287 29.6569 17.5081 15.5362 
15.1161 22.154 29.3112 17.7196 15.6991 
17.558 21.077 24.6556 18.8598 17.8496 
17.5092 21.6496 25.8199 18.1601 16.8613 
15.3455 24.6884 25.6372 16.8073 17.5216 
14.9415 23.5777 28.6776 16.3332 16.47 
15.6168 23.0248 27.2602 17.4362 16.662 
14.9843 25.1698 26.3616 17.0515 16.4328 
14.0367 26.4593 26.008 16.9027 16.5934 
13.5628 26.3186 25.3077 17.3519 17.459 
13.1854 24.982 25.708 18.0355 18.0891 
13.9175 23.0005 25.9113 18.5719 18.5987 
14.5859 22.7997 26.2325 17.7605 18.6214 
15.1877 24.0314 25.7478 17.5645 17.4686 
15.4317 23.9076 24.7658 16.6201 19.2748 
15.434 24.7055 25.4702 16.3637 18.0267 
15.4635 25.2635 25.8806 17.1021 16.2903 
15.1127 25.0127 27.226 16.8844 15.7642 
16.0615 23.8466 26.4996 16.6896 16.9027 
14.9895 24.2944 27.6828 16.5922 16.4411 
14.4466 24.4467 27.2104 16.5849 17.3114 
14.9348 24.6611 27.2868 15.7551 17.3622 
15.6641 25.1721 25.9385 15.8011 17.4243 
15.7647 22.6822 28.1135 16.7948 16.6448 
16.0219 22.0969 28.0102 17.409 16.4619 
16.0948 24.2221 27.7776 16.7883 15.1172 
15.806 23.6053 26.5325 17.8769 16.1793 
16.8774 24.3668 25.8303 16.3744 16.5512 
17.3982 22.877 25.3429 16.8577 17.5241 
16.1065 23.3433 25.3699 16.8945 18.2859 
16.7338 22.0883 25.8794 16.7806 18.5179 
16.8575 22.3649 26.1472 17.1953 17.4351 
17.8227 21.1825 26.407 16.4764 18.1115 
18.1505 20.3738 28.4209 16.1187 16.9362 
18.3218 20.8034 26.1967 16.9634 17.7147 
18.2252 20.928 26.5487 16.3765 17.9217 
18.3941 20.3442 27.0468 16.5715 17.6435 
17.7958 21.0001 26.2622 16.566 18.3759 
17.0797 22.0152 27.6766 16.1618 17.0667 
16.9736 21.5498 26.1877 16.5146 18.7743 
17.6535 20.4971 27.2605 16.0351 18.5538 
17.3173 20.3114 27.4667 16.5081 18.3964 
16.932 20.2277 26.3233 19.0454 17.4716 
18.2063 20.8281 26.1487 17.9643 16.8527 
17.2952 20.0186 28.6111 17.7392 16.3359 
18.1547 19.8684 26.2774 17.6724 18.0271 
18.0326 21.1283 26.1984 17.7914 16.8494 
17.9335 19.7998 26.1565 18.1314 17.9788 
17.511 21.9252 25.7365 17.2935 17.5337 
18.8184 21.34 24.5035 16.5084 18.8298 
18.0759 21.67 24.9184 17.2542 18.0815 
19.4406 20.5665 25.2109 16.6808 18.1012 
20.2466 22.1254 23.4607 16.2351 17.9322 
18.7968 21.777 26.0161 16.2808 17.1293 
19.6257 21.1158 23.6141 16.8525 18.7919 
18.9632 21.3422 22.9182 17.5766 19.1999 
17.2738 22.3594 22.8227 18.8532 18.6909 
17.6024 22.9038 24.17 17.7025 17.6213 
18.8706 23.2575 22.5017 17.1846 18.1856 
18.7457 23.6977 23.3198 16.5233 17.7135 
19.0157 21.4917 23.8028 17.5474 18.1425 
18.7103 21.1753 24.4781 17.3626 18.2737 
18.0357 21.0043 23.3501 18.4035 19.2063 
18.5858 20.0701 24.9467 17.2265 19.171 
18.8167 21.9398 22.7908 17.7402 18.7125 
18.6676 21.7106 22.5065 17.759 19.3563 
18.9492 21.7528 23.7533 17.2128 18.332 
18.5987 22.5552 22.0956 18.4604 18.2901 
19.9293 22.6949 22.0714 17.4979 17.8065 
18.5977 20.3403 23.6256 18.4612 18.9752 
17.8605 20.4441 25.5115 19.1621 17.0218 
17.9528 20.7484 23.282 18.9795 19.0372 
18.8125 21.0299 22.7066 18.916 18.535 
18.4642 21.0222 24.7591 18.1537 17.6008 
19.3947 21.0802 22.9487 18.0199 18.5565 
19.5458 21.9037 22.0804 18.1009 18.3692 
19.9178 22.1838 22.9967 17.0214 17.8802 
20.528 20.4415 22.474 17.8603 18.6962 
20.0466 20.728 22.1065 17.9881 19.1307 
20.2797 20.6204 22.1644 18.3958 18.5397 
19.9055 20.0758 22.4103 18.5729 19.0355 
18.7989 21.1918 21.9744 19.2864 18.7485 
18.1994 20.9959 21.3872 19.6432 19.7743 
18.7636 19.7416 22.0381 19.4855 19.9712 
18.8859 20.2014 20.9364 19.2469 20.7294 
18.9127 20.328 22.2106 19.0931 19.4556 
19.5338 19.0787 23.5084 19.6241 18.2549 
19.5884 18.4679 22.9149 20.0799 18.9489 
20.0883 19.5281 21.2614 19.8439 19.2784 
20.389 18.8158 21.4066 18.9737 20.415 
18.9357 20.247 21.5424 18.5777 20.697 
19.0133 21.9417 20.3167 19.2889 19.4394 
19.5067 20.9709 19.7038 20.099 19.7197 
20.5226 21.2547 20.6211 18.511 19.0906 
20.0973 21.6929 20.1466 19.5014 18.5617 
19.3983 21.4156 21.0489 19.5068 18.6304 
19.4336 21.7697 20.7015 19.9304 18.1648 
19.6225 22.2056 19.7847 19.8709 18.5164 
19.0218 21.1905 20.4187 20.0231 19.3459 
18.9703 20.9556 20.1192 20.8224 19.1324 
19.753 20.7457 19.881 20.679 18.9412 
20.3113 20.3728 20.3753 19.9047 19.0358 
20.516 20.0963 20.9985 19.4118 18.9774 
20.6354 19.9538 20.4049 19.6116 19.3943 
20.4138 21.0346 19.8178 19.4212 19.3126 
20.4748 19.4459 20.6232 19.9784 19.4777 
19.4966 20.3711 19.5709 21.1003 19.4611 
19.6657 21.3426 20.5292 19.6411 18.8214 
20.4261 21.2645 20.0104 19.1426 19.1565 
19.7368 21.1084 19.529 19.5713 20.0544 
19.2701 21.6653 18.3115 20.8968 19.8563 
19.3573 21.0179 19.3409 20.6336 19.6504 
18.6072 20.3304 20.3848 21.4775 19.2002 
19.0123 20.8448 19.9011 20.9329 19.3088 
19.5062 20.8986 19.9506 20.4665 19.1782 
19.7531 21.3584 19.5207 19.7787 19.5891 
20.5247 20.4014 19.9456 20.0745 19.0538 
19.9846 20.3859 19.695 20.2224 19.7121 
19.7145 21.3041 19.5697 19.8334 19.5783 
19.7629 20.5577 20.1622 19.8224 19.6948 
19.6854 20.0828 20.3752 20.2053 19.6513 
20.0279 20.6895 20.3728 19.8249 19.0849 
20.3743 20.2547 19.6459 19.8223 19.9028 
20.2749 19.3379 20.3492 20.4375 19.6005 
19.5124 19.4904 19.9961 20.933 20.0681 
19.7562 19.7452 19.1285 20.0317 21.3384 
20.3129 19.4378 20.4338 19.1463 20.6692 
20.4243 19.5403 19.5919 19.3946 21.0489 
20.5063 19.5741 19.5999 19.5012 20.8186 
19.8184 21.5262 18.9304 20.6202 19.1049 
20.6235 21.0309 19.733 19.6851 18.9275 
21.4724 21.2298 19.6879 18.7711 18.8387 
21.5853 21.4639 19.2779 18.8195 18.8533 
20.1943 20.561 20.7501 20.0935 18.401 
19.761 20.3645 20.4591 20.551 18.8644 
19.34 20.9931 19.689 21.0863 18.8916 
19.7577 20.1457 19.4936 21.5081 19.0949 
19.4243 21.4365 19.2923 21.2086 18.6384 
19.4209 20.427 19.8403 20.7985 19.5134 
19.8066 19.8289 20.0163 20.4954 19.8528 
20.9689 20.1603 19.0245 19.2641 20.5822 
21.3335 19.9858 19.4179 19.066 20.1967 
19.926 19.7151 19.8942 20.1812 20.2836 
20.2089 20.5133 21.0126 18.6971 19.568 
20.3848 20.537 19.8521 19.6289 19.5971 
19.8415 21.2334 19.1366 20.3408 19.4477 
19.9208 21.0713 19.1137 20.6249 19.2693 
20.1456 21.1838 19.2791 20.4977 18.8939 
20.3406 20.4133 19.461 20.0703 19.7148 
21.1352 19.8558 19.8182 19.2457 19.9451 
20.5676 19.9279 20.3636 20.0774 19.0635 
20.7384 20.873 20.1818 19.1296 19.0772 
20.0914 20.1587 20.2761 19.75 19.7238 
19.6109 20.5142 19.7033 20.3098 19.8619 
20.9166 19.2314 20.108 19.9839 19.76 
21.3827 19.2796 20.1381 19.6558 19.5439 
20.6913 20.0746 20.069 19.8279 19.3372 
19.7796 19.9429 19.9402 20.2913 20.0459 
19.7955 20.8205 19.8757 20.0513 19.4569 
20.4241 21.3752 19.587 19.2362 19.3776 
19.9465 20.4221 20.413 19.7951 19.4233 
20.065 20.3028 20.2982 19.9893 19.3447 
20.8084 20.9273 20.0629 19.0464 19.1551 
21.3133 20.4636 20.0315 19.0686 19.123 
20.5704 19.7146 20.3606 19.4481 19.9063 
20.2852 18.6073 20.1803 20.1407 20.7865 
20.9759 20.137 20.5068 19.237 19.1432 
20.2225 19.803 21.3153 19.7955 18.8637 
21.6157 20.0785 19.9497 19.1898 19.1663 
21.6569 20.8883 19.4088 19.0289 19.0171 
21.0136 20.1664 19.8896 19.6996 19.2308 
21.9103 20.6095 20.4711 18.6217 18.3873 
21.1403 21.4159 19.4948 19.4961 18.4529 
20.7554 20.4302 20.3956 19.4702 18.9487 
22.3435 19.1894 20.4542 18.7095 19.3034 
22.6762 19.3292 20.4041 18.6468 18.9437 
22.1381 21.6646 19.402 18.9234 17.8719 
21.1608 21.3828 19.7928 18.636 19.0277 
21.7411 20.0664 19.7178 18.693 19.7817 
22.0313 19.4082 20.5732 18.7215 19.2658 
21.3605 19.1869 20.2004 19.2745 19.9778 
20.4933 19.8738 19.446 19.4504 20.7365 
20.7971 19.5699 19.356 19.3582 20.9187 
21.4077 20.3354 19.311 19.3121 19.6337 
21.3233 21.2297 19.39 18.9481 19.1089 
20.6617 20.6148 19.695 19.4741 19.5544 
20.1439 19.6532 20.1279 20.0174 20.0576 
20.2571 20.9377 19.3232 19.7309 19.751 
19.674 20.0143 20.1161 19.8655 20.3301 
19.6501 20.7548 19.8712 19.7458 19.9781 
18.7234 20.1232 20.5288 21.7373 18.8874 
19.2716 21.3228 19.7239 20.7786 18.9031 
19.4649 20.4905 19.691 20.6457 19.708 
19.1664 19.6792 20.2229 21.1719 19.7597 
19.8636 20.12 20.3918 20.399 19.2256 
19.6663 20.6795 19.9304 20.3765 19.3473 
20.644 20.7001 20.3256 19.1973 19.1331 
19.9711 21.315 19.8119 19.6864 19.2157 
20.5119 21.1838 19.1165 19.9309 19.257 
20.4411 20.7771 19.2805 19.6877 19.8137 
19.9551 21.008 19.3747 20.4633 19.1989 
20.5039 20.5917 19.3365 19.8808 19.6872 
20.8024 20.8463 19.76 19.1147 19.4766 
21.3256 21.3475 19.5439 18.801 18.982 
21.1891 22.0773 19.4211 18.611 18.7015 
20.5945 21.4932 19.256 19.3055 19.3508 
20 20 20 20 20 
14.8128 20.4278 26.3102 19.893 18.5561 
12.5346 19.7377 31.1038 20.2029 16.4209 
12.9505 19.2748 31.641 20.25 15.8837 
13.5374 21.2193 29.6623 19.447 16.134 
12.9389 22.3118 29.9375 18.4469 16.3649 
12.0919 22.6017 30.8322 18.862 15.6121 
13.4439 20.2294 29.4467 18.1045 18.7755 
14.4143 20.8434 30.108 17.1494 17.4849 
13.4833 20.2544 31.9996 17.5705 16.6922 
13.2439 19.9927 31.0222 17.9781 17.7632 
13.3013 19.1566 32.8775 16.6226 18.0419 
13.1467 19.4208 31.5962 16.7759 19.0603 
13.2679 23.0995 28.3504 16.1285 19.1536 
13.1395 23.8174 28.3016 16.2427 18.4987 
13.8385 23.803 29.5693 15.6103 17.1789 
13.5084 24.3046 28.3505 16.1385 17.698 
12.8945 24.9593 28.5612 15.6131 17.9718 
13.424 24.689 29.2031 15.3647 17.3192 
13.2521 23.9479 29.7914 15.6992 17.3094 
12.3403 26.2596 28.9773 16.0129 16.4098 
12.063 26.3441 28.0601 15.8636 17.6692 
12.525 27.0249 28.0993 15.9404 16.4104 
13.1731 26.7238 29.0903 16.3036 14.7092 
14.1623 28.0805 27.0993 15.944 14.7139 
14.4044 25.9089 27.186 15.5478 16.9529 
13.8936 24.8504 28.0911 16.1382 17.0266 
13.765 23.41 30.3334 16.5918 15.8997 
13.1325 24.0212 31.3432 16.2003 15.3028 
14.8271 22.6628 30.2368 16.5784 15.6949 
13.1513 23.0117 30.2823 16.6909 16.8638 
13.7469 23.2588 30.679 15.9151 16.4 
13.1235 25.3794 29.5062 15.6659 16.325 
13.6738 23.8966 30.2703 16.2381 15.9211 
13.5596 23.9231 31.3116 16.5224 14.6833 
13.7176 23.9233 32.4022 16.6344 13.3225 
13.3492 23.9809 30.3838 16.4903 15.7959 
12.6663 25.007 29.0349 16.5096 16.7822 
12.9682 26.2476 29.4463 16.7856 14.5523 
13.1018 25.6238 29.6742 17.7065 13.8938 
13.4316 25.8853 29.9747 16.6514 14.057 
13.5093 25.9861 26.4004 17.8366 16.2676 
13.4213 24.4216 27.2478 19.1564 15.7529 
12.5574 23.7028 27.7368 18.4492 17.5538 
13.1753 21.7652 29.3856 17.8453 17.8286 
13.3387 22.6969 29.8827 16.9395 17.1422 
14.5962 21.7143 28.356 17.0063 18.3272 
15.9937 21.3644 27.2215 17.9235 17.4969 
13.8562 22.7916 28.2592 17.5555 17.5375 
13.7951 23.1984 28.2927 18.0052 16.7087 
14.5739 24.0473 27.8393 16.264 17.2755 
13.8185 21.7083 29.235 16.6906 18.5477 
13.3609 22.6053 29.1336 16.8706 18.0296 
13.6323 23.0674 28.7379 16.7241 17.8383 
13.3015 22.4123 29.0133 17.1487 18.1242 
14.8633 20.3849 29.724 16.3038 18.7239 
14.9992 22.6249 27.0242 16.5303 18.8214 
14.8366 22.4537 27.6425 16.6891 18.3781 
13.9861 23.3031 27.3806 15.9716 19.3585 
13.7832 24.8203 26.036 15.3932 19.9673 
13.5155 24.8033 26.4795 15.6026 19.5991 
13.4244 23.5128 27.2398 15.5791 20.244 
13.8551 25.0217 27.9056 15.6977 17.5199 
14.8821 24.1586 27.8733 15.8034 17.2827 
15.6171 21.8277 29.3454 17.0212 16.1885 
14.4609 23.1456 30.338 16.0213 16.0342 
15.7953 23.3784 29.0579 15.6496 16.1189 
16.3882 22.381 28.0509 16.0009 17.179 
16.3799 23.8011 27.0786 15.7438 16.9966 
17.0416 22.4269 27.4149 15.0489 18.0677 
16.7708 21.4634 27.4574 15.5245 18.7838 
15.4586 22.439 28.8507 15.811 17.4407 
14.6258 22.7138 27.9311 17.1009 17.6284 
17.3129 21.3569 26.2236 16.615 18.4916 
15.8995 20.9588 28.0651 16.9523 18.1243 
16.0649 21.736 25.5509 16.8531 19.7951 
15.8169 22.844 25.9491 16.8098 18.5802 
15.9395 22.0438 27.2232 16.6951 18.0984 
15.8502 21.348 27.7421 16.228 18.8318 
16.8292 22.5461 27.798 15.6482 17.1785 
16.5541 22.3196 26.9804 16.2543 17.8916 
14.7586 24.1228 27.1476 16.692 17.2791 
14.2085 24.9882 26.9884 16.6387 17.1761 
14.9723 23.6616 27.9612 16.695 16.7099 
15.644 24.9887 27.1385 16.2422 15.9865 
15.1991 23.9698 27.5037 16.8643 16.4632 
14.3957 23.8781 26.6159 17.17 17.9403 
13.9913 23.0803 27.1667 17.5524 18.2093 
15.8498 24.0402 25.8229 15.2866 19.0005 
15.8053 23.9766 26.7702 14.9803 18.4676 
15.3612 23.3143 25.2635 16.6062 19.4548 
15.7535 24.1571 25.6526 16.6364 17.8003 
15.491 25.0227 25.2628 17.4553 16.7682 
14.9744 25.162 25.5832 18.6674 15.613 
14.6301 25.5439 26.2837 17.7993 15.743 
15.4156 21.9899 27.1083 16.4416 19.0447 
15.7538 21.6271 27.922 17.1288 17.5683 
16.5725 21.9549 28.3632 16.9883 16.1211 
16.3155 21.5614 26.2254 18.3482 17.5496 
16.1065 20.5243 28.2409 16.8664 18.262 
16.4771 18.9578 28.5226 17.4006 18.6419 
16.0511 18.8539 27.3863 17.4503 20.2584 
17.957 19.016 27.0493 16.2594 19.7183 
18.098 20.1998 26.7322 16.6203 18.3497 
18.8529 19.9038 25.4576 17.1337 18.652 
18.6463 18.8172 25.4948 17.4321 19.6097 
18.543 20.7561 25.1587 17.5813 17.9609 
18.6048 19.7114 26.246 17.124 18.3138 
17.2642 20.0468 25.5434 17.4792 19.6664 
18.697 20.413 24.7847 17.1812 18.9241 
18.9027 22.6269 23.8573 16.5524 18.0608 
19.8409 21.3784 23.2923 17.0424 18.446 
18.362 22.7022 23.6591 17.2874 17.9892 
17.4047 21.2195 25.3164 18.1832 17.8762 
18.0773 19.7007 25.1582 17.0461 20.0176 
18.2159 19.0275 24.6044 17.7003 20.4519 
18.0037 19.3297 25.4924 17.4391 19.7351 
17.6484 21.6949 24.4003 18.494 17.7623 
17.2026 21.388 24.9029 17.8956 18.6109 
17.4448 20.558 24.0161 18.4716 19.5095 
16.5656 20.4097 24.4263 18.3861 20.2123 
17.0076 19.9364 25.636 18.2535 19.1665 
17.3038 19.5682 24.418 19.5267 19.1833 
17.556 18.6882 25.9076 19.3524 18.4957 
19.2075 20.387 23.9968 18.2652 18.1436 
18.7232 21.5143 25.2059 17.3087 17.2479 
18.7366 20.1321 26.6655 17.6387 16.8271 
18.5882 19.6405 25.0349 18.7484 17.988 
19.0063 20.9713 24.0282 18.0073 17.9868 
18.4179 20.9508 24.4172 18.306 17.9081 
18.7509 20.7807 23.659 17.9316 18.8777 
18.341 21.4249 23.8985 18.621 17.7147 
19.102 22.0138 23.2506 17.5297 18.1039 
20.0405 21.4964 22.4645 17.1564 18.8422 
20.1601 20.5384 22.0714 17.6691 19.5609 
21.1488 19.4295 21.341 17.6132 20.4675 
20.0232 20.3447 20.9067 18.6491 20.0763 
20.6986 20.8594 21.9038 17.7215 18.8168 
20.1784 19.404 22.9177 18.6898 18.8101 
19.32 20.0866 24.5358 17.8064 18.2512 
20.3437 19.445 22.9516 17.4502 19.8094 
20.1719 19.7225 23.0758 18.3251 18.7047 
19.6448 21.2583 22.5673 17.6184 18.9112 
19.3051 19.6809 22.9216 18.723 19.3694 
20.0526 20.2404 22.2608 17.7615 19.6847 
20.8371 20.0301 21.4908 17.8898 19.7523 
21.0667 19.7373 20.9306 19.1301 19.1354 
21.1025 19.2182 22.2539 18.5081 18.9173 
21.0775 18.8196 22.0919 18.4646 19.5464 
21.6958 20.1536 21.7897 17.91 18.4509 
21.1785 20.4074 22.0519 17.2195 19.1428 
21.0934 19.8676 21.9503 17.4333 19.6554 
21.5116 20.0215 21.0629 18.3658 19.0382 
20.4457 21.2511 21.7717 18.0976 18.4338 
19.0229 19.8255 22.8859 19.8488 18.4169 
20.4358 19.9968 20.6866 19.1681 19.7127 
20.6346 19.9984 22.01 18.334 19.023 
20.4868 20.5924 20.7508 18.4891 19.681 
20.6601 20.2962 19.542 18.8279 20.6738 
20.8342 19.3918 20.6954 19.0778 20.0008 
20.3309 21.3338 19.8305 19.0217 19.4831 
21.4155 20.2502 19.9152 18.2608 20.1582 
22.7767 19.6079 19.8714 17.7511 19.9929 
21.3883 21.1083 20.3705 18.006 19.1269 
21.0545 20.4641 20.9961 18.4625 19.0229 
20.7951 19.607 21.2123 19.4991 18.8865 
21.5546 19.7209 20.9367 18.4272 19.3606 
21.3278 19.4935 19.6427 18.8466 20.6895 
21.0412 20.5958 19.2553 19.329 19.7787 
21.3902 19.4283 20.0624 19.6645 19.4546 
21.7043 19.3472 19.6642 19.0066 20.2777 
21.2869 19.6736 19.3973 19.5033 20.1389 
21.7546 20.022 19.8839 19.0109 19.3287 
20.8773 20.4655 19.4874 19.5054 19.6643 
20.0717 21.2419 19.8354 19.3858 19.4652 
20.3037 20.4424 19.2927 19.5143 20.4469 
19.4111 20.4064 19.3686 20.8683 19.9457 
19.9734 20.9175 19.9521 20.2556 18.9014 
20.7975 20.8191 20.3364 19.1368 18.9102 
20.3988 21.3186 20.1682 19.5684 18.546 
20.1994 20.6593 20.0841 19.7842 19.273 
20.7478 20.0519 20.2272 19.6143 19.3587 
20.7343 19.9359 20.0235 19.7171 19.5893 
21.0153 21.079 19.734 19.1178 19.0539 
20.9622 20.085 20.3215 19.1044 19.5269 
20.7375 20.7262 19.9898 18.9539 19.5925 
20.9457 20.4593 19.6103 19.0923 19.8924 
20.2943 21.3904 19.1801 19.814 19.3212 
19.8929 20.0172 20.1833 20.924 18.9826 
19.9464 20.4848 20.0916 20.462 19.0151 
21.5117 20.9262 19.8749 18.778 18.9093 
22.0171 20.8234 19.3969 18.398 19.3645 
21.6567 20.1339 19.8836 18.9212 19.4045 
21.5426 19.442 20.2097 19.282 19.5237 
21.1317 19.6309 20.4652 19.5509 19.2213 
19.7402 20.8246 19.8656 20.3259 19.2437 
19.9618 20.5041 20.4833 20.2547 18.7962 
20.5314 21.2612 19.8747 19.7604 18.5724 
19.8987 21.1811 20.0291 19.9719 18.9192 
19.7708 20.8584 19.3895 20.2538 19.7275 
20.3896 20.5132 19.3586 20.2109 19.5276 
20.7453 19.8896 19.7711 19.7385 19.8555 
20.3726 19.9448 19.8855 19.8693 19.9278 
20.2703 19.6363 20.447 20.0187 19.6278 
20.9352 20.2181 19.4235 19.6093 19.8139 
20.2807 20.8567 19.5248 19.6177 19.72 
20.5177 20.8057 19.1964 19.7145 19.7657 
21.0065 20.2159 19.8786 19.6704 19.2286 
20.7597 21.2191 20.1957 18.8095 19.016 
19.4707 21.0641 20.0978 20.3139 19.0535 
20.0957 20.442 19.5084 20.5173 19.4366 
19.7936 19.1193 20.7711 20.8519 19.4641 
20.3514 19.5596 19.931 20.4259 19.732 
21.0848 20.6889 19.511 19.3039 19.4115 
20.0465 19.0221 20.9125 19.9825 20.0363 
20.8566 19.0944 20.4563 19.5746 20.0182 
20.6962 19.8151 20.0496 19.6087 19.8305 
20.9413 20.077 20.618 18.7027 19.661 
20.7385 20.3064 19.684 20.0656 19.2055 
20.8238 20.1532 19.842 19.5783 19.6028 
21.06 19.7988 20.1062 19.0484 19.9866 
20.4399 19.8093 21.3144 19.4341 19.0023 
19.595 19.7261 20.925 19.9849 19.769 
20.6465 19.297 20.3682 19.8981 19.7902 
20.9714 19.3707 20.8322 19.2083 19.6173 
20.3956 19.5953 20.7765 19.5141 19.7186 
21.6013 21.2011 19.5988 18.529 19.0698 
21.7098 20.6006 20.7085 18.3554 18.6258 
21.7792 21.6448 19.5979 18.4214 18.5566 
20.6935 20.6263 19.6029 19.5048 19.5724 
20.4385 20.4049 20.3519 19.3854 19.4192 
20.1331 21.4094 19.6587 19.6065 19.1924 
20.8142 20.985 19.1751 19.6163 19.4093 
20.2202 21.2402 18.9334 19.6213 19.985 
19.7592 19.8306 20.4316 19.8983 20.0802 
20.1475 20.1832 20.9301 19.3242 19.4151 
19.8868 19.9047 20.2781 19.9425 19.9879 
21.1041 20.6666 19.5141 19.3462 19.369 
21.0066 20.3333 19.757 19.2186 19.6845 
21.0538 20.7171 19.5115 18.7836 19.934 
21.2707 20.2759 20.4996 19.3092 18.6447 
20.0103 20.8522 20.5176 20.3689 18.2509 
20.5556 20.9766 19.8918 19.3587 19.2172 
20.7324 20.4883 19.9459 19.2248 19.6086 
19.4571 20.6987 19.5184 20.5215 19.8043 
20.2047 20.8255 19.7592 19.7846 19.426 
21.2135 19.672 20.0648 19.1515 19.8982 
20.3628 19.1856 21.008 20.1449 19.2987 
20.1814 20.5019 20.504 20.0724 18.7402 
20.2602 20.8442 20.4215 19.3583 19.1159 
19.8523 20.1443 19.933 20.3273 19.7431 
21.2305 19.2026 19.5317 20.1636 19.8716 
20.8956 19.8817 20.0462 19.4276 19.7489 
19.5387 20.3954 20.4777 20.1684 19.4199 
20.4836 21.8048 19.6138 19.4592 18.6385 
20.6964 21.357 18.8978 19.7296 19.3193 
21.0625 20.9463 18.8239 19.2398 19.9275 
21.2455 20.741 19.6798 19.4413 18.8923 
20.7998 20.105 20.4594 19.8977 18.7382 
20.694 19.8564 20.0336 19.7527 19.6632 
19.5575 20.4545 20.1045 20.8413 19.0421 
20.0591 20.9749 20.3326 19.7664 18.8669 
20.5058 20.0113 20.6425 19.407 19.4334 
20.5207 20.2735 20.1427 19.5249 19.5381 
20.7867 20.6631 20.1591 19.4116 18.9796 
20.3933 20.7861 19.625 19.2513 19.9443 
20.8448 20.5782 19.5347 19.3478 19.6944 
20 20 20 20 20 
14.902 22.7451 25.6863 18.5784 18.0882 
14.8785 22.6044 28.604 16.8979 17.0151 
14.4393 22.5022 28.502 16.849 17.7076 
13.3925 23.1853 30.3004 16.2434 16.8785 
15.2379 21.176 31.1919 15.83 16.5642 
14.6325 22.8052 29.8493 15.1548 17.5581 
14.4274 21.847 29.8136 16.2441 17.668 
13.9655 21.8724 29.5053 15.9688 18.688 
14.9325 23.4885 27.9326 14.8881 18.7582 
14.6697 22.5493 28.5849 14.6475 19.5486 
13.9185 22.6626 27.8156 15.6867 19.9167 
15.2237 22.0751 26.3045 16.521 19.8757 
17.6118 21.0375 23.1522 18.2605 19.9378 
16.172 20.5634 24.7458 17.6124 20.9064 
14.7527 21.6852 27.636 15.8237 20.1023 
12.7403 23.8694 26.6533 17.1073 19.6297 
11.4579 24.5663 27.1863 16.9747 19.8149 
11.1441 22.572 29.4776 18.0541 18.7522 
10.5353 21.5801 32.202 18.2182 17.4643 
11.3356 22.4405 30.1787 18.5751 17.47 
10.987 25.2628 29.5574 18.6493 15.5435 
12.3227 25.8021 27.9494 17.6173 16.3083 
16.1614 22.9011 23.9747 18.8087 18.1542 
15.2235 22.28 25.121 17.6993 19.6762 
14.4211 22.035 27.541 17.2154 18.7875 
13.7895 21.9824 28.4635 17.1603 18.6043 
12.9166 20.4802 28.6478 17.7043 20.251 
12.8413 22.2082 28.4197 17.6287 18.9021 
16.4207 21.1041 24.2098 18.8144 19.4511 
18.2103 20.5521 22.1049 19.4072 19.7255 
14.5106 22.6071 26.4241 17.8117 18.6465 
13.9603 20.3074 29.304 18.1013 18.3271 
12.6371 21.1026 30.1629 18.1747 17.9227 
13.394 19.5136 33.006 18.0496 16.0368 
13.0235 19.7568 33.2377 17.3922 16.5898 
15.0389 21.1187 29.0219 17.6108 17.2096 
14.9388 20.8819 27.0916 19.128 17.9597 
14.1066 19.9542 28.5901 18.4135 18.9356 
13.327 21.0037 28.9338 17.7619 18.9735 
13.0127 21.2162 30.5383 18.6032 16.6296 
13.0464 21.7895 30.67 17.5294 16.9646 
14.1763 23.3948 28.8554 17.1831 16.3905 
13.4984 21.7706 30.3618 16.467 17.9022 
13.7361 21.3657 31.5564 16.7488 16.593 
14.118 21.9328 30.5282 15.6244 17.7965 
14.9294 22.0775 28.69 15.6826 18.6205 
14.1611 20.8602 29.5236 16.7699 18.6852 
14.6183 22.4904 28.8321 16.1739 17.8853 
14.8779 22.025 29.783 15.8851 17.4289 
16.1443 25.9679 26.2755 14.639 16.9734 
15.215 25.9709 27.207 14.6788 16.9282 
13.5501 27.9445 27.1281 14.7164 16.6608 
14.0251 27.7222 25.814 15.6082 16.8304 
14.4635 27.3905 27.0247 14.0786 17.0427 
15.4995 24.3252 24.9297 17.2755 17.9702 
17.7497 22.1626 22.4648 18.6378 18.9851 
17.6777 21.6447 23.2042 18.8259 18.6475 
15.9817 21.8822 25.8878 17.9383 18.3099 
15.2002 24.8946 27.8276 15.9459 16.1317 
15.6111 24.3258 27.726 15.984 16.3531 
14.8268 24.9288 27.48 16.5026 16.2617 
13.3096 25.2003 27.6551 16.9777 16.8573 
14.2378 23.0267 28.5195 18.4415 15.7746 
14.3619 23.8965 29.213 17.632 14.8966 
13.325 23.1771 30.2845 17.2906 15.9229 
14.6839 21.2142 30.9176 18.2709 14.9133 
14.7778 20.8635 30.587 17.8534 15.9182 
14.4312 21.2299 30.0822 17.3774 16.8793 
14.8686 22.3496 29.3268 17.1071 16.3478 
13.822 22.4083 27.8793 17.3641 18.5263 
14.0905 22.7426 28.2986 17.1436 17.7247 
14.5871 21.1478 28.3951 18.3483 17.5216 
14.2828 21.3266 29.5201 17.5075 17.3629 
16.2057 20.8972 28.2104 17.5257 17.161 
15.6173 21.1423 28.267 18.8784 16.095 
15.3087 21.4045 29.4113 18.0503 15.8253 
16.3845 22.8715 28.7268 16.4326 15.5846 
15.1071 21.5422 28.4591 17.7908 17.1008 
14.6964 22.3474 27.7764 18.0087 17.1711 
15.0802 23.5448 27.0325 17.5095 16.833 
15.067 23.0627 27.7636 18.1633 15.9434 
15.0945 22.0192 29.0037 17.1305 16.7522 
16.4978 21.5034 29.008 16.8986 16.0921 
16.26 22.9064 27.2112 17.2891 16.3334 
15.6976 24.9667 27.1191 16.7526 15.464 
15.8488 24.7691 26.9881 16.9477 15.4463 
15.683 23.5914 26.4251 17.0946 17.2059 
15.7497 22.7651 27.7534 17.9861 15.7458 
14.6106 23.8178 27.6073 19.0967 14.8677 
15.904 23.3739 27.4979 18.4655 14.7587 
15.6868 21.6317 27.5611 18.0725 17.0479 
16.4641 22.3101 27.2863 16.5075 17.432 
16.2567 21.9575 27.8407 15.9698 17.9752 
16.0231 20.0431 27.663 17.3416 18.9291 
16.2938 20.451 28.5554 16.6463 18.0535 
17.5625 21.5891 25.966 16.44 18.4423 
17.8721 19.8855 25.2208 18.0102 19.0114 
16.7792 22.4427 24.8653 17.0933 18.8194 
17.5612 23.0557 23.0835 16.8307 19.4689 
17.3605 23.658 24.5595 16.6994 17.7226 
17.9617 22.3081 24.2558 16.4335 19.0409 
17.6905 22.4443 24.0634 17.249 18.5527 
18.0002 22.1377 23.2993 17.7794 18.7834 
19.0001 21.6749 25.589 16.4655 17.2705 
18.0107 20.7665 24.4966 18.5164 18.2097 
17.5348 20.3833 26.0719 18.0817 17.9284 
17.5702 20.4029 26.0641 16.7874 19.1755 
18.9078 20.6309 25.6087 17.2894 17.5632 
18.2201 21.0297 25.7914 17.7356 17.2232 
18.2342 22.5587 23.4796 17.6269 18.1006 
17.563 21.7523 24.5777 17.5972 18.5098 
18.4244 21.9476 23.7174 17.7272 18.1835 
18.7663 21.8018 24.2791 17.7808 17.372 
17.659 21.2457 26.6223 17.8559 16.617 
18.2635 20.3713 26.2042 18.0475 17.1135 
18.391 21.2968 25.4478 17.3571 17.5074 
19.122 20.9425 25.9592 17.1344 16.8419 
19.1151 19.3884 26.3554 17.1659 17.9751 
18.9535 20.0969 26.2649 17.6434 17.0412 
17.247 21.1971 23.9433 19.2947 18.3179 
16.9569 20.5344 23.1896 19.5832 19.7359 
17.6288 19.7443 23.6863 18.9419 19.9987 
19.2144 20.2722 23.4431 17.871 19.1993 
17.8853 20.401 23.9732 18.8693 18.8712 
17.7305 21.1096 25.3199 17.9195 17.9204 
18.335 21.5396 23.6448 18.0506 18.4299 
18.4267 21.8809 22.5632 18.2846 18.8446 
18.1789 22.3198 23.0057 18.4526 18.043 
18.8117 20.8821 23.6556 17.9069 18.7437 
19.8058 20.8411 23.4278 17.7534 18.1719 
19.2779 22.1393 22.6514 18.2517 17.6797 
18.6233 23.179 21.482 18.1102 18.6055 
18.4026 22.7465 21.898 18.5592 18.3936 
18.1299 23.5161 21.3061 19.2796 17.7682 
18.7664 22.579 21.474 18.595 18.5856 
19.6396 22.4006 21.4207 18.2719 18.2672 
20.1252 23.7957 21.3974 17.1512 17.5305 
19.7641 21.9725 22.2659 17.1577 18.8399 
18.4886 22.4617 21.7887 19.2346 18.0265 
20.4512 21.5757 21.2392 18.669 18.065 
20.5093 20.3623 21.9671 18.5544 18.607 
20.172 20.0985 20.9009 19.1945 19.6341 
19.5688 19.101 22.5194 19.5111 19.2998 
20.0206 20.5741 21.8896 18.4169 19.0987 
20.5366 20.3748 21.9097 18.8576 18.3213 
20.1044 20.8431 20.3811 19.2649 19.4065 
19.1431 20.4216 20.1905 20.9961 19.2487 
20.4411 20.6456 20.5301 19.6285 18.7548 
20.2206 20.3228 22.265 18.6142 18.5774 
18.9992 22.0132 23.3547 18.5664 17.0665 
20.3329 21.0066 21.6774 18.8665 18.1166 
20.0838 20.4207 21.1693 18.9374 19.3889 
20.4767 20.6451 20.5846 18.5991 19.6944 
20.6929 20.3226 20.2923 18.845 19.8472 
20.2564 20.9721 20.5065 18.882 19.3831 
20.0455 22.0563 19.7574 19.3583 18.7824 
19.0318 20.9381 20.6895 20.49 18.8507 
19.5999 20.5531 20.4288 19.9089 19.5094 
19.2339 19.7105 20.1201 20.3318 20.6037 
19.3515 20.9172 19.3521 20.7854 19.5939 
19.4215 21.8993 19.4218 19.291 19.9664 
19.2562 21.4042 19.7109 20.1 19.5287 
19.8051 20.4366 19.59 19.7845 20.3838 
19.8082 20.124 19.2289 19.7979 21.041 
20.6184 19.5858 21.1224 19.0259 19.6475 
22.0209 20.1533 20.4711 18.522 18.8327 
22.2717 19.9865 19.695 18.7205 19.3263 
21.4162 19.3391 20.1279 19.1733 19.9435 
20.8933 20.7806 19.3232 19.3089 19.694 
19.5771 20.8251 20.0964 20.524 18.9774 
19.6985 21.2234 19.5077 20.1719 19.3986 
19.8492 20.6117 20.6629 19.6314 19.2448 
20.3594 20.7406 19.8967 19.8157 19.1876 
19.7449 19.5007 19.5136 20.3426 20.8981 
20.9344 19.0424 19.0488 19.9058 21.0685 
20.5512 20.4456 20.0286 18.7764 20.1981 
21.2405 20.3105 19.6634 18.5987 20.1868 
20.708 21.5588 19.4808 18.9485 19.3039 
19.8994 20.7794 19.7404 19.9288 19.652 
20.664 20.2111 19.6916 19.7858 19.6474 
20.0542 19.8278 19.568 21.004 19.5459 
19.6601 20.0056 20.3345 20.5938 19.406 
19.6432 19.8159 19.9803 20.5773 19.9834 
20.5053 19.737 19.8192 20.545 19.3934 
20.1583 20.2459 19.8153 20.1782 19.6024 
20.5834 21.4675 20.4118 18.9126 18.6247 
20.9754 20.5628 20.4623 19.2854 18.7141 
21.8912 19.9305 19.8803 18.4146 19.8833 
20.9456 21.3289 19.0311 19.2073 19.4871 
