5 10000 300 33
20 20 20 20 20 
14.8523 20.3376 26.6667 17.5949 20.5485 
12.6174 19.8682 31.3661 17.404 18.7442 
12.044 19.3459 34.5066 16.202 17.9015 
12.8326 17.8125 37.0207 15.0778 17.2564 
13.2825 16.4767 37.5245 16.3417 16.3747 
14.3618 15.7751 38.6152 15.34 15.9079 
14.555 16.3408 37.6529 15.0441 16.4072 
14.5205 14.9461 38.219 15.466 16.8485 
14.5901 15.3264 36.6488 15.3246 18.1101 
14.9563 14.5181 38.0824 15.122 17.3212 
13.8 14.1556 37.7194 17.0437 17.2813 
15.4799 13.5867 37.4987 16.51 16.9247 
16.7951 15.0611 33.71 16.129 18.3049 
17.8463 16.5856 30.6345 16.7259 18.2075 
18.1824 17.5521 27.3543 18.0852 18.826 
19.6175 18.4252 24.6421 17.8145 19.5007 
20.3857 18.828 22.4172 19.0034 19.3657 
20.387 19.6082 21.4028 19.2104 19.3916 
20.9078 19.6255 21.8621 18.5338 19.0708 
20.4539 19.8128 20.931 19.2669 19.5354 
20.2269 19.9064 20.4655 19.6334 19.7677 
20.3076 19.6619 20.4269 20.0109 19.5926 
20.348 19.5397 20.8931 19.7142 19.505 
20.9583 19.5738 20.2505 19.661 19.5564 
21.1588 19.9811 19.834 19.5392 19.487 
21.1563 20.0867 20.0131 19.385 19.3589 
21.6893 19.8724 21.9724 18.2395 18.2264 
21.0388 19.6449 20.6949 18.8285 19.7928 
20.3325 19.6356 21.5624 19.2273 19.2422 
20.3357 18.2924 21.3744 20.6306 19.3669 
19.9718 19.4403 20.4911 20.6094 19.4874 
20.1421 19.8764 21.9643 19.6797 18.3374 
20.3652 19.7421 20.7861 19.6438 19.4628 
20 20 20 20 20 
14.927 19.854 25.8759 20.0365 19.3066 
12.8441 19.2446 32.0981 18.286 17.5273 
13.2332 18.4458 34.4701 18.1213 15.7296 
12.5088 17.1354 37.6054 16.8048 15.9456 
12.3733 14.6866 40.3062 17.4933 15.1406 
12.7839 13.7669 42.5489 15.5175 15.3828 
12.9957 12.5438 42.265 16.2493 15.9461 
13.1492 13.6114 40.8573 15.4641 16.918 
14.0949 13.1065 40.5506 14.8459 17.4021 
14.4004 13.6121 38.5106 15.6582 17.8187 
15.7618 15.7101 35.0087 15.3634 18.1559 
16.8737 15.409 33.6914 15.5953 18.4305 
17.6806 16.1079 30.2911 17.4615 18.4589 
17.1736 16.3873 30.6758 17.8217 17.9416 
18.4293 17.2488 29.5112 17.5723 17.2385 
19.4088 18.3331 24.9498 18.9803 18.328 
19.7044 18.6904 23.4273 19.014 19.164 
21.2808 19.3452 21.2374 19.0308 19.1058 
21.1908 19.7643 20.7105 18.6897 19.6446 
20.9915 19.7832 20.2562 19.2458 19.7233 
21.4201 19.1353 21.4726 19.2868 18.6852 
21.7192 18.742 22.2042 18.8177 18.5169 
21.3358 18.8948 21.1021 19.885 18.7823 
21.2874 19.1819 22.0555 19.2346 18.2407 
21.021 19.0249 21.4051 19.9946 18.5543 
21.1901 19.2212 20.4113 20.1915 18.9859 
22.3875 19.0446 19.6396 20.0014 18.9269 
22.3545 19.3437 20.5341 19.3757 18.392 
21.8254 19.3941 20.9152 18.9471 18.9182 
21.5923 19.8912 20.1663 19.1823 19.1679 
20.5864 20.7848 22.6706 19.3814 16.5769 
20.3893 20.0078 21.4314 20.2676 17.9039 
20.5907 19.9049 20.6167 20.0348 18.8529 
20 20 20 20 20 
14.8443 21.0727 26.09 18.6505 19.3426 
13.889 22.0505 29.7642 17.054 17.2423 
14.6237 20.5816 32.6296 15.5236 16.6416 
13.4281 20.5354 35.1221 14.7954 16.119 
12.0986 19.0369 38.0226 14.9362 15.9056 
13.4023 18.5258 37.3937 15.3725 15.3058 
13.5673 17.8897 38.4151 14.7285 15.3994 
15.6072 18.4471 37.3071 13.9253 14.7133 
14.748 17.3254 37.635 14.6016 15.69 
16.9485 16.9074 34.2431 15.2795 16.6216 
18.0421 15.8611 33.4796 15.9731 16.6441 
18.112 15.2033 34.0125 15.5623 17.1099 
17.4502 15.9958 32.6997 16.5403 17.3141 
19.3808 17.834 28.2351 17.2865 17.2636 
21.1487 16.5559 29.0481 16.9766 16.2707 
19.3979 16.6813 28.3896 18.1522 17.379 
20.2032 17.5843 26.3797 17.8996 17.9332 
20.3957 18.5961 23.484 18.7537 18.7705 
20.7447 19.0637 24.6326 18.3612 17.1978 
21.1567 19.3358 22.1202 18.9845 18.4028 
20.3129 18.5174 23.892 18.7843 18.4934 
20.7333 18.8741 21.5614 19.0075 19.8236 
22.1058 18.5675 21.6502 18.6342 19.0423 
22.8454 19.1894 20.2591 18.7511 18.9551 
22.7434 19.0287 19.5635 18.8095 19.8549 
21.2727 19.4153 20.1778 19.3057 19.8284 
20.8823 19.9536 20.3348 20.3086 18.5208 
21.0893 19.699 21.2785 19.4136 18.5196 
21.0208 19.3733 21.5916 19.2306 18.7836 
20.7046 19.3954 21.4754 19.324 19.1006 
20.6327 19.0435 21.4854 19.4751 19.3634 
21.1654 20.3708 20.1767 19.1715 19.1156 
21.5996 19.5074 21.9527 18.0603 18.8799 
20 20 20 20 20 
14.9057 20.1887 26.6038 18.4906 19.8113 
13.1671 19.9356 30.4447 17.3405 19.112 
13.0144 18.4887 33.068 16.7088 18.72 
11.904 18.1332 35.8991 16.7671 17.2965 
12.1589 15.6183 39.3289 15.7974 17.0965 
13.3163 14.6074 39.6206 15.5741 16.8816 
13.6026 13.5537 39.4862 15.4259 17.9315 
14.0974 13.8584 36.9105 18.228 16.9057 
15.5487 13.6792 36.9552 16.864 16.9528 
15.2103 14.0191 37.1956 16.3807 17.1944 
17.2736 13.6394 36.0011 16.4777 16.6082 
18.3771 13.9625 34.8837 17.0051 15.7716 
17.7978 14.9283 34.6604 16.1184 16.4951 
18.6447 15.9387 30.4658 18.2287 16.7221 
19.4993 17.2614 26.2948 19.7338 17.2106 
19.9267 18.8077 24.2094 19.1589 17.8973 
22.1372 18.0995 22.9742 18.2751 18.5139 
21.8794 18.5092 21.397 19.9484 18.266 
20.6171 19.7385 22.3921 20.0548 17.1975 
20.9567 19.1285 21.8442 19.7496 18.321 
21.6853 18.616 22.9911 18.9265 17.7812 
21.0196 20.3699 22.5575 18.3128 17.7401 
20.8039 20.4791 21.0827 18.9603 18.674 
21.1863 20.0435 20.3453 19.2841 19.1409 
21.1864 19.3438 22.037 19.3878 18.045 
20.6893 19.2873 20.6339 19.7901 19.5994 
21.5097 19.3524 20.0257 19.6038 19.5085 
19.9986 19.3401 22.1977 20.3061 18.1576 
20.3766 19.5757 21.4762 20.0587 18.5128 
21.1407 19.7878 20.2619 20.0294 18.7802 
21.5227 19.4177 19.6548 20.0147 19.3901 
21.3383 19.3243 19.9235 19.6227 19.7912 
22.5957 18.8364 20.0535 19.4444 19.0699 
20 20 20 20 20 
14.9645 19.2199 27.7305 18.8652 19.2199 
14.5283 17.74 33.1064 15.3947 19.2305 
14.8309 16.7335 36.1378 14.3739 17.9239 
14.433 16.2615 36.1391 16.4852 16.6812 
13.7768 15.0456 39.7007 15.8667 15.6101 
13.7325 14.9373 40.0025 16.1083 15.2195 
14.5883 15.1906 39.8854 14.8109 15.5248 
15.0034 15.3046 38.8854 14.4539 16.3527 
15.7068 16.1138 37.6478 14.4064 16.1251 
16.4658 16.1909 36.0488 16.0549 15.2396 
17.6485 16.2123 34.2582 16.7937 15.0873 
18.3014 16.2761 33.469 16.24 15.7136 
18.734 16.888 30.0678 17.2867 17.0235 
18.8265 17.9035 27.1961 18.1028 17.9712 
19.8678 18.4972 25.4162 18.1423 18.0765 
19.747 19.0617 24.3904 18.4169 18.384 
19.6774 19.3348 22.4893 19.5026 18.9959 
20.7911 19.6674 20.7685 19.7513 19.0218 
20.4917 19.4491 20.9612 19.491 19.607 
20.7963 18.8988 21.9485 19.3785 18.9778 
20.7585 19.3593 22.6859 18.6983 18.4979 
21.4369 19.7758 20.9584 18.9645 18.8643 
21.2954 19.9841 20.5753 19.0976 19.0476 
21.3273 19.7008 20.4818 19.2576 19.2325 
21.5127 19.2843 20.1466 20.0061 19.0502 
21.1911 19.6422 21.3776 19.5683 18.2208 
21.9592 19.3665 20.6888 19.7841 18.2013 
21.8287 20.0606 20.2501 19.326 18.5346 
21.0061 20.5808 20.6755 19.296 18.4416 
20.7972 20.5845 20.1417 19.4519 19.0247 
20.3986 20.2923 20.0708 19.726 19.5124 
20.1993 20.1461 20.0354 19.863 19.7562 
20.6766 19.6884 20.1139 19.5469 19.9742 
