5 80000 300 266
14 14 14 14 14 14 14 
16.0447 14.2154 16.0447 16.0447 14.7236 10.9634 10.9634 
15.3753 14.9132 17.7509 17.7509 14.8279 9.44098 9.44098 
12.7552 17.9295 17.5466 19.0106 15.1842 8.66193 8.66193 
11.9996 18.6538 18.8211 18.8354 15.0084 8.27833 8.27833 
11.1161 18.7455 18.3641 20.6968 14.8298 8.09266 8.09266 
11.1517 19.3043 18.3145 19.7091 15.4057 8.04176 8.04176 
11.1578 19.5096 18.3021 18.6432 16.4915 7.94012 7.94012 
11.1608 19.1372 17.7021 19.6541 16.5593 7.8893 7.8893 
11.3759 18.6595 18.5102 18.6907 16.916 7.92192 7.92192 
10.9753 18.4102 17.3011 19.5752 17.9982 7.86901 7.86901 
9.9704 19.0902 17.9609 18.983 18.3095 7.84255 7.84255 
9.59194 19.208 19.2052 19.3791 16.9075 7.85386 7.85386 
10.8285 18.5367 20.8555 18.1583 15.8784 7.87125 7.87125 
10.9698 19.685 19.5713 17.6439 16.3883 7.87081 7.87081 
11.1667 19.1607 19.8993 17.3447 16.6032 7.91268 7.91268 
11.6474 18.276 21.2769 17.368 15.7387 7.8465 7.8465 
12.7398 17.4146 21.5228 18.0944 14.4453 7.8915 7.8915 
11.2898 18.2039 21.8598 18.7726 14.2021 7.83591 7.83591 
10.6908 18.2763 21.8244 19.8221 13.7524 7.81704 7.81704 
11.0431 17.6265 20.9122 20.1436 14.5506 7.86201 7.86201 
11.5785 16.8893 20.0761 19.8105 15.9451 7.85024 7.85024 
10.6015 18.1864 20.0146 19.647 15.7191 7.91573 7.91573 
11.3248 18.9727 18.8025 18.7392 16.2933 7.93377 7.93377 
10.9816 20.0065 19.4485 19.1805 14.6478 7.86759 7.86759 
9.38229 19.791 20.4554 20.4393 14.2815 7.82531 7.82531 
9.62942 18.7844 20.4746 20.59 14.795 7.86327 7.86327 
8.77398 20.5913 19.6264 21.4941 13.7324 7.89091 7.89091 
8.83905 20.113 20.658 19.537 14.9712 7.94089 7.94089 
8.91125 17.7397 19.4306 20.8796 17.2965 7.87115 7.87115 
9.00108 17.5173 18.6954 21.1937 17.7391 7.92671 7.92671 
9.51219 17.2668 20.1868 19.2216 17.9605 7.92606 7.92606 
9.27991 17.2048 20.3315 18.7774 18.6231 7.8916 7.8916 
9.78014 18.1819 19.2779 18.1504 18.7742 7.91776 7.91776 
10.1785 18.5861 18.7736 19.5319 17.0794 7.92523 7.92523 
10.3231 18.6472 21.4135 18.5633 15.3326 7.86016 7.86016 
11.5543 17.9994 21.209 17.7291 15.6572 7.92552 7.92552 
10.3735 19.2015 19.2368 18.6179 16.7972 7.88652 7.88652 
9.7967 17.6386 21.7933 19.7109 15.3726 7.84397 7.84397 
9.99544 16.5863 22.5472 19.4428 15.8174 7.80548 7.80548 
8.97362 15.8835 21.7555 22.131 15.499 7.87864 7.87864 
10.4677 16.4346 22.0022 20.3957 14.9266 7.88669 7.88669 
11.166 16.4497 21.5338 20.8516 14.1219 7.9385 7.9385 
10.9319 16.2481 22.3948 19.9607 14.6191 7.92274 7.92274 
11.7613 16.8408 21.7301 19.6656 14.0892 7.95653 7.95653 
11.2216 16.4886 20.7514 19.3782 16.2491 7.95554 7.95554 
10.0686 17.1599 22.1829 19.4482 15.233 7.95367 7.95367 
10.7018 15.5069 22.9303 20.4294 14.6694 7.88112 7.88112 
10.8779 14.3087 22.6476 21.2687 15.0468 7.92513 7.92513 
10.7286 15.9705 22.0291 19.9542 15.5838 7.86685 7.86685 
11.5109 15.7867 22.4803 19.4334 15.1205 7.83413 7.83413 
11.2166 17.1166 22.8906 19.3041 13.8709 7.80056 7.80056 
11.1371 15.6497 22.6232 20.7097 14.147 7.86663 7.86663 
10.264 15.439 22.8598 22.5376 13.1649 7.86732 7.86732 
10.811 15.4973 24.3929 22.0095 11.5207 7.88428 7.88428 
11.7363 15.2422 23.1783 21.4699 12.7371 7.81811 7.81811 
11.4916 13.7336 24.3031 22.5931 12.2365 7.82103 7.82103 
11.453 12.9462 25.3029 22.4628 12.0736 7.88074 7.88074 
11.4957 13.8048 24.3101 22.8901 11.6858 7.90672 7.90672 
11.7428 14.1728 23.6346 23.3073 11.3276 7.90744 7.90744 
12.4134 13.9789 23.4996 21.5835 12.6732 7.92568 7.92568 
11.8694 12.7726 24.2799 22.9604 12.2402 7.93874 7.93874 
12.4618 12.5439 25.3173 21.3324 12.524 7.91026 7.91026 
13.9042 13.3264 23.921 20.9385 12.0788 7.91553 7.91553 
13.9258 12.979 24.5921 21.1271 11.5657 7.90513 7.90513 
12.1528 14.0844 23.5619 22.5889 11.8588 7.87662 7.87662 
12.9342 13.4013 24.0004 22.0176 11.7898 7.92833 7.92833 
13.8237 13.1845 23.5962 22.7295 10.7577 7.95419 7.95419 
13.0657 14.9256 21.9263 22.775 11.4045 7.95145 7.95145 
12.8821 14.8702 23.2647 22.1018 10.9933 7.94398 7.94398 
11.4019 14.8763 22.729 23.5835 11.6324 7.88844 7.88844 
12.6418 14.6361 22.2899 21.946 12.6285 7.9288 7.9288 
12.6017 14.8304 22.5982 21.441 12.7182 7.90528 7.90528 
12.0903 15.1783 22.0886 22.8258 12.017 7.90001 7.90001 
11.7938 14.8084 22.2742 23.9797 11.4898 7.82701 7.82701 
11.1941 13.8642 23.9278 22.7134 12.7216 7.78947 7.78947 
12.2831 13.0367 24.1732 22.4032 12.4655 7.81916 7.81916 
12.0847 11.5571 24.4897 23.3463 12.9511 7.78555 7.78555 
12.1781 13.3504 23.6026 22.9003 12.3502 7.80922 7.80922 
12.9768 14.3282 23.4084 21.5267 12.0425 7.85869 7.85869 
11.3402 14.8461 23.4293 23.5666 11.1425 7.8377 7.8377 
12.2454 13.8614 22.9475 24.249 10.9137 7.89145 7.89145 
12.1871 14.4802 23.4787 22.3968 11.645 7.90612 7.90612 
11.8038 13.229 23.9956 24.151 11.115 7.85278 7.85278 
11.6353 14.0811 25.5978 21.8089 11.0242 7.92639 7.92639 
12.7187 13.6812 24.7781 21.8419 11.2412 7.86945 7.86945 
12.8634 13.2092 25.1262 22.1676 10.9052 7.86426 7.86426 
11.9389 14.1408 24.3022 23.1128 10.8149 7.84517 7.84517 
12.9776 13.6742 24.8196 22.2033 10.6635 7.83094 7.83094 
12.7722 14.3237 23.6397 22.1979 11.4815 7.79248 7.79248 
12.1004 14.3047 23.2484 22.6704 11.8836 7.89624 7.89624 
12.2641 14.3778 23.0404 23.0404 11.5776 7.84985 7.84985 
13.331 14.257 23.9548 21.9914 10.7626 7.85163 7.85163 
15.0439 14.2906 23.0585 21.4011 10.5165 7.84473 7.84473 
13.2754 13.8576 23.721 22.6184 10.7377 7.89497 7.89497 
12.9701 13.3932 23.8658 21.7313 12.229 7.90527 7.90527 
12.496 12.9808 23.6815 22.8875 12.1254 7.91438 7.91438 
12.1139 12.2166 24.4106 23.3153 12.208 7.86781 7.86781 
12.4083 12.4597 23.5566 23.009 12.8607 7.85282 7.85282 
14.6327 11.3727 24.2069 22.5045 11.4304 7.92641 7.92641 
14.5236 13.0437 25.3167 21.012 10.3698 7.86711 7.86711 
15.6676 12.6088 25.412 20.9408 9.67767 7.8466 7.8466 
14.4206 13.6397 24.682 22.147 9.47956 7.81551 7.81551 
14.7905 12.2135 25.3148 22.8811 9.11296 7.84362 7.84362 
15.4362 12.1009 26.5463 21.6745 8.50385 7.86918 7.86918 
15.3204 11.3136 27.4544 21.2174 8.93029 7.88196 7.88196 
15.495 10.0728 26.5477 23.1443 8.8811 7.92958 7.92958 
15.4171 9.60865 28.3181 21.6016 9.16031 7.94709 7.94709 
15.8747 9.10232 27.6261 21.8323 9.88102 7.84174 7.84174 
16.5581 8.43047 27.6062 22.1231 9.68189 7.80018 7.80018 
17.9516 8.23309 28.0888 21.0318 9.15642 7.76914 7.76914 
17.2598 9.14613 28.3935 20.8709 8.57229 7.87865 7.87865 
17.2098 9.45472 26.7707 22.4177 8.28023 7.93341 7.93341 
18.4556 9.50348 26.5197 21.5074 8.31922 7.8473 7.8473 
18.9543 9.00706 27.2416 20.9361 8.11098 7.87502 7.87502 
17.9593 9.41424 27.1625 21.9264 7.92454 7.80656 7.80656 
15.7844 10.1805 28.0783 21.6141 8.54807 7.89736 7.89736 
16.3208 9.94739 27.0391 22.3785 8.41689 7.94868 7.94868 
17.5621 10.3868 26.3401 20.8758 8.9093 7.96294 7.96294 
16.636 9.27195 28.5779 20.5588 9.13743 7.90896 7.90896 
17.7022 8.74155 27.7787 21.4231 8.52766 7.91343 7.91343 
19.1709 8.58589 27.1161 20.5953 8.76964 7.88113 7.88113 
19.498 8.52035 26.386 20.5017 9.34109 7.87643 7.87643 
18.5103 9.09401 27.8456 19.9185 8.90015 7.86571 7.86571 
18.8231 8.86799 26.7314 21.2247 8.77106 7.79088 7.79088 
16.9825 8.69267 28.3499 21.9688 8.32875 7.83866 7.83866 
17.9868 8.2039 28.715 21.2218 8.31868 7.77689 7.77689 
18.4446 8.37024 27.4673 21.8914 8.12275 7.85186 7.85186 
17.6047 8.74395 27.7042 22.1222 8.03196 7.89652 7.89652 
17.29 9.61889 28.0496 21.2463 8.18265 7.80628 7.80628 
17.7933 9.22585 28.5359 20.7178 8.03454 7.84636 7.84636 
19.4681 8.61292 29.4108 18.6446 8.01727 7.92318 7.92318 
19.9251 8.44659 26.9665 20.628 8.14876 7.94248 7.94248 
20.1506 8.14179 27.2764 20.3454 8.30636 7.88974 7.88974 
21.8486 7.99531 28.4638 17.4401 8.51364 7.86929 7.86929 
22.3148 8.13967 28.2851 17.0041 8.39883 7.92873 7.92873 
23.7742 7.96392 27.694 16.7575 8.0935 7.85844 7.85844 
24.093 8.39372 27.0823 16.614 8.01734 7.89981 7.89981 
25.8123 8.78547 27.1487 14.4779 7.96436 7.9056 7.9056 
24.7002 8.71167 28.0262 14.5479 8.13501 7.93951 7.93951 
22.7953 9.49282 30.109 13.7808 8.00586 7.90811 7.90811 
21.7128 10.4771 29.9542 14.3403 7.87112 7.82225 7.82225 
24.8808 9.96414 27.4771 14.0299 7.89898 7.87454 7.87454 
24.4534 9.36519 28.1866 14.4825 7.84559 7.83337 7.83337 
23.7418 8.7735 28.7903 15.12 7.86219 7.85608 7.85608 
23.5228 8.36905 29.1444 15.2296 7.9134 7.91034 7.91034 
21.3083 8.22983 30.1062 16.8381 7.84019 7.83867 7.83867 
22.9595 8.009 28.6045 16.986 7.81418 7.81341 7.81341 
22.3288 7.93532 29.7111 16.5119 7.83791 7.83752 7.83752 
22.7474 8.79391 31.6509 13.0822 8.16606 7.77977 7.77977 
22.6945 8.32777 30.7626 14.56 8.01385 7.8207 7.8207 
22.9088 8.51824 29.6455 15.3881 7.91083 7.81425 7.81425 
24.8531 8.18069 27.4045 16.0274 7.87698 7.8287 7.8287 
24.6166 9.04902 28.7849 13.179 8.27733 8.04658 8.04658 
24.3292 8.53148 31.4656 11.9902 7.97142 7.85604 7.85604 
24.3597 8.22915 30.6718 13.0073 7.94912 7.89144 7.89144 
25.1606 8.28124 28.7975 14.3562 7.82072 7.79187 7.79187 
26.7217 8.01268 28.8768 13.0704 7.78241 7.76799 7.76799 
26.1335 9.14652 29.0802 12.2984 7.78529 7.77808 7.77808 
26.4208 8.45525 28.6705 13.1368 7.77463 7.77103 7.77103 
26.3873 8.55975 29.6782 11.8031 7.85843 7.85663 7.85663 
24.9178 8.41781 30.7012 12.2808 7.89473 7.89383 7.89383 
24.7712 8.11281 31.8671 11.696 7.85127 7.85082 7.85082 
24.9662 7.92737 28.8368 14.8802 7.7966 7.79638 7.79638 
24.3095 7.8559 27.2926 17.1707 7.79052 7.7904 7.7904 
23.0638 8.32189 28.1918 16.9187 7.83465 7.8346 7.8346 
24.1105 8.09176 27.4607 16.7927 7.84814 7.84812 7.84812 
23.8493 8.03259 27.5177 16.8681 7.91078 7.91077 7.91077 
24.2323 8.0163 26.9896 16.434 8.41693 7.95538 7.95538 
24.7947 8.11529 28.852 13.9313 8.49418 7.90626 7.90626 
24.1074 8.14686 31.5263 12.1701 8.33631 7.85648 7.85648 
26.1678 7.97734 30.1776 11.9409 8.07206 7.83214 7.83214 
25.9919 7.84623 30.074 12.647 7.8936 7.77364 7.77364 
26.8293 7.92312 29.037 12.4902 7.9468 7.88682 7.88682 
26.0749 7.80771 28.7813 13.9374 7.81955 7.78956 7.78956 
26.6312 7.81011 29.7032 12.4374 7.81603 7.80103 7.80103 
27.9497 7.91202 30.1826 10.7483 7.74077 7.73327 7.73327 
28.1415 7.95601 29.9246 10.3742 7.87038 7.86663 7.86663 
28.2452 8.18361 30.2271 9.08117 8.60809 7.8274 7.8274 
27.6819 8.1596 31.5542 8.77787 8.20235 7.812 7.812 
27.1628 8.05904 30.137 10.7903 8.08041 7.88524 7.88524 
27.0662 7.96891 29.7655 11.4558 7.9796 7.88201 7.88201 
28.0842 8.00922 28.0406 12.3842 7.85977 7.81098 7.81098 
26.8253 7.88811 30.3634 11.5319 7.81338 7.78898 7.78898 
28.1091 7.93766 28.2807 11.996 7.9003 7.8881 7.8881 
27.4921 7.87508 30.3904 10.6855 7.8564 7.8503 7.8503 
26.6137 7.98166 31.7393 10.306 7.78849 7.78544 7.78544 
26.5561 7.93405 29.9075 12.0931 7.83746 7.83594 7.83594 
28.6289 7.91439 28.2578 11.6021 7.8661 7.86534 7.86534 
27.7696 7.94391 29.7435 10.7844 7.91976 7.91938 7.91938 
27.7402 7.88762 28.8778 11.8681 7.87554 7.87535 7.87535 
26.1533 7.84554 30.0458 12.4369 7.83951 7.83941 7.83941 
27.5782 7.85026 28.467 12.5629 7.84725 7.8472 7.8472 
26.4265 7.77129 30.717 11.5928 7.95293 7.76975 7.76975 
26.444 8.03949 29.5124 12.2579 7.97646 7.88488 7.88488 
26.3318 7.98316 28.6281 13.2936 7.95165 7.90585 7.90585 
26.7871 7.97829 27.7692 13.4574 8.12865 7.93964 7.93964 
26.8687 7.88985 28.9555 12.5798 7.96503 7.87053 7.87053 
26.4461 7.8923 28.8053 13.1612 7.92988 7.88263 7.88263 
22.3805 8.8912 31.985 12.9909 8.1774 7.78747 7.78747 
23.6126 8.48287 29.6571 14.7253 7.97069 7.77572 7.77572 
24.2692 9.13758 29.6654 13.5941 7.84291 7.74543 7.74543 
25.666 9.51928 28.6941 12.5726 7.88185 7.83311 7.83311 
26.2317 8.84461 30.0333 11.3517 7.86249 7.83812 7.83812 
27.042 8.44915 30.9563 10.206 7.79031 7.77812 7.77812 
27.1574 8.34389 30.819 10.0746 7.87243 7.86633 7.86633 
27.9291 8.40155 28.7026 11.3817 7.86371 7.86066 7.86066 
27.0793 8.79094 28.1218 12.4122 7.86628 7.86476 7.86476 
25.9981 8.38218 29.6755 12.1862 7.91985 7.91909 7.91909 
26.8254 8.6927 29.6287 11.3985 7.81845 7.81807 7.81807 
26.7573 8.4004 30.8617 10.5979 7.79436 7.79417 7.79417 
27.8163 8.15157 28.9567 11.53 7.84855 7.84845 7.84845 
28.1939 7.97189 30.0628 9.82342 8.30739 7.82033 7.82033 
27.6105 7.88985 29.1455 11.6685 8.0576 7.81407 7.81407 
25.7724 8.37115 29.6547 12.5555 7.96323 7.84146 7.84146 
23.8833 8.14452 29.93 14.3423 7.94056 7.87967 7.87967 
25.49 8.10452 28.9973 13.9453 7.84125 7.81081 7.81081 
24.3802 8.14031 28.8068 15.1488 7.85144 7.83622 7.83622 
24.7988 8.41798 28.4614 14.8208 7.83876 7.83115 7.83115 
25.9308 8.66444 27.432 14.3411 7.87978 7.87597 7.87597 
24.7897 8.21735 29.9322 13.5895 7.82502 7.82312 7.82312 
23.3144 7.98799 30.7707 14.266 8.07918 7.79087 7.79087 
22.5663 8.0849 28.2641 17.436 7.97898 7.83483 7.83483 
21.437 8.04245 28.7475 17.9488 7.98949 7.91741 7.91741 
20.9904 8.25083 26.9115 20.1526 7.92224 7.8862 7.8862 
20.2875 8.27972 27.4023 20.6104 7.81869 7.80067 7.80067 
19.2497 8.4445 27.4429 20.9012 8.21398 7.87384 7.87384 
18.6883 8.14974 27.0145 22.3842 8.03448 7.86441 7.86441 
17.9068 8.20331 26.81 23.1187 8.14568 7.90774 7.90774 
16.3202 8.17689 26.7279 24.5687 8.46156 7.87237 7.87237 
17.5351 8.52923 27.8376 22.1528 8.17815 7.88355 7.88355 
15.5857 9.26462 27.4037 23.9552 8.02847 7.88117 7.88117 
15.6105 9.0297 28.5227 23.2154 7.92303 7.84938 7.84938 
14.6545 8.62444 28.6449 24.4502 7.89987 7.86305 7.86305 
16.9092 8.4934 27.2144 23.7233 8.13112 7.76428 7.76428 
15.889 8.18256 26.8725 25.4185 8.00142 7.818 7.818 
16.9889 8.69879 26.4055 24.3134 7.92562 7.83391 7.83391 
16.4069 8.22145 27.1758 24.7829 7.83487 7.78901 7.78901 
15.6801 8.16057 27.2951 25.4756 7.81151 7.78859 7.78859 
15.3096 8.0437 28.1292 24.9329 7.86917 7.85771 7.85771 
15.8017 8.01546 25.8857 26.524 7.9282 7.92246 7.92246 
14.3677 8.42413 28.4003 25.0916 7.90732 7.90445 7.90445 
16.4371 8.10817 28.6482 23.2601 7.84976 7.84833 7.84833 
16.471 7.93758 28.5636 23.6042 7.80838 7.80766 7.80766 
17.1244 7.93704 27.6151 23.7068 7.87244 7.87208 7.87208 
16.2545 7.96852 27.0383 24.9303 7.93622 7.93604 7.93604 
16.8023 8.24294 26.9261 24.2948 7.91133 7.91124 7.91124 
17.264 7.96762 27.5099 23.8531 7.80182 7.80177 7.80177 
16.7681 8.27375 27.8082 23.3171 8.04292 7.89497 7.89497 
17.5708 8.05254 27.0065 23.7067 7.93712 7.86315 7.86315 
17.5733 8.11718 26.382 24.2776 7.90796 7.87097 7.87097 
17.4761 8.04719 26.2964 24.3895 7.94258 7.92409 7.92409 
17.202 8.25557 25.5307 25.3609 7.88979 7.88054 7.88054 
17.3041 8.0527 26.4172 24.6258 7.86981 7.86518 7.86518 
18.9915 8.34734 26.7889 22.4981 7.79293 7.79062 7.79062 
18.749 8.06977 29.3035 20.5023 7.79257 7.79141 7.79141 
19.8536 7.9271 27.3763 21.4787 7.7885 7.78792 7.78792 
21.0889 7.93909 26.2264 21.1369 7.86978 7.8695 7.8695 
21.0329 7.84885 27.3373 20.3386 7.8142 7.81406 7.81406 
20.4264 7.82833 26.2813 22.0311 7.81101 7.81093 7.81093 
20.8715 7.83266 27.2472 20.5767 7.824 7.82396 7.82396 
20.4692 7.76248 28.1721 19.4857 8.59427 7.75813 7.75813 
19.9232 8.03349 28.7919 19.2584 8.27638 7.85831 7.85831 
20.5206 8.36457 28.2158 19.2565 8.02018 7.81114 7.81114 
23.3234 8.08619 26.8707 18.1868 7.91399 7.80947 7.80947 
23.6182 7.92508 27.8763 17.1679 7.83898 7.78672 7.78672 
23.4055 7.8782 27.643 17.6201 7.83515 7.80902 7.80902 
14 14 14 14 14 14 14 
18.2159 13.2893 16.9581 16.6436 11.9266 10.9832 10.9832 
18.1544 14.3464 17.6477 16.8793 13.665 9.40359 9.40359 
16.3831 14.1367 19.3262 17.9145 14.5951 8.69723 8.69723 
15.0253 14.2437 20.1414 18.5245 15.2702 8.33495 8.33495 
13.9643 16.3385 19.7481 17.9028 15.8148 8.08452 8.08452 
12.6511 16.8994 20.645 16.8879 16.8643 8.01052 8.01052 
10.6207 17.7008 20.2344 18.5761 16.9123 7.97002 7.97002 
9.93589 18.7623 18.9278 18.9797 17.487 7.94977 7.94977 
10.1249 17.7892 18.5446 20.3643 17.3758 7.89865 7.89865 
11.2977 16.5417 19.39 19.8292 17.0408 7.94932 7.94932 
11.4524 16.4182 21.0789 18.62 16.6677 7.88091 7.88091 
11.3584 15.4505 20.1946 20.3445 16.9546 7.8485 7.8485 
12.0172 16.4107 19.3696 20.1488 16.2238 7.91486 7.91486 
11.4204 17.0289 18.8613 21.2508 15.5236 7.95743 7.95743 
9.71019 17.2922 18.9862 23.0699 14.984 7.97872 7.97872 
8.99522 18.4126 19.8965 22.0445 14.8169 7.91717 7.91717 
9.61125 19.4336 18.8119 20.5677 15.7039 7.93586 7.93586 
9.0467 19.0918 19.6738 21.891 14.5484 7.87418 7.87418 
8.92515 19.4782 19.092 22.1193 14.6105 7.88743 7.88743 
8.78501 18.0335 21.5787 21.4569 14.3146 7.91568 7.91568 
8.29159 18.3057 22.0279 20.7055 14.9555 7.85692 7.85692 
8.48369 18.1711 22.5436 21.3116 13.6421 7.92389 7.92389 
8.44639 17.6083 21.2718 21.1104 15.6847 7.93922 7.93922 
9.08745 17.5146 21.2694 21.3018 14.969 7.92889 7.92889 
8.43388 18.9403 19.6736 22.4358 14.8072 7.8546 7.8546 
8.16728 20.4183 19.7691 20.473 15.4171 7.87764 7.87764 
8.87816 19.2274 19.1311 20.0538 16.841 7.93425 7.93425 
9.33657 17.2447 19.1328 20.0497 18.3294 7.95346 7.95346 
9.64514 15.914 19.6358 20.9045 18.0767 7.91191 7.91191 
9.26448 16.2714 18.7017 21.3862 18.4917 7.94229 7.94229 
9.75753 15.425 19.3736 21.5131 18.0158 7.95748 7.95748 
11.4155 17.0015 18.5171 19.9309 17.3794 7.87782 7.87782 
10.316 17.3717 19.3968 20.7949 16.4086 7.85596 7.85596 
9.94773 17.3307 20.0956 19.7433 17.0828 7.89994 7.89994 
9.72446 16.8601 20.3803 20.0854 17.2112 7.86921 7.86921 
9.29573 17.2971 20.4118 19.2792 17.9652 7.87549 7.87549 
9.376 18.1048 21.6716 19.3322 15.8384 7.83846 7.83846 
9.67612 17.7222 19.6244 20.2362 17.0641 7.83847 7.83847 
10.7001 17.2519 21.0766 19.6583 15.6585 7.82728 7.82728 
10.185 15.3477 22.9204 20.9141 15.0226 7.80515 7.80515 
10.8844 15.357 22.6895 20.2679 15.1945 7.80328 7.80328 
11.3035 14.1379 21.5122 22.2153 15.1332 7.84901 7.84901 
11.8867 16.6613 20.3484 22.0189 13.322 7.88134 7.88134 
11.2259 17.2987 20.8622 21.6974 13.172 7.87187 7.87187 
10.8314 16.6591 21.7175 22.1351 13.0181 7.81943 7.81943 
10.0696 18.5921 22.3146 20.0174 13.3109 7.84766 7.84766 
10.3746 18.1553 21.2301 19.7175 14.9079 7.80733 7.80733 
11.2443 18.6976 20.3538 18.291 15.7675 7.8229 7.8229 
12.1273 19.2978 18.5953 19.3496 14.899 7.86553 7.86553 
13.31 17.9822 20.0464 18.3705 14.4544 7.91827 7.91827 
13.1184 18.8692 20.8769 17.7218 13.6906 7.86158 7.86158 
13.8559 18.1666 19.8882 18.6695 13.6635 7.87816 7.87816 
13.4813 17.9425 20.1383 19.1649 13.6279 7.82257 7.82257 
14.2902 19.1198 18.98 19.1121 12.7545 7.87168 7.87168 
14.1276 18.0387 20.0885 18.2842 13.6092 7.92587 7.92587 
14.0464 17.3735 20.8921 17.3715 14.4106 7.95296 7.95296 
13.9028 16.7948 21.7483 17.4081 14.3306 7.90768 7.90768 
13.5271 18.447 21.6682 16.7686 13.741 7.92406 7.92406 
14.4744 17.7777 19.7498 18.0228 14.0994 7.93794 7.93794 
12.7788 18.4607 20.0764 19.7167 13.221 7.87325 7.87325 
14.0717 15.3501 20.4549 19.624 14.8136 7.84288 7.84288 
12.3841 16.5059 21.2971 21.006 13.0038 7.90154 7.90154 
12.8271 16.3098 21.6675 20.6926 12.7815 7.86072 7.86072 
12.9462 15.567 22.6428 20.3965 12.7978 7.82483 7.82483 
13.2299 14.9456 22.2673 22.2253 11.6692 7.83134 7.83134 
12.254 14.8663 23.1637 22.6415 11.4737 7.80038 7.80038 
11.8917 14.139 24.523 22.0266 11.6192 7.90019 7.90019 
11.8802 14.2665 24.0039 22.1244 11.9965 7.86424 7.86424 
11.1599 15.5124 23.4031 23.8369 10.2565 7.91563 7.91563 
12.2195 14.5313 23.6257 21.9456 11.9033 7.88736 7.88736 
12.6851 14.1149 24.2786 22.3426 10.7462 7.91628 7.91628 
13.5925 15.0575 24.2643 20.2963 10.8731 7.95814 7.95814 
13.9588 14.0026 24.1156 21.0297 10.9462 7.97356 7.97356 
13.4898 12.6002 25.4693 21.1919 11.4627 7.89303 7.89303 
13.5246 12.2323 26.294 20.7655 11.3811 7.90132 7.90132 
13.5053 13.4953 24.4701 22.4692 10.2707 7.89468 7.89468 
14.3915 12.1643 23.9017 22.9013 10.9687 7.83623 7.83623 
14.0789 12.5757 24.2885 22.8792 10.5493 7.81422 7.81422 
13.6328 12.1944 25.1937 22.7033 10.4944 7.89063 7.89063 
13.0664 12.3472 26.3989 21.8985 10.5857 7.85156 7.85156 
15.6241 12.457 25.4989 20.0402 10.7742 7.80279 7.80279 
14.506 11.2832 27.6402 20.5392 10.3051 7.86314 7.86314 
16.2558 10.4892 26.701 21.3499 9.58469 7.80969 7.80969 
16.9514 10.4585 26.8532 21.1028 9.07042 7.78185 7.78185 
16.809 11.0088 26.8674 21.3041 8.43306 7.78877 7.78877 
17.0584 10.4495 25.9337 21.9158 8.88686 7.8779 7.8779 
17.3935 10.9034 25.5707 21.8997 8.59855 7.81707 7.81707 
19.315 11.3657 26.3606 19.1488 8.19713 7.80638 7.80638 
19.3214 10.3047 28.0263 18.3979 8.30024 7.82476 7.82476 
19.1508 10.1099 29.1689 17.2726 8.54106 7.87839 7.87839 
19.6818 10.5071 27.8823 17.8118 8.25989 7.92855 7.92855 
21.1009 10.6155 26.8098 15.3402 10.4302 7.85168 7.85168 
21.6933 10.3077 26.262 16.5273 9.35796 7.92584 7.92584 
20.6232 11.2991 26.1198 16.5039 9.70691 7.87353 7.87353 
21.4994 10.4838 25.4909 17.2298 9.68771 7.80417 7.80417 
21.464 10.599 25.1081 17.6808 9.37682 7.8856 7.8856 
18.9941 10.5702 27.3688 17.8148 9.38927 7.9314 7.9314 
20.2705 9.98122 26.1154 17.1947 10.772 7.83311 7.83311 
19.1517 10.7283 26.8555 17.3405 10.1674 7.8783 7.8783 
17.134 10.8874 26.6545 20.5889 9.00812 7.86357 7.86357 
17.5907 10.3254 27.9722 19.7619 8.49814 7.92587 7.92587 
19.0894 10.3766 27.2214 19.5066 8.12608 7.83994 7.83994 
21.0832 9.62616 27.516 17.8894 8.05712 7.91405 7.91405 
20.2874 9.19161 27.1761 19.5379 7.98336 7.91183 7.91183 
18.728 10.0175 27.5941 19.4075 8.50975 7.87158 7.87158 
20.4296 9.79017 28.4145 16.671 8.89969 7.89754 7.89754 
21.2267 9.65699 25.8144 17.4129 10.2534 7.81782 7.81782 
19.9507 9.94898 26.9132 18.4956 9.04237 7.82457 7.82457 
19.8091 10.3762 27.307 18.5276 8.3993 7.7904 7.7904 
18.7617 10.4738 27.5107 18.6924 8.77108 7.8952 7.8952 
17.9564 10.3241 27.4181 19.6659 8.89135 7.87202 7.87202 
18.2112 10.7018 26.4932 19.6341 9.13318 7.91328 7.91328 
19.4317 9.56287 26.9694 19.0562 9.18615 7.89686 7.89686 
17.9055 8.66074 29.2893 19.4419 9.0471 7.82774 7.82774 
17.6877 8.39664 27.1446 22.2209 8.89102 7.82953 7.82953 
16.1088 8.61427 26.9626 24.0734 8.43411 7.90337 7.90337 
17.2007 8.27055 26.2862 24.2318 8.18047 7.9151 7.9151 
19.5199 8.44562 26.0741 21.886 8.40058 7.83686 7.83686 
19.0548 8.70999 27.6204 21.0392 8.04644 7.76458 7.76458 
19.2453 8.27349 28.387 20.2375 8.2552 7.80079 7.80079 
19.1318 8.73797 27.9972 20.2414 8.11533 7.88812 7.88812 
19.2201 8.25948 28.4078 20.0631 8.38043 7.83455 7.83455 
18.8125 9.19109 27.5475 20.461 8.17795 7.90501 7.90501 
17.0221 10.2247 27.3499 21.4888 8.06248 7.92601 7.92601 
17.588 9.57388 27.3673 21.5136 8.03124 7.96301 7.96301 
17.8335 9.02423 27.2429 21.35 8.67664 7.93631 7.93631 
18.1705 8.98973 27.5021 20.9735 8.66668 7.84875 7.84875 
19.7459 8.39877 27.2645 20.697 8.23724 7.82828 7.82828 
18.5208 9.0736 27.4688 20.8831 8.3639 7.84496 7.84496 
18.6076 8.98784 28.7195 19.9371 8.18789 7.78005 7.78005 
20.2215 8.60784 26.5433 20.8863 8.04964 7.84572 7.84572 
20.5023 9.87621 26.3741 19.4793 8.09108 7.83852 7.83852 
21.9375 8.93219 27.6841 17.1361 8.48341 7.91334 7.91334 
23.4317 9.5106 27.937 15.2446 8.24764 7.81424 7.81424 
23.2084 8.78515 27.5506 16.7268 8.15367 7.78772 7.78772 
22.415 9.34753 28.0396 16.6216 7.98074 7.79776 7.79776 
21.6305 10.1118 28.0681 16.619 7.91786 7.82637 7.82637 
23.0509 9.28552 27.6292 16.4666 7.88642 7.84068 7.84068 
23.2064 8.63137 27.3474 17.0652 7.93182 7.90894 7.90894 
21.6345 8.23418 28.0938 18.4072 7.8844 7.87297 7.87297 
21.3677 8.09262 27.5025 19.2953 7.91774 7.91202 7.91202 
22.2103 8.40768 27.77 18.0589 7.85295 7.85009 7.85009 
21.5529 8.38295 28.6611 17.2384 8.55334 7.80564 7.80564 
20.4688 8.34532 29.4075 17.2346 8.73821 7.90282 7.90282 
21.0013 8.15496 28.863 17.7618 8.35141 7.93371 7.93371 
19.2886 8.01687 29.7345 19.0324 8.1151 7.90625 7.90625 
19.9891 8.39715 29.4441 18.4504 7.97604 7.87162 7.87162 
20.3687 8.28021 27.6472 20.1095 7.89959 7.84737 7.84737 
20.6707 8.24345 29.0212 18.4134 7.90116 7.87506 7.87506 
20.5784 8.11478 28.7467 18.5817 8.11725 7.93058 7.93058 
22.8294 7.91591 28.1997 17.4902 7.91714 7.82381 7.82381 
22.9664 7.92347 29.2723 15.4692 8.61374 7.87742 7.87742 
23.5294 7.92213 29.3226 15.1604 8.26727 7.89911 7.89911 
24.425 7.80722 28.6036 15.593 7.97979 7.79571 7.79571 
23.6516 8.14715 30.3535 14.4386 7.86443 7.77239 7.77239 
24.0646 7.95417 28.7588 15.876 7.81281 7.76679 7.76679 
23.3677 7.85907 28.8204 16.6337 7.78839 7.76538 7.76538 
25.8558 7.91043 27.6268 15.0047 7.87509 7.86358 7.86358 
24.4005 8.5785 29.5668 13.3243 8.3896 7.87015 7.87015 
24.6618 8.28925 28.0142 14.9698 8.1948 7.93507 7.93507 
24.3621 8.05088 27.1321 16.7037 8.00365 7.87379 7.87379 
26.2678 8.205 26.7239 15.3178 7.87179 7.80686 7.80686 
26.1146 8.10891 28.2658 14.2294 7.78205 7.74959 7.74959 
24.9347 8.26902 31.949 10.9461 8.48873 7.70621 7.70621 
27.5443 8.13451 29.0514 11.3192 8.24436 7.85311 7.85311 
27.934 8.1135 29.6991 10.5729 8.02392 7.82829 7.82829 
28.3188 7.91477 28.8928 11.305 8.0243 7.77217 7.77217 
27.2591 7.83193 31.0516 10.0805 8.25569 7.76062 7.76062 
28.5996 7.80818 30.3461 9.68098 8.02006 7.77253 7.77253 
28.0141 7.90409 29.0302 11.2691 8.01003 7.88626 7.88626 
27.8872 7.89526 29.0261 11.4705 7.94823 7.88635 7.88635 
27.3392 7.84171 28.376 12.9004 7.8682 7.83726 7.83726 
26.7131 7.95812 28.4737 13.4378 7.81609 7.80062 7.80062 
26.8916 7.95995 27.2942 14.203 7.88893 7.8812 7.8812 
26.1369 7.95551 27.8673 14.288 7.92 7.91613 7.91613 
24.9414 8.32558 29.9871 12.9969 8.1406 7.80422 7.80422 
25.1855 8.11468 29.5984 13.3713 8.02219 7.854 7.854 
25.9033 8.1529 29.3043 12.9996 7.93601 7.85192 7.85192 
26.1173 8.07053 29.0013 13.0087 7.96209 7.92004 7.92004 
25.3228 7.96608 27.3937 15.6238 7.91186 7.89084 7.89084 
24.6769 8.828 29.3945 12.8507 8.60709 7.82139 7.82139 
23.0196 8.43877 30.9511 13.8557 8.17352 7.78066 7.78066 
25.5902 8.0987 28.8376 13.9681 7.96607 7.76964 7.76964 
24.6763 8.00974 29.6003 13.9147 8.10845 7.84522 7.84522 
25.0933 7.91644 30.1063 13.2499 7.96579 7.83417 7.83417 
24.3026 7.82727 29.4877 14.9583 7.85194 7.78613 7.78613 
25.3912 7.80771 29.2298 14.177 7.82005 7.78715 7.78715 
25.8366 7.75001 28.2367 14.941 7.75618 7.73973 7.73973 
26.5547 7.96591 28.6638 13.3796 7.81748 7.80926 7.80926 
27.0544 7.85293 28.109 13.6558 7.77871 7.7746 7.7746 
25.9051 7.83526 29.2011 13.6683 7.79815 7.79609 7.79609 
24.9778 7.87333 28.9993 14.5873 7.85477 7.85374 7.85374 
24.2536 7.85823 28.7153 15.627 7.84895 7.84844 7.84844 
24.544 7.90263 29.0928 14.7671 7.89799 7.89773 7.89773 
24.9756 7.86011 28.7158 14.8754 7.85779 7.85766 7.85766 
23.734 7.88142 29.0995 15.6444 7.88026 7.8802 7.8802 
23.622 7.91422 29.2849 15.4381 7.91364 7.91361 7.91361 
24.798 7.85321 28.1165 15.6736 7.85292 7.85291 7.85291 
24.0089 8.72537 27.9901 15.8863 7.79643 7.79642 7.79642 
24.0298 8.31838 27.2862 16.8039 7.85391 7.85391 7.85391 
25.2093 8.15225 28.4 14.4784 7.92001 7.92001 7.92001 
26.2989 8.69396 27.2573 13.9271 7.9409 7.9409 7.9409 
24.8842 9.10888 29.6151 12.5758 8.05208 7.88201 7.88201 
25.849 8.49766 29.3186 12.2816 8.28472 7.88422 7.88422 
28.1978 8.10735 29.4503 10.6424 8.00088 7.80063 7.80063 
28.2757 8.62685 28.5971 10.809 7.96385 7.86373 7.86373 
27.0245 8.78078 30.7934 9.70003 7.93382 7.88376 7.88376 
28.0633 8.26036 30.1026 10.1132 7.83688 7.81185 7.81185 
28.0068 8.78856 29.337 10.4914 7.80043 7.78791 7.78791 
26.1031 8.66474 31.3945 10.4058 7.8148 7.80855 7.80855 
26.5485 8.47348 30.1144 11.1845 7.89513 7.892 7.892 
25.0818 8.60992 30.3633 12.2978 7.88343 7.88186 7.88186 
25.3005 8.16252 28.6831 14.4575 7.79928 7.7985 7.7985 
25.8856 7.94156 30.1504 12.7435 7.75993 7.75954 7.75954 
25.8092 7.87957 30.5475 12.3978 7.78876 7.78857 7.78857 
27.0384 8.19511 30.4713 10.7582 7.84575 7.84565 7.84565 
26.8415 8.20939 30.6962 10.6422 7.87024 7.87019 7.87019 
26.364 8.18271 31.4828 10.463 7.83583 7.83581 7.83581 
24.8067 8.85326 29.8871 12.9346 7.83948 7.83947 7.83947 
23.191 8.87869 28.4709 15.8851 7.8581 7.85809 7.85809 
24.1842 8.87197 29.4837 13.9709 7.82976 7.82976 7.82976 
23.0296 9.83371 28.8043 13.9457 8.60238 7.89215 7.89215 
24.8481 9.12738 30.5425 11.7097 8.16084 7.80572 7.80572 
25.6185 8.55675 29.8546 12.1048 8.07347 7.89592 7.89592 
25.3484 8.19687 29.8176 12.949 7.95523 7.86645 7.86645 
25.8011 8.08074 28.0356 14.2916 7.95992 7.91553 7.91553 
25.4005 8.66366 28.4014 13.8239 7.91831 7.89612 7.89612 
25.4038 8.72922 28.8587 13.4266 7.86795 7.85685 7.85685 
26.2154 8.26851 29.4443 12.419 7.98803 7.83233 7.83233 
26.6212 8.18831 28.5735 12.9663 8.04807 7.8013 7.8013 
26.1396 8.04152 28.9249 13.2266 7.9714 7.84802 7.84802 
25.7541 8.00306 28.6218 13.8404 7.968 7.90631 7.90631 
27.028 7.93235 28.1474 13.2095 7.91482 7.88397 7.88397 
25.8851 7.91806 29.8812 12.6185 7.9093 7.89388 7.89388 
26.1005 8.1386 29.8013 12.5012 7.82462 7.81691 7.81691 
23.997 8.06338 29.6935 14.5346 7.90639 7.90254 7.90254 
24.1978 8.32722 28.4207 15.3429 7.90509 7.90316 7.90316 
27.0809 8.13473 28.4703 12.5451 7.92366 7.9227 7.9227 
26.2007 9.51608 28.9787 11.8815 7.80798 7.8075 7.8075 
25.9256 9.21901 31.0321 10.4017 7.80734 7.8071 7.8071 
26.2415 8.8718 30.762 10.6107 7.8381 7.83797 7.83797 
27.197 8.83473 29.7505 10.5839 7.87799 7.87793 7.87793 
27.4022 8.40509 29.5992 10.8134 7.92673 7.9267 7.9267 
27.7878 8.07252 28.8863 11.7535 7.83333 7.83332 7.83332 
27.8742 7.98363 28.4234 12.1267 7.86403 7.86403 7.86403 
28.2862 8.42968 27.9691 11.5367 7.9261 7.9261 7.9261 
26.4207 8.12943 31.6002 10.2168 7.87764 7.87764 7.87764 
26.9327 8.00793 29.9957 11.4175 7.88204 7.88204 7.88204 
26.7897 7.89618 30.2673 11.5471 7.83323 7.83323 7.83323 
26.1856 8.26703 30.0838 11.7536 7.90333 7.90333 7.90333 
25.0928 8.30018 29.2086 13.5435 7.95166 7.95166 7.95166 
26.6698 8.04619 29.5394 12.1289 7.87194 7.87194 7.87194 
24.6154 7.98651 29.4038 14.2961 7.89938 7.89938 7.89938 
23.6134 7.97415 27.4408 17.1799 7.93058 7.93058 7.93058 
21.906 7.96058 27.4621 18.8549 7.9388 7.9388 7.9388 
21.6255 7.92766 28.6433 18.0532 7.91677 7.91677 7.91677 
23.6611 7.8338 27.3248 17.6953 7.82835 7.82835 7.82835 
24.0822 7.89041 26.4107 17.9536 7.88769 7.88769 7.88769 
22.8027 7.91871 29.4305 16.096 7.91735 7.91735 7.91735 
23.7792 7.86815 28.7218 16.0285 7.86747 7.86747 7.86747 
23.9417 7.84287 28.3674 16.3204 7.84253 7.84253 7.84253 
24.1697 7.8371 28.0391 16.4433 7.83693 7.83693 7.83693 
24.1917 7.84937 28.0133 16.3978 7.84928 7.84928 7.84928 
22.9725 7.98312 29.7534 15.8288 7.82074 7.82074 7.82074 
24.9091 8.01841 29.6418 14.1224 7.76943 7.76943 7.76943 
24.9183 7.92225 30.0383 13.7279 7.79776 7.79776 7.79776 
14 14 14 14 14 14 14 
13.7368 14.4737 17.1053 15.5263 14.6842 12.4737 11 
14.9891 17.4457 16.7893 16.9279 13.7226 10.1812 9.44432 
14.4875 17.4641 18.3014 17.3218 14.4371 9.05328 8.68486 
13.6658 15.2687 21.536 18.4086 14.3286 8.42572 8.24151 
13.1413 14.9942 21.6325 19.0174 14.8746 8.18482 8.09272 
12.073 16.7076 20.5052 19.5565 15.0928 8.03978 7.99373 
11.4093 15.0424 21.7658 21.2914 14.5639 7.96726 7.94423 
11.2991 15.097 19.9738 21.3683 16.3729 7.94633 7.93482 
10.4702 15.2839 21.4219 20.5496 16.4824 7.89693 7.89118 
10.4113 14.6904 20.2924 22.1691 16.6112 7.91322 7.91035 
10.228 16.1622 20.0793 22.3569 15.4485 7.86286 7.86142 
9.45188 16.6427 20.0853 22.7081 15.2585 7.92686 7.92615 
9.74877 17.1113 18.9468 21.628 16.6475 7.95887 7.95851 
9.51476 17.3724 19.1021 21.4869 16.6764 7.92375 7.92357 
9.38921 17.2373 19.0523 22.1449 16.4142 7.88111 7.88102 
9.14425 18.4547 21.0015 20.6743 14.8816 7.92182 7.92178 
10.0095 16.9106 21.6119 21.4483 14.2966 7.86162 7.8616 
12.0486 15.0373 22.0069 22.2715 12.922 7.85691 7.8569 
11.8729 16.3489 20.4071 22.2596 13.4564 7.82754 7.82753 
11.0563 16.2355 21.3147 21.8052 13.9177 7.83534 7.83533 
11.5328 15.508 22.3201 21.7571 13.1944 7.84377 7.84376 
11.5218 15.9075 21.4718 22.0296 13.3118 7.87872 7.87872 
11.3412 16.1011 21.0038 21.7291 14.1336 7.84561 7.84561 
11.4177 17.8206 19.9272 20.5197 14.653 7.83085 7.83085 
10.437 17.1846 20.7201 21.4892 14.5369 7.81613 7.81613 
10.9789 16.4264 21.3047 21.5741 14.0657 7.82512 7.82512 
11.0324 16.5842 21.0596 21.5336 14.0464 7.87183 7.87183 
10.9941 16.101 21.2524 21.2563 14.599 7.89862 7.89862 
10.2645 15.7249 22.8355 20.8607 14.5088 7.9028 7.9028 
10.5744 15.799 22.6422 21.2013 13.9437 7.91965 7.91965 
12.0002 17.1587 21.1591 20.6701 13.2219 7.89501 7.89501 
11.1436 18.388 21.2255 21.1006 12.3526 7.89487 7.89487 
10.4997 19.7709 21.5502 21.007 11.3445 7.91378 7.91378 
9.45439 19.09 22.4797 20.5035 12.6041 7.93416 7.93416 
10.4876 17.9551 21.6085 21.3117 12.8689 7.88413 7.88413 
10.839 17.43 23.5423 20.8939 11.5535 7.87064 7.87064 
11.0629 16.8414 21.8163 22.298 12.2101 7.88566 7.88566 
11.6718 17.1926 22.061 22.0512 11.3682 7.82754 7.82754 
12.2524 15.7392 22.5317 22.0426 11.6163 7.90893 7.90893 
12.1648 16.5652 20.4446 21.287 13.6584 7.93997 7.93997 
11.0363 15.8863 21.3974 21.7034 14.2025 7.88704 7.88704 
12.227 15.9178 22.0911 19.839 14.1898 7.86757 7.86757 
12.2195 16.3691 22.3359 19.9426 13.4313 7.85084 7.85084 
11.3282 16.437 21.8476 20.7723 13.9972 7.80891 7.80891 
12.3686 15.1503 22.1738 21.6361 12.9077 7.88173 7.88173 
11.8216 15.0506 22.4839 22.2151 12.7038 7.86243 7.86243 
12.4625 15.4564 21.8167 21.9122 12.6738 7.83926 7.83926 
11.7617 13.5973 23.3237 21.6784 13.899 7.86997 7.86997 
10.515 13.8718 24.8326 21.6929 13.4129 7.83742 7.83742 
9.69396 13.5306 24.1669 23.6762 13.1813 7.87555 7.87555 
9.56396 13.2512 23.8759 24.1022 13.5482 7.82928 7.82928 
8.74238 13.3087 25.0568 23.3135 13.8285 7.87504 7.87504 
9.94049 13.4613 25.5234 21.0627 14.2163 7.89791 7.89791 
11.3452 13.9807 26.1367 20.2813 12.3581 7.94896 7.94896 
13.1469 13.3048 26.2127 19.9345 11.4626 7.96932 7.96932 
11.6384 13.4056 25.5739 22.4348 11.1858 7.88077 7.88077 
12.3296 13.9945 25.0265 22.5455 10.4106 7.84663 7.84663 
12.3517 13.4366 24.7607 22.6364 11.1397 7.83746 7.83746 
12.2364 13.3299 25.7412 22.8884 9.97754 7.91322 7.91322 
13.637 13.4319 25.1513 22.5971 9.50005 7.84132 7.84132 
13.5017 13.8941 23.9618 23.1797 9.70052 7.88106 7.88106 
13.3773 12.4892 25.7158 22.5537 10.031 7.91643 7.91643 
13.0742 12.2687 26.2314 22.7226 9.83477 7.93412 7.93412 
12.2099 11.8072 26.4402 23.8943 9.79865 7.92484 7.92484 
13.1225 11.4174 25.1249 24.1025 10.5384 7.84713 7.84713 
12.0043 10.3922 28.0055 24.3298 9.57301 7.84762 7.84762 
11.0824 10.1426 28.3076 25.1328 9.73303 7.80081 7.80081 
11.1249 10.5282 27.2248 26.5258 8.92743 7.83442 7.83442 
12.4918 9.2043 28.4222 24.2683 9.8985 7.85743 7.85743 
12.36 9.90106 27.5263 25.0418 9.43294 7.86893 7.86893 
13.4135 9.77287 27.2149 24.7036 9.1581 7.86848 7.86848 
13.2342 10.7611 26.4012 24.8845 9.01769 7.85069 7.85069 
13.0438 10.6505 25.4114 24.9101 10.1644 7.90992 7.90992 
12.4563 9.87069 26.5946 24.955 10.3852 7.8691 7.8691 
11.77 10.1078 25.982 25.9012 10.4882 7.87544 7.87544 
11.6442 10.9439 26.3418 24.7307 10.6106 7.86442 7.86442 
11.2651 12.5606 25.0696 25.0236 10.3686 7.85626 7.85626 
12.3633 12.1869 25.7216 23.6382 10.2667 7.91165 7.91165 
14.1162 11.5091 24.5737 23.0281 11.0527 7.86011 7.86011 
13.9017 11.2015 24.5773 23.6649 10.9733 7.84067 7.84067 
13.0547 11.1851 25.1458 23.6506 11.3308 7.81644 7.81644 
12.2303 11.826 24.5092 24.8227 10.8378 7.887 7.887 
11.486 12.4347 24.6587 24.176 11.4291 7.90769 7.90769 
11.373 12.3836 26.6725 23.8843 10.0041 7.84125 7.84125 
11.4457 12.4745 25.6399 24.6385 10.1068 7.84732 7.84732 
11.7875 11.7629 26.1623 23.64 10.9833 7.83202 7.83202 
12.6142 11.2578 25.1779 24.5888 10.7336 7.81386 7.81386 
13.1564 10.9714 25.4657 24.8971 9.75036 7.87953 7.87953 
12.5782 11.8857 24.4662 24.5819 10.6085 7.93977 7.93977 
12.4295 12.3756 23.6366 25.0103 10.7136 7.91725 7.91725 
12.1446 12.3873 25.5649 22.4782 11.4215 8.13652 7.86698 
12.0612 11.3468 27.8242 22.5204 10.4461 7.96798 7.83321 
15.1836 11.2745 28.393 19.7302 9.59465 7.94574 7.87835 
15.4647 10.8859 27.8705 20.9148 9.21721 7.84027 7.80658 
15.0494 10.592 26.5369 21.8395 10.2997 7.84968 7.83283 
14.9172 11.3444 25.634 22.2101 10.2574 7.82269 7.81426 
15.3609 11.132 26.3228 21.8809 9.72638 7.79065 7.78644 
15.9911 11.0156 25.8317 22.2484 9.22286 7.84628 7.84417 
15.2027 10.763 26.4294 22.3854 9.56639 7.82704 7.82599 
15.6189 9.90047 26.6258 22.8545 9.30214 7.84938 7.84886 
14.5996 9.42554 27.6647 23.1557 9.58934 7.78272 7.78245 
14.8417 10.2994 27.5195 22.8907 8.84495 7.80197 7.80184 
15.2053 11.2874 27.2328 22.0741 8.61409 7.7932 7.79314 
13.7334 12.4557 27.7853 21.5275 8.80296 7.84755 7.84752 
14.5154 13.1684 25.5074 22.5201 8.50913 7.88978 7.88977 
14.3399 11.9666 26.6347 22.4499 8.78714 7.9109 7.91089 
16.093 11.3679 25.9327 21.3788 9.31665 7.95545 7.95544 
14.2788 11.0664 28.4055 21.4543 8.90762 7.94373 7.94373 
15.7193 9.67521 26.3329 23.8928 8.44789 7.96595 7.96595 
15.278 9.73375 26.9647 23.2224 9.12009 7.84054 7.84054 
14.3755 9.20819 26.8057 24.9345 9.05106 7.81249 7.81249 
14.7014 9.2489 27.2007 24.6257 8.48728 7.86799 7.86799 
14.2422 9.60979 27.6766 24.483 8.20258 7.89294 7.89294 
14.5838 10.178 27.7189 23.137 8.72816 7.82707 7.82707 
16.1073 9.49673 27.4958 22.1746 8.90953 7.90802 7.90802 
17.0794 9.76269 28.7909 20.3996 8.32296 7.82221 7.82221 
18.9627 9.26201 28.2927 19.7164 8.08897 7.8386 7.8386 
18.9984 9.03441 29.0611 19.0912 8.02176 7.89657 7.89657 
19.5832 9.83934 28.116 18.5092 8.21256 7.86985 7.86985 
20.5393 9.4368 27.4536 18.9119 8.00036 7.82901 7.82901 
21.2164 9.60006 27.928 17.2962 8.14219 7.90859 7.90859 
21.2404 9.11037 27.3261 18.5619 8.09408 7.8336 7.8336 
20.9143 8.47676 29.5127 17.4509 7.96861 7.83837 7.83837 
20.0502 9.03489 29.0005 17.7371 8.49012 7.8436 7.8436 
19.1781 9.43548 27.7516 19.6609 8.20681 7.88355 7.88355 
18.2987 9.55645 27.9081 20.4756 8.13566 7.81274 7.81274 
19.0891 8.99509 28.1107 19.8764 8.2847 7.82203 7.82203 
18.7254 8.73483 29.0271 19.5427 8.23839 7.86582 7.86582 
17.9564 9.52367 25.7635 22.2713 8.8067 7.83916 7.83916 
20.3201 8.91519 25.8211 20.4009 8.71645 7.91319 7.91319 
22.3096 8.81896 26.6177 18.3001 8.2523 7.85068 7.85068 
20.5684 8.88479 29.0496 17.9464 7.98418 7.78336 7.78336 
19.865 8.78371 28.5967 19.3025 7.8843 7.7839 7.7839 
21.5161 8.3508 27.2016 19.3287 7.9011 7.85089 7.85089 
19.8898 8.81612 28.5708 18.9458 8.14216 7.81766 7.81766 
20.2844 9.34633 28.02 18.8865 7.92911 7.76686 7.76686 
21.5484 8.57942 28.385 17.8807 8.02705 7.78968 7.78968 
22.5026 8.45637 28.2357 17.428 7.87155 7.75286 7.75286 
21.2224 8.12992 28.5687 18.5406 7.98202 7.77817 7.77817 
22.6802 7.98346 27.9207 17.891 7.9095 7.80758 7.80758 
22.1389 7.98581 26.3864 19.7443 7.94884 7.89787 7.89787 
21.7506 8.94647 26.9703 18.8505 7.84439 7.81891 7.81891 
22.3507 8.73553 28.731 16.6384 7.85662 7.84388 7.84388 
20.9645 8.88584 28.5221 18.1083 7.84397 7.8376 7.8376 
20.2001 8.51815 28.3677 18.772 8.46744 7.8373 7.8373 
20.5362 8.15316 28.0468 19.5106 8.1278 7.81273 7.81273 
23.2189 8.33887 27.9578 16.8045 7.99833 7.84079 7.84079 
24.4081 8.09435 29.1666 14.7162 7.92408 7.84531 7.84531 
23.832 8.26229 29.5542 14.7709 7.88646 7.84707 7.84707 
21.6986 8.16841 29.9945 16.7022 7.82522 7.80552 7.80552 
22.4655 7.95626 30.1488 16.0952 7.78466 7.77482 7.77482 
23.609 7.93853 28.7708 16.1334 7.85273 7.8478 7.8478 
21.9869 8.83249 29.431 15.3615 8.63761 7.87527 7.87527 
24.816 8.34116 28.538 14.3361 8.24372 7.86255 7.86255 
26.0292 8.15729 27.558 14.3109 8.10857 7.91799 7.91799 
24.6134 7.99714 29.1395 14.5222 7.97278 7.87749 7.87749 
23.7446 8.08354 30.7462 13.7971 7.90796 7.86031 7.86031 
24.0598 7.94802 29.1231 15.336 7.86023 7.83641 7.83641 
25.1323 7.88967 27.8146 15.6499 7.84578 7.83387 7.83387 
24.5453 8.1115 28.8378 14.7694 7.91594 7.90999 7.90999 
24.8123 8.02401 28.5459 14.845 7.92623 7.92325 7.92325 
24.8682 7.96337 27.3429 16.0851 7.91448 7.91299 7.91299 
20.9277 8.46886 28.5753 18.6195 7.80339 7.80265 7.80265 
23.1375 8.4011 28.5237 16.2542 7.89475 7.89438 7.89438 
23.555 8.13891 30.0153 14.6339 7.88573 7.88555 7.88555 
23.6072 8.01267 29.0455 15.2034 8.35927 7.88599 7.88599 
24.4176 7.9577 27.7446 15.9604 8.131 7.89436 7.89436 
23.9075 7.82501 28.2954 16.4738 7.91166 7.79334 7.79334 
24.5751 7.796 28.7108 15.3566 8.00114 7.78016 7.78016 
23.4321 7.96426 28.9638 16.112 7.91623 7.80574 7.80574 
23.7221 7.9335 27.7038 17.0226 7.90948 7.85424 7.85424 
21.8228 7.98974 30.9017 15.791 7.97773 7.75854 7.75854 
21.6152 7.95381 29.5271 17.2797 7.94781 7.83821 7.83821 
22.5901 7.9044 27.9055 18.0054 7.9014 7.8466 7.8466 
22.4963 7.8483 28.7255 17.4443 7.8468 7.8194 7.8194 
24.0109 7.82806 27.4258 17.2807 7.82731 7.81361 7.81361 
22.8205 7.83252 28.7599 17.1043 7.83215 7.8253 7.8253 
