5 80000 500 160
14 14 14 14 14 14 14 
15.0882 14.1232 16.2371 16.0533 13.0662 11.2739 13.1581 
15.5997 14.3394 19.0075 16.4711 13.8664 9.63695 10.579 
14.9523 15.6717 19.4902 18.2221 13.3435 8.79958 9.27063 
13.4523 16.8664 19.1741 19.868 13.511 8.38385 8.61938 
13.8388 17.7994 20.08 18.9481 12.3189 8.69897 8.25335 
14.6385 18.3573 18.8717 18.0276 13.6699 8.31332 8.09051 
13.2664 18.4297 19.0541 19.0725 14.0302 8.12142 8.01001 
12.4024 18.4182 19.2111 20.0445 13.6085 8.31895 7.98852 
11.6264 17.5669 19.283 20.5794 14.6488 8.33836 7.95321 
10.6182 18.5327 19.5301 21.78 13.3133 8.27782 7.94596 
10.5834 20.3072 20.3839 20.243 12.4232 8.14735 7.9111 
9.25063 20.3442 20.2359 21.9983 11.8567 8.39919 7.91449 
10.2612 20.36 18.933 21.5483 12.4313 8.53485 7.93123 
9.68271 19.8716 20.4063 21.8608 11.5754 8.67271 7.93038 
9.67561 19.5353 22.2197 19.7702 12.6247 8.27282 7.90165 
9.11317 20.0575 21.907 20.8996 11.8196 8.26685 7.93633 
9.07636 19.7039 22.6766 20.9018 11.2064 8.51195 7.92297 
9.28638 20.7872 21.6261 21.2423 10.7111 8.42864 7.91832 
8.72044 20.3364 21.3281 22.2806 11.2926 8.14851 7.89335 
8.47083 20.0337 22.099 20.6321 12.298 8.55856 7.90781 
8.18826 21.3899 21.5211 20.9957 11.7662 8.23212 7.90675 
8.99179 21.8792 21.7985 20.4394 10.6346 8.35583 7.90074 
8.62502 21.0747 22.5359 21.2557 10.047 8.53227 7.92935 
9.21017 20.8444 22.306 20.277 11.237 8.2135 7.91204 
9.27662 20.8601 21.445 21.2334 11.1659 8.12135 7.89763 
10.1188 20.2649 20.4822 21.4275 11.0634 8.71533 7.92779 
10.2755 18.8508 20.9714 21.7421 11.4185 8.8286 7.91323 
9.59784 17.6414 21.5185 22.3734 12.5167 8.40491 7.94722 
8.73875 18.6344 21.5043 22.7196 12.3472 8.14228 7.91344 
8.33051 19.1079 21.9629 22.4958 11.7042 8.48071 7.91786 
9.07978 19.1694 20.953 21.9317 12.3336 8.58508 7.94753 
9.54772 20.5393 21.1964 20.199 12.2701 8.28315 7.96438 
8.92167 20.3752 21.2317 21.1101 12.2436 8.13856 7.97917 
8.43727 20.276 21.8088 22.4843 10.9819 8.04572 7.96602 
8.3853 19.1789 22.0679 23.7422 10.6796 8.03229 7.91383 
8.36576 18.863 22.3941 22.9221 11.5995 7.95741 7.89818 
8.13025 19.2612 22.4973 21.6778 12.6109 7.92608 7.89646 
9.68135 18.367 21.3891 22.0713 12.6237 7.9412 7.92639 
10.0187 19.6204 20.4033 21.7962 12.2989 7.935 7.9276 
8.98235 20.23 21.0712 21.6927 12.1465 7.94051 7.93681 
8.96527 20.633 21.2106 19.6376 13.7655 7.8949 7.89305 
8.45817 20.1789 22.1497 19.4518 13.7635 8.07589 7.92206 
8.22909 21.3202 21.5364 19.8797 13.0356 8.03795 7.96103 
8.07417 20.4427 21.8707 21.2753 12.4184 7.9786 7.94014 
9.27058 18.917 22.2075 21.1851 12.5699 7.93455 7.91532 
10.3263 18.4016 20.5346 21.1617 13.6833 7.95101 7.9414 
9.71589 19.105 21.9287 20.2454 13.0717 7.96912 7.96431 
10.113 20.1398 21.6289 20.1691 12.1 7.92583 7.92342 
10.0724 19.7037 22.1202 20.3552 11.8621 7.9438 7.9426 
9.6587 20.3295 21.5378 21.1946 11.478 7.90102 7.90042 
9.45898 19.887 21.4942 20.4738 12.9149 7.8857 7.8854 
9.31282 17.9435 20.9971 22.2369 13.6241 7.94285 7.9427 
8.88922 18.4956 20.816 22.7587 13.1613 7.93968 7.9396 
8.46559 17.1149 21.6842 24.1416 12.7869 7.90341 7.90337 
8.70648 16.2768 23.6491 23.2989 12.2707 7.89907 7.89905 
9.03821 14.5196 23.537 23.3619 13.7282 7.90753 7.90752 
8.49835 15.6508 22.8412 23.2726 13.871 7.933 7.933 
8.20079 15.3254 24.1625 24.7815 11.6936 7.91812 7.91811 
9.57742 14.1115 24.1837 24.5816 11.6772 7.93432 7.93432 
10.3962 15.4669 24.1479 21.8235 12.3806 7.89239 7.89239 
11.9574 16.3446 22.5369 20.5414 12.7644 7.92768 7.92768 
12.8785 16.1118 21.0038 21.5183 12.6204 7.93359 7.93359 
11.7423 16.1998 23.0019 21.0811 12.0867 7.94407 7.94407 
12.109 15.7023 21.8323 22.6263 11.7938 7.96814 7.96814 
12.5394 14.806 21.8184 22.8733 12.0999 7.93144 7.93144 
12.0682 14.1521 21.5556 24.4595 11.8484 7.95811 7.95811 
11.954 13.9066 22.6175 25.1623 10.569 7.89527 7.89527 
11.815 14.4863 23.4556 23.4098 11.0284 7.90244 7.90244 
12.3304 14.9506 24.0796 22.278 10.5537 7.90379 7.90379 
12.1882 16.0795 23.4165 22.5157 10.057 7.87159 7.87159 
13.4499 14.998 24.4319 22.2916 9.00463 7.91194 7.91194 
15.3632 13.1901 23.8013 23.1377 8.66898 7.91938 7.91938 
15.8933 12.252 23.762 23.2477 9.07902 7.88305 7.88305 
17.1572 11.5916 23.8243 22.7574 8.89174 7.88889 7.88889 
16.2857 12.1542 24.4362 22.9394 8.39577 7.89435 7.89435 
16.9543 12.1222 24.4107 22.4328 8.19379 7.94308 7.94308 
16.6325 12.3718 25.0209 21.3135 8.75709 7.95212 7.95212 
15.8366 12.4867 25.1121 22.3437 8.34196 7.93948 7.93948 
16.3558 11.66 24.9519 23.0469 8.12931 7.92807 7.92807 
15.1043 11.0248 24.7054 25.1598 8.28544 7.86014 7.86014 
15.2445 11.1804 24.296 24.9281 8.59616 7.87744 7.87744 
14.3308 11.1458 26.0893 24.3089 8.28131 7.92195 7.92195 
14.4881 11.637 24.2575 25.4268 8.48848 7.85113 7.85113 
15.5962 11.1232 25.5599 23.4357 8.53318 7.87591 7.87591 
16.0755 10.4833 26.3146 23.2391 8.18158 7.85294 7.85294 
16.391 9.89559 26.5225 22.9561 8.50606 7.86442 7.86442 
16.1448 8.86485 27.4317 23.5748 8.28529 7.84926 7.84926 
18.628 8.43242 26.9381 22.0096 8.14264 7.92463 7.92463 
20.1218 8.69219 25.4778 21.7035 8.21979 7.89245 7.89245 
19.5632 8.30537 26.0873 22.164 8.06917 7.9055 7.9055 
18.3803 8.92976 25.8887 23.0777 7.9624 7.88056 7.88056 
17.5794 8.37987 26.3672 24.0668 7.89619 7.85527 7.85527 
17.8114 8.75515 26.5531 23.3378 7.86114 7.84068 7.84068 
17.8556 8.31552 26.5224 23.7214 7.86852 7.85829 7.85829 
16.5711 8.40405 26.5308 24.918 7.86207 7.85696 7.85696 
15.4751 8.23252 25.248 27.4917 7.8526 7.85005 7.85005 
17.3055 8.02573 24.9697 26.1944 7.83577 7.83449 7.83449 
16.2837 7.9992 24.6716 27.3341 7.90422 7.90358 7.90358 
17.8734 8.02644 24.0808 26.4187 7.8671 7.86678 7.86678 
18.8352 7.94723 26.1267 23.4886 7.86756 7.8674 7.8674 
20.7812 8.2918 25.7906 21.4034 7.91105 7.91097 7.91097 
20.7818 8.05788 26.2205 21.3374 7.86751 7.86747 7.86747 
21.5268 7.92649 25.9165 21.1364 7.8313 7.83128 7.83128 
24.6653 7.93521 25.3414 18.3953 7.88761 7.8876 7.8876 
26.1907 7.95873 25.9745 16.0713 7.93494 7.93493 7.93493 
25.7698 7.93286 26.0105 16.524 7.92096 7.92095 7.92095 
28.1627 7.90161 25.2738 14.975 7.89566 7.89566 7.89566 
26.8775 7.86076 25.907 15.7813 7.85778 7.85778 7.85778 
27.0641 8.4316 28.8903 12.1486 7.82184 7.82184 7.82184 
29.5634 8.13956 28.7949 9.99805 7.83468 7.83468 7.83468 
29.2879 8.39077 27.9777 10.8632 7.82681 7.82681 7.82681 
29.8125 8.24033 27.472 10.9372 7.84599 7.84599 7.84599 
31.6084 8.05633 27.1403 9.61755 7.85916 7.85916 7.85916 
31.1795 8.02332 26.282 10.741 7.92474 7.92474 7.92474 
31.6817 8.03465 27.3939 9.27854 7.87042 7.87042 7.87042 
28.6727 7.99963 30.4005 9.17467 7.91751 7.91751 7.91751 
29.3157 7.92543 30.2829 8.82287 7.88437 7.88437 7.88437 
30.7701 7.91282 28.3431 9.29709 7.89229 7.89229 7.89229 
32.3324 7.95641 26.6979 9.17486 7.94615 7.94615 7.94615 
32.3533 8.41466 26.7782 8.66417 7.92991 7.92991 7.92991 
32.5775 8.19366 27.0565 8.31842 7.95129 7.95129 7.95129 
33.4285 8.2453 26.4104 8.19851 7.90577 7.90577 7.90577 
30.4114 8.0202 30.0203 7.99681 7.85044 7.85044 7.85044 
30.3144 8.03184 30.2276 7.91145 7.83826 7.83826 7.83826 
31.1651 8.85782 28.4537 7.90829 7.8717 7.8717 7.8717 
28.8112 8.35268 30.8188 8.43845 7.85962 7.85962 7.85962 
29.6895 8.65232 29.274 8.80438 7.85994 7.85994 7.85994 
31.0085 8.31323 27.0293 9.89788 7.91704 7.91704 7.91704 
32.3545 8.12137 26.0697 9.68462 7.92328 7.92328 7.92328 
30.2288 8.15905 28.9599 8.82358 7.9429 7.9429 7.9429 
32.0003 8.02689 27.8571 8.35916 7.91882 7.91882 7.91882 
32.2768 7.94962 26.6945 9.39234 7.89558 7.89558 7.89558 
33.272 8.28515 25.955 8.68324 7.93486 7.93486 7.93486 
32.3027 8.14258 26.5331 9.1194 7.96743 7.96743 7.96743 
29.9991 7.98249 29.8627 8.4709 7.89492 7.89492 7.89492 
27.5878 7.99125 32.3431 8.23545 7.94746 7.94746 7.94746 
30.322 7.94573 29.893 8.06783 7.92383 7.92383 7.92383 
31.8276 7.97286 28.2798 8.03392 7.96192 7.96192 7.96192 
32.2158 7.92516 27.9255 8.17451 7.91969 7.91969 7.91969 
28.749 7.91292 31.2314 8.37619 7.91018 7.91018 7.91018 
28.4532 7.89021 30.9366 9.05352 7.88884 7.88884 7.88884 
31.049 7.91707 28.6692 8.61555 7.91638 7.91638 7.91638 
32.296 7.94176 27.647 8.291 7.94142 7.94142 7.94142 
32.1172 7.93564 26.9292 9.21158 7.93547 7.93547 7.93547 
32.8426 7.95843 26.7275 8.5964 7.95834 7.95834 7.95834 
29.236 7.98379 30.9839 8.18836 7.86933 7.86933 7.86933 
30.9315 7.91139 29.5809 8.01367 7.85416 7.85416 7.85416 
30.6044 7.90026 28.9696 8.91089 7.87164 7.87164 7.87164 
28.4169 7.94603 31.1856 8.65626 7.93172 7.93172 7.93172 
30.0399 7.95935 29.7158 8.42836 7.95219 7.95219 7.95219 
28.3309 7.89466 31.972 8.12917 7.89109 7.89109 7.89109 
29.7356 7.8947 29.1439 9.54704 7.89291 7.89291 7.89291 
30.4928 7.90568 28.0094 9.87769 7.90479 7.90479 7.90479 
29.9786 7.85909 27.1744 11.4121 7.85864 7.85864 7.85864 
29.1577 7.83098 27.8582 11.6609 7.83076 7.83076 7.83076 
30.9273 7.85344 26.3396 11.3197 7.85333 7.85333 7.85333 
30.0895 7.89497 26.5485 11.7823 7.89492 7.89492 7.89492 
27.3398 7.92875 31.0728 9.87241 7.92872 7.92872 7.92872 
27.7618 7.93097 29.7327 10.7817 7.93096 7.93096 7.93096 
14 14 14 14 14 14 14 
16.8558 15.0288 17.1923 14.4519 13.1058 11.2308 11.1346 
17.2749 16.019 18.1281 15.4451 13.4593 9.61082 9.56274 
17.547 16.3207 17.4417 17.1641 13.711 8.79477 8.77073 
16.975 17.0093 17.1381 17.8626 14.0498 8.4981 8.3422 
14.5073 17.2157 18.3424 17.9965 15.5235 8.21506 8.13711 
14.497 17.8202 19.0165 16.6635 15.9193 8.04564 8.00667 
14.8525 17.5902 18.3318 16.7249 16.5679 7.9683 7.94881 
13.9544 18.0681 18.2905 16.9678 16.2958 8.50937 7.90616 
13.5019 18.0313 17.7991 18.374 15.9776 8.37557 7.9366 
11.8008 18.973 18.6435 18.0775 15.9547 8.59746 7.95123 
10.5792 19.4725 19.3078 18.2566 15.3796 9.04733 7.95606 
9.71706 19.0492 20.2646 17.9069 16.2394 8.87481 7.9475 
9.92996 18.0246 20.6323 17.7392 17.0483 8.65169 7.97375 
9.16726 18.3428 19.3617 18.9836 17.8546 8.31445 7.97548 
9.49117 17.7774 19.9227 20.516 16.1819 8.14016 7.97067 
8.73688 19.4112 19.613 20.7805 15.4204 8.06137 7.97663 
8.32324 20.5813 18.4223 20.3479 16.3967 7.98549 7.94312 
8.1894 20.9156 19.4195 18.3684 17.2261 7.95108 7.92989 
8.67923 19.3403 20.4547 18.9263 16.2062 8.48843 7.90477 
9.28312 19.5572 21.2443 18.7852 15.024 8.19902 7.90719 
8.62974 20.4137 20.6665 18.9938 14.8975 8.45697 7.94178 
8.29041 19.5341 20.8072 20.2003 15.0176 8.20402 7.94642 
8.11919 18.7266 20.3747 22.1666 14.5897 8.076 7.9472 
9.21111 18.2269 20.2631 22.1439 14.1888 8.05315 7.91299 
9.13078 17.3479 19.4787 22.793 15.1063 8.25506 7.88825 
8.65566 18.7586 20.3176 20.6349 15.6631 8.07676 7.89335 
8.38388 17.0489 22.327 21.1581 15.1325 8.02068 7.92897 
8.42923 16.8578 22.4629 19.9717 15.9702 8.38887 7.91929 
10.9063 16.3236 20.9307 19.7603 15.955 8.1794 7.94461 
10.8155 17.872 20.8277 19.8802 14.5717 8.07521 7.95781 
10.5417 17.939 20.9049 19.1663 15.2472 8.27867 7.92236 
10.8838 18.4968 20.1275 19.0366 15.3784 8.12752 7.94936 
10.382 20.1765 20.0188 17.677 15.4736 8.33023 7.94175 
11.2216 19.4013 19.2461 17.9225 15.5994 8.66893 7.94034 
10.0469 19.9262 19.0967 18.4349 16.1456 8.39462 7.95513 
10.2507 19.2813 20.0029 17.9296 16.4819 8.1367 7.91696 
10.3649 20.1197 19.2829 18.1714 16.1002 8.03542 7.92555 
10.4298 19.0553 20.8858 17.6314 16.0711 7.99072 7.93579 
11.3526 17.6864 20.2483 18.6211 16.1942 7.96243 7.93496 
11.4127 17.0602 21.7521 17.7602 16.1591 7.9347 7.92097 
10.8579 16.7119 22.0124 17.8195 16.3371 8.36129 7.89988 
10.684 17.5523 21.3617 19.1879 15.201 8.12191 7.89121 
10.5764 17.2136 22.0871 18.7346 15.413 8.04533 7.92998 
11.8367 18.237 21.7523 18.073 14.255 7.95179 7.89411 
11.6847 18.375 20.0567 18.9758 15.0941 7.92127 7.89243 
11.3039 19.7259 19.1053 18.2571 15.7009 7.96063 7.94621 
10.8353 19.1134 20.2385 19.2562 14.6288 7.96756 7.96035 
9.34232 20.1532 20.5588 20.0676 14.0648 7.90843 7.90482 
8.84452 20.3495 21.4351 20.8685 12.7306 7.8868 7.88499 
8.98307 20.9011 21.6128 20.4005 12.1086 8.08191 7.91209 
8.4389 19.8255 22.484 20.1509 13.2089 7.98832 7.90341 
8.75741 18.8237 22.8757 20.554 13.1226 7.95456 7.9121 
8.31129 19.6847 21.5502 21.5932 13.0621 7.90986 7.88864 
8.69373 19.8099 21.1479 21.6556 12.852 7.92576 7.91514 
8.33358 21.2007 20.2915 21.8743 12.406 7.94959 7.94428 
8.51461 22.0552 21.8515 20.3017 11.4706 7.90456 7.90191 
9.72606 21.2706 20.7348 20.3071 12.0721 7.94534 7.94401 
9.1924 20.3127 20.5541 22.6323 11.3841 7.96248 7.96182 
9.21577 20.6636 19.8785 23.0009 11.308 7.96675 7.96642 
8.85958 20.5359 19.4631 22.9801 12.2016 7.97997 7.97981 
9.83759 22.5906 19.7493 20.8872 10.9767 7.97935 7.97927 
9.59252 20.3782 21.9558 21.8193 10.3384 7.95793 7.95789 
9.71119 20.019 21.4694 22.8189 10.0842 7.94872 7.9487 
9.34278 19.167 20.4416 24.1384 11.086 7.91209 7.91208 
10.3405 19.6207 19.8863 23.6863 10.5616 7.95233 7.95232 
10.8053 18.8443 21.9288 22.7555 9.84252 7.91176 7.91176 
11.1027 17.3222 22.1644 23.7777 9.72126 7.95588 7.95588 
11.2463 17.1553 21.7 24.4371 9.59036 7.93547 7.93547 
11.1787 17.779 20.8326 24.545 9.7431 7.96079 7.96079 
10.0804 17.672 20.9952 25.6457 9.66197 7.97241 7.97241 
10.1422 17.6115 21.518 25.9861 8.81058 7.9658 7.9658 
9.53377 16.9114 23.6916 24.5596 9.50547 7.89911 7.89911 
10.2463 16.9684 23.3918 23.8258 9.8408 7.86345 7.86345 
10.4206 16.5697 21.9189 23.6229 11.6118 7.92801 7.92801 
10.9013 15.9068 21.8335 25.2261 10.2775 7.92742 7.92742 
11.0912 15.1236 23.1538 25.2325 9.63204 7.8834 7.8834 
10.4737 14.03 24.3079 26.1686 9.33347 7.84314 7.84314 
10.5906 13.8027 24.3911 25.6082 9.92486 7.84126 7.84126 
11.3463 13.5893 23.6605 26.8168 8.89025 7.84844 7.84844 
11.0002 12.4021 25.4751 26.8664 8.55727 7.84946 7.84946 
10.7633 11.9703 24.3772 27.6032 9.54179 7.8721 7.8721 
10.8942 13.6254 23.5039 27.438 8.73608 7.90123 7.90123 
10.9093 13.2203 23.8318 27.7946 8.35964 7.94221 7.94221 
11.1433 13.3966 23.2931 27.9692 8.27163 7.96312 7.96312 
11.2859 11.9364 25.337 26.9608 8.65963 7.91013 7.91013 
12.1954 11.5125 24.0597 28.1981 8.26127 7.88652 7.88652 
12.5912 11.9251 24.4757 27.3025 8.02674 7.83936 7.83936 
13.5917 10.3617 24.4696 27.8144 7.98333 7.88964 7.88964 
14.3751 9.25324 25.4701 27.1425 7.95094 7.9041 7.9041 
13.2877 8.54819 27.332 27.1878 7.89704 7.87362 7.87362 
14.6739 8.23555 26.7281 26.656 7.90998 7.89826 7.89826 
14.3004 9.02645 25.4645 27.3691 7.95042 7.94457 7.94457 
16.0963 8.92499 26.5803 24.714 7.89678 7.89385 7.89385 
18.3562 8.37245 26.5603 23.139 7.85834 7.85688 7.85688 
18.6609 8.17329 26.6422 22.7764 7.91624 7.91551 7.91551 
16.9881 8.02809 26.9472 24.3386 7.89956 7.8992 7.8992 
19.2986 8.26692 26.0024 22.859 7.85783 7.85764 7.85764 
18.3498 8.09822 25.6664 24.2048 7.89367 7.89358 7.89358 
19.3216 8.32784 25.4249 23.3494 7.85882 7.85877 7.85877 
18.6872 8.11929 25.3899 24.1493 7.88478 7.88476 7.88476 
18.9279 7.98574 25.7435 23.7375 7.86849 7.86848 7.86848 
17.9586 7.97137 24.4846 25.8472 7.91274 7.91273 7.91273 
17.2159 7.93 25.0033 26.1487 7.90069 7.90068 7.90068 
16.6899 7.95207 24.7862 26.3286 8.36845 7.93741 7.93741 
17.7199 7.94238 24.2921 26.0249 8.15057 7.93505 7.93505 
17.3286 8.03151 25.2551 25.4254 8.13561 7.91184 7.91184 
18.1006 7.93733 25.1276 25.0902 7.98937 7.87749 7.87749 
18.6059 8.74644 24.5638 24.2118 7.99469 7.93874 7.93874 
20.5008 8.8003 27.3861 19.658 7.90359 7.87562 7.87562 
20.9342 8.56682 25.9794 20.8333 7.90479 7.8908 7.8908 
21.1338 8.39452 27.323 19.3055 7.95239 7.9454 7.9454 
19.4916 8.82092 28.1776 19.6528 7.95469 7.9512 7.9512 
20.9703 8.83223 26.9006 19.4636 7.9456 7.94385 7.94385 
20.919 9.37479 26.7768 19.2359 7.89842 7.89755 7.89755 
20.8476 8.68283 26.1738 20.4627 7.94464 7.94421 7.94421 
20.384 8.32548 26.4335 20.9883 7.95639 7.95617 7.95617 
19.8918 8.08884 25.9188 22.3879 7.90429 7.90418 7.90418 
20.0725 8.58028 26.567 21.2151 7.8551 7.85504 7.85504 
21.1227 8.28127 25.146 21.694 7.91868 7.91865 7.91865 
19.8364 8.40503 26.2191 21.8278 7.9039 7.90389 7.90389 
20.7071 8.14683 26.1026 21.3547 7.89627 7.89626 7.89626 
21.2327 8.35913 26.348 20.3477 7.90418 7.90417 7.90417 
22.6853 8.08761 25.243 20.4037 7.86013 7.86013 7.86013 
23.0129 8.00526 25.7906 19.5166 7.89152 7.89152 7.89152 
22.726 7.90507 25.7002 20.1242 7.8482 7.8482 7.8482 
24.9585 8.2222 24.5355 18.7138 7.85668 7.85668 7.85668 
27.7247 8.50386 26.092 14.2664 7.80431 7.80431 7.80431 
26.979 9.6331 25.7142 13.0749 8.947 7.82592 7.82592 
27.2282 8.75799 27.1589 12.7312 8.41494 7.8544 7.8544 
29.1895 8.34725 26.6747 11.8219 8.17572 7.89546 7.89546 
29.6509 8.10621 25.6969 12.7649 8.02045 7.88031 7.88031 
30.4373 8.69445 25.8231 11.4457 7.91318 7.84311 7.84311 
28.3408 8.3065 28.9749 10.7002 7.91586 7.88083 7.88083 
29.9151 8.30219 28.4236 9.71182 7.8941 7.87659 7.87659 
29.4846 8.09254 29.3019 9.47303 7.88849 7.87973 7.87973 
27.6299 8.21293 29.961 10.4536 7.91711 7.91274 7.91274 
30.0705 8.03023 27.0881 11.1685 7.88232 7.88013 7.88013 
27.1338 7.97657 30.5676 10.6164 7.90262 7.90152 7.90152 
29.9988 7.9789 28.8988 9.29879 7.94192 7.94137 7.94137 
28.0159 9.05143 30.5651 8.57502 7.99989 7.89631 7.89631 
27.1898 8.50299 32.2144 8.26478 7.97722 7.92543 7.92543 
28.7013 8.18766 30.5753 8.81324 7.92478 7.89888 7.89888 
29.5405 7.99679 28.5788 10.3138 7.86534 7.8524 7.8524 
31.7866 7.9611 27.4596 9.1196 7.89538 7.8889 7.8889 
27.8803 8.3002 31.4404 8.55548 7.94337 7.94013 7.94013 
29.2275 8.05815 29.8581 9.22027 7.87973 7.87811 7.87811 
28.2596 8.29991 29.5124 10.2351 7.8982 7.89739 7.89739 
27.5247 8.07605 31.7308 9.04366 7.8752 7.87479 7.87479 
28.554 7.99636 31.2821 8.48017 7.89593 7.89573 7.89573 
30.2725 7.91317 28.3927 9.83292 7.86295 7.86285 7.86285 
30.414 7.90958 26.8032 11.2199 7.88447 7.88442 7.88442 
28.8852 7.86283 29.9533 9.74787 7.85028 7.85026 7.85026 
29.9672 8.10701 29.4306 8.83539 7.8866 7.88658 7.88658 
31.4235 8.02176 27.6405 9.1796 7.91155 7.91155 7.91155 
32.0772 7.92654 27.2741 9.10787 7.87144 7.87144 7.87144 
28.7745 7.85478 31.4436 8.44545 7.82723 7.82723 7.82723 
28.9706 7.88572 31.3468 8.18106 7.87195 7.87195 7.87195 
27.0118 7.87067 32.6585 8.8676 7.86379 7.86379 7.86379 
28.4657 7.851 30.3855 9.75508 7.84756 7.84756 7.84756 
14 14 14 14 14 14 14 
14.5931 16.8854 14.5931 13.9723 14.2588 11.9666 12.7307 
17.6321 15.9643 17.4156 15.6983 12.5407 9.9335 10.3155 
16.9142 15.5282 18.4011 16.3767 14.4298 8.95448 9.1455 
17.3356 16.7761 19.8147 14.8639 14.1575 8.41583 8.51134 
16.7797 18.8076 19.8374 14.0054 14.0018 8.26386 8.24168 
16.4195 17.9058 19.2979 15.5047 14.6257 8.11303 8.10195 
15.0541 17.2382 19.9516 15.9656 15.31 8.45133 8.01351 
14.7973 17.1239 20.2638 16.6934 14.9252 8.20372 7.98481 
13.5621 18.8113 19.5502 17.0032 14.8033 8.32624 7.93977 
13.0054 19.6655 19.009 15.7519 16.4988 8.13029 7.93705 
12.5056 19.8621 18.2893 16.3679 16.8878 8.1647 7.92167 
11.542 19.7336 20.0755 16.435 16.2718 8.03158 7.91006 
11.1423 19.7474 20.7805 15.7109 16.6903 7.99457 7.93381 
11.5424 20.1615 19.0233 16.1288 17.266 7.95412 7.92374 
11.405 19.1652 19.6525 15.7405 17.7175 8.41368 7.90553 
11.2741 18.4828 19.5947 16.2639 18.2654 8.18658 7.93251 
10.8745 18.1799 20.4119 17.0006 17.5126 8.07374 7.9467 
10.1068 18.9319 20.1197 17.6957 17.2333 7.98802 7.9245 
10.2088 18.5055 18.8875 19.1586 17.3737 7.94881 7.91705 
9.51827 18.0805 19.6464 20.5779 16.1398 8.09886 7.93827 
8.74515 19.4599 18.9141 21.5477 15.3426 8.03545 7.95515 
8.36387 19.8896 18.4556 21.2963 16.0167 8.00901 7.96887 
8.11779 21.0235 19.2861 19.4674 16.2445 7.94037 7.92029 
8.3035 21.0153 18.3481 19.374 17.1151 7.92702 7.91698 
9.32906 20.0112 19.7414 18.9778 16.0753 7.93514 7.93012 
9.44714 19.7882 20.8127 18.7643 15.284 7.95308 7.95057 
9.04175 21.182 19.7246 18.6245 15.142 8.37048 7.91468 
8.52379 21.1441 19.6148 19.0648 15.3585 8.40649 7.88747 
8.44057 21.1628 19.6777 19.3307 15.3161 8.16578 7.90627 
8.56182 21.2182 20.4033 19.7956 14.0256 8.06263 7.93288 
8.24797 20.1151 20.9052 20.0026 14.7224 8.07323 7.9335 
8.58827 20.4742 19.8276 19.8971 15.3225 7.98007 7.9102 
9.07985 18.7371 20.0567 19.02 17.1613 7.99003 7.9551 
9.03183 18.9415 19.8958 18.9356 17.2699 7.97145 7.95399 
9.34504 17.7174 18.566 20.5376 17.996 7.92332 7.91459 
8.64198 18.3243 18.6723 20.8795 17.1659 8.38914 7.92676 
8.30917 19.428 19.8975 19.8932 16.1162 8.40432 7.95156 
8.93456 19.8051 19.8122 18.8237 16.5558 8.14753 7.92115 
8.4225 18.9324 20.9509 19.9342 15.8152 8.02899 7.9158 
8.44086 19.587 20.5963 19.7859 15.7626 7.94199 7.88539 
8.22043 17.7935 21.4092 20.2633 16.3998 7.97099 7.9427 
8.66268 18.3875 19.5009 21.0113 16.6104 7.92068 7.90653 
8.82909 18.4891 19.6455 20.7755 16.4012 7.93335 7.92628 
9.56275 17.9809 19.1051 21.4642 16.0009 7.94484 7.9413 
8.74716 18.866 19.3504 22.0851 15.0766 7.9382 7.93643 
8.51469 19.7858 20.7948 20.7051 14.2868 7.95683 7.95595 
8.21697 19.5202 22.5092 19.6693 14.2086 7.93804 7.9376 
8.07674 18.8871 21.9689 20.2315 14.5646 8.3341 7.93705 
9.63837 20.3235 19.6244 20.5157 13.7623 8.16705 7.96853 
9.51174 20.1132 19.521 21.9893 12.8682 8.04793 7.94866 
9.98937 21.3288 18.2951 22.2668 12.2312 7.96921 7.91958 
8.97964 20.5892 20.8769 20.6823 12.7321 8.19513 7.94475 
8.88171 20.1764 19.8979 22.5878 12.4472 8.06716 7.94197 
8.41717 20.4943 19.5936 24.238 11.2997 8.00989 7.9473 
9.34103 20.0981 19.9789 23.7084 10.9479 7.97846 7.94716 
10.2885 19.5194 20.1018 22.2876 11.9747 7.92181 7.90616 
9.60853 18.0633 20.9438 24.3581 11.2552 7.88948 7.88165 
8.82356 19.1602 21.0828 23.5938 11.5762 7.88365 7.87973 
8.81377 21.125 21.671 21.7637 10.7715 7.92853 7.92658 
8.69505 21.7117 22.3278 20.9162 10.5315 7.90938 7.9084 
8.60647 19.8848 21.8964 22.2128 11.6542 7.87292 7.87243 
8.61358 20.5459 20.5172 23.0029 11.5167 7.90198 7.90173 
8.81209 20.7853 22.1844 21.4838 10.882 7.92625 7.92613 
8.33961 21.6689 20.8824 23.1545 10.1613 7.89669 7.89663 
8.21392 20.3013 21.1949 25.1802 9.30859 7.90055 7.90052 
8.19949 19.4923 21.8074 24.9566 9.6365 8.0428 7.86485 
8.66115 18.3426 22.1318 24.5836 10.4323 7.96877 7.87979 
8.95852 17.792 21.5922 23.8163 11.9312 7.97713 7.93264 
8.45756 18.2993 20.6514 24.6568 12.0235 7.96686 7.94462 
8.61161 16.8419 21.7747 25.2085 11.7362 7.91903 7.90791 
8.69013 16.8165 21.0553 25.2908 12.398 7.87743 7.87186 
9.17741 15.6075 22.0661 25.8604 11.5244 7.88349 7.88071 
9.05118 14.8017 22.2907 27.129 10.9346 7.89712 7.89573 
10.1025 13.9393 22.203 26.6414 11.3327 7.89087 7.89017 
10.8205 12.9312 24.1784 26.3976 9.89712 7.88774 7.88739 
10.457 14.3161 24.4257 25.6287 9.43454 7.8691 7.86893 
10.7006 13.9177 24.9811 25.9045 8.68723 7.90451 7.90442 
11.4453 12.6407 24.2674 27.5184 8.37254 7.87787 7.87783 
11.2195 13.4028 23.5502 28.0298 8.09747 7.85014 7.85012 
11.8472 11.9328 24.753 27.7976 7.97228 7.84861 7.8486 
12.9216 11.3416 24.344 27.6919 7.94151 7.87968 7.87968 
14.4007 10.4991 23.9746 27.3653 7.94071 7.9098 7.9098 
14.4358 10.8651 23.9743 26.8576 7.96604 7.95058 7.95058 
14.2444 10.2187 25.0218 26.5652 8.05634 7.94678 7.94678 
14.6275 9.76052 24.3502 27.5532 7.93937 7.88459 7.88459 
15.1451 9.09713 25.5285 25.5236 8.98977 7.85796 7.85796 
14.4653 8.48729 27.8627 25.0156 8.43361 7.86771 7.86771 
13.9264 8.19902 26.8117 27.1123 8.17218 7.88923 7.88923 
13.5555 8.66341 26.2862 27.6535 8.04147 7.89999 7.89999 
13.6671 9.02899 25.2516 28.1274 8.09171 7.91659 7.91659 
12.5325 9.13815 26.7118 27.5045 8.23941 7.93679 7.93679 
13.0747 9.78184 25.2708 27.5821 8.4814 7.90457 7.90457 
11.5162 8.81041 26.1947 29.5749 8.16019 7.87177 7.87177 
12.2559 8.36996 25.5423 29.6553 8.37525 7.90064 7.90064 
11.7314 8.17205 27.103 28.944 8.17469 7.93739 7.93739 
12.3511 8.06092 25.8946 29.744 8.06224 7.94359 7.94359 
12.4114 7.99871 29.1605 26.55 7.99938 7.94005 7.94005 
13.4536 7.99095 27.7105 26.9305 7.99128 7.96162 7.96162 
13.2485 7.90852 26.0292 29.1174 7.90869 7.89385 7.89385 
13.6286 8.15685 24.3292 30.0759 7.94141 7.934 7.934 
12.7796 7.98298 28.6505 26.9686 7.87526 7.87155 7.87155 
12.2526 7.97379 29.0376 26.9799 7.91993 7.91808 7.91808 
14.0323 8.04672 26.6983 27.4857 7.91296 7.91203 7.91203 
13.8746 8.00566 24.8536 29.4508 7.93878 7.93832 7.93832 
12.3252 8.52869 25.6811 29.5961 7.95646 7.95623 7.95623 
11.6546 8.15451 26.1129 30.4731 7.86839 7.86827 7.86827 
12.4332 8.06359 24.6737 31.068 7.92053 7.92047 7.92047 
11.5649 8.01189 24.8991 31.7031 7.94036 7.94033 7.94033 
11.4385 7.96522 24.1011 32.7068 7.92946 7.92944 7.92944 
11.9208 8.11698 24.8413 31.5989 7.8407 7.84069 7.84069 
12.0106 8.05392 28.4024 27.7857 7.91578 7.91578 7.91578 
12.8288 8.02696 27.0247 28.2458 7.95789 7.95789 7.95789 
13.8297 7.93297 25.9064 28.6356 7.89844 7.89844 7.89844 
14.78 7.89907 25.088 28.5875 7.8818 7.8818 7.8818 
15.154 7.88328 24.8629 28.4759 7.87465 7.87465 7.87465 
15.1025 7.89572 27.61 25.7176 7.89141 7.89141 7.89141 
14.0168 7.93493 26.736 27.514 7.93277 7.93277 7.93277 
14.8515 7.88903 26.1131 27.4825 7.88795 7.88795 7.88795 
14.4301 7.93159 25.0178 28.8274 7.93105 7.93105 7.93105 
13.6666 7.88284 26.2186 28.5842 7.88257 7.88257 7.88257 
13.7263 7.85089 24.9406 29.93 7.85075 7.85075 7.85075 
14.4923 7.91605 24.4421 29.4016 7.91599 7.91599 7.91599 
15.1018 7.88584 24.7476 28.6074 7.88581 7.88581 7.88581 
15.5866 7.897 25.0013 27.8241 7.89698 7.89698 7.89698 
13.5272 9.56777 26.4915 26.8708 7.84757 7.84757 7.84757 
12.8747 8.78388 26.1346 28.4354 7.92379 7.92379 7.92379 
12.2225 8.31756 25.0508 30.7466 7.88751 7.88751 7.88751 
12.1645 8.15394 28.1428 27.722 7.93891 7.93891 7.93891 
12.604 7.99001 27.6584 28.1001 7.8825 7.8825 7.8825 
12.8748 8.22036 25.5663 29.543 7.93186 7.93186 7.93186 
12.0274 8.04393 26.2407 29.9889 7.89968 7.89968 7.89968 
11.9988 8.01199 26.3373 29.8324 7.93986 7.93986 7.93986 
13.2181 7.93381 25.2706 29.8843 7.89775 7.89775 7.89775 
14.8018 8.54522 24.9244 27.9542 7.92478 7.92478 7.92478 
14.3014 9.36311 24.5663 28.0043 7.92166 7.92166 7.92166 
13.9106 8.64426 25.4533 28.2212 7.92354 7.92354 7.92354 
12.3549 8.85777 26.3336 28.5815 7.95745 7.95745 7.95745 
11.7744 8.40898 28.9628 26.9773 7.95882 7.95882 7.95882 
12.3491 8.12398 28.9941 26.8361 7.8989 7.8989 7.8989 
12.8117 8.04429 27.4395 27.9092 7.93175 7.93175 7.93175 
12.4274 8.43075 25.6553 29.6535 7.94437 7.94437 7.94437 
12.6176 8.15626 25.0197 30.4672 7.91307 7.91307 7.91307 
12.5324 8.08657 25.4846 30.318 7.85949 7.85949 7.85949 
13.3382 8.01351 25.6455 29.3029 7.89997 7.89997 7.89997 
13.024 7.96359 25.8923 29.3997 7.90682 7.90682 7.90682 
13.3249 7.90789 24.378 30.7506 7.87951 7.87951 7.87951 
11.4131 8.46701 25.0156 31.0523 8.33405 7.85899 7.85899 
10.5333 8.1939 28.4732 28.8925 8.12742 7.88989 7.88989 
11.5573 8.32689 28.3364 28.1122 7.96827 7.8495 7.8495 
12.5769 8.11081 27.4357 28.2008 7.9315 7.87212 7.87212 
14.4605 8.0339 26.406 27.3262 7.94425 7.91455 7.91455 
14.7858 8.01695 24.203 29.1076 7.97212 7.95728 7.95728 
14.2061 8.84364 27.1565 25.9823 7.94211 7.93468 7.93468 
15.1599 8.45026 27.2038 25.5504 7.88101 7.87729 7.87729 
15.017 8.11529 25.2724 28.107 7.83066 7.82881 7.82881 
15.5238 8.25612 26.7583 25.8856 7.85935 7.85842 7.85842 
15.6222 8.05819 27.0255 25.7157 7.85981 7.85934 7.85934 
16.3168 7.93714 26.3863 25.8464 7.83795 7.83772 7.83772 
18.6368 8.0688 24.9244 24.6544 7.90531 7.90519 7.90519 
14 14 14 14 14 14 14 
13.8756 14.2965 16.3078 13.9224 14.8578 13.3143 12.4256 
14.3248 15.307 16.478 16.0571 16.5248 10.6263 10.1819 
15.2874 14.4035 17.739 15.7785 18.1374 9.31314 9.09097 
15.2961 14.1408 17.4298 17.4223 18.4721 8.61247 8.50139 
15.1585 14.5113 18.9374 17.0561 17.581 8.4787 8.21453 
14.2459 15.3806 20.5104 16.3753 16.6377 8.75324 8.0656 
12.9419 16.0955 20.6 17.0238 16.8677 8.47145 7.98395 
14.0062 17.2731 19.4549 17.3852 15.0536 8.88361 7.93564 
14.0759 17.8802 19.3213 17.5161 14.5296 8.71351 7.95941 
15.0687 16.8312 19.9958 16.9983 14.3877 8.7562 7.96015 
14.6072 16.3988 20.0119 16.2022 15.7373 9.06998 7.97167 
14.3641 17.4213 20.1645 16.4585 14.7851 8.85775 7.94837 
14.103 16.3378 21.3817 16.9157 14.949 8.38368 7.92899 
13.2208 16.9207 21.0208 17.2814 14.5046 9.14162 7.90997 
12.302 18.1145 19.4441 17.7185 15.6097 8.89358 7.91752 
12.5355 18.7416 18.4739 17.3958 16.3414 8.60748 7.90424 
11.3698 19.2833 17.2544 18.3189 16.7713 9.11423 7.88798 
10.6994 18.4353 19.5284 18.6798 16.1618 8.55421 7.94108 
10.1354 19.7891 18.3356 18.6256 16.8666 8.27711 7.97054 
9.77528 20.0229 19.8668 18.1573 16.0653 8.13285 7.97956 
9.38039 18.7071 20.0783 19.2236 16.2935 8.34179 7.97529 
9.46228 18.8977 20.2956 19.6545 15.5542 8.1595 7.97625 
9.31567 19.6208 20.0332 18.3516 16.3014 8.44938 7.92795 
9.13863 20.2656 20.1162 18.9198 15.4053 8.20762 7.94691 
9.63539 20.7055 20.3371 18.3439 14.898 8.14199 7.93821 
10.0963 20.8366 21.2389 17.823 13.8273 8.24988 7.92805 
9.99645 21.7182 22.1409 17.4787 12.5266 8.18698 7.95221 
10.013 20.3724 21.6899 18.3264 13.2692 8.37078 7.9584 
10.1603 20.7246 21.2296 18.394 13.0961 8.41616 7.9792 
10.1516 20.0052 20.6862 20.6255 12.1195 8.42236 7.9896 
10.0044 18.7169 20.5574 22.3842 11.5598 8.78261 7.9948 
11.1125 19.6416 20.2638 20.0595 12.6353 8.34063 7.94673 
10.9844 19.6832 20.9882 19.8921 11.8222 8.68102 7.9489 
10.5218 19.309 20.1834 21.6324 12.0502 8.33459 7.96853 
11.4053 19.1015 20.7676 21.4921 11.0942 8.16115 7.97812 
11.1296 18.668 21.8165 21.3105 10.8293 8.27739 7.9688 
10.6668 17.5758 22.1327 22.6646 10.9092 8.14184 7.90905 
11.4544 17.7849 22.4233 22.0993 9.73187 8.56944 7.93682 
11.712 18.8167 22.5753 19.989 9.63866 9.36048 7.90781 
11.4276 18.3085 23.8781 19.763 10.0292 8.65998 7.93364 
10.7851 18.5837 23.7457 21.1335 9.53123 8.29195 7.92879 
11.0286 18.8732 23.6281 20.5506 9.75756 8.25226 7.90964 
12.787 18.4517 23.0262 20.8056 8.96969 8.06552 7.89422 
11.5659 20.3096 22.1042 19.6803 9.90356 8.54836 7.88799 
10.7436 20.4698 22.4694 19.4465 10.4636 8.52615 7.88101 
11.045 20.371 22.5055 20.4645 9.54345 8.19651 7.87394 
11.5709 20.4275 21.1721 21.2 9.69108 8.04987 7.88858 
10.4599 19.5626 22.4391 21.1175 10.6051 7.94814 7.8675 
9.42964 21.1918 20.4906 21.4146 11.6417 7.93603 7.89571 
10.5972 21.0448 21.3134 19.4534 11.7806 7.91539 7.89522 
10.0261 19.4968 22.5958 19.6626 12.4608 7.88397 7.87389 
9.67146 18.9099 20.4594 21.0114 14.1497 7.90161 7.89657 
10.4195 17.746 20.4666 22.1808 13.3354 7.92712 7.9246 
11.1889 18.405 20.6319 21.6623 12.2136 7.94969 7.94843 
10.0111 18.5359 19.816 22.1645 13.5235 7.97485 7.97422 
10.0311 19.9153 19.3628 21.9 12.9798 7.90565 7.90534 
9.8028 18.8229 21.3835 22.3862 11.7204 7.94219 7.94203 
9.94488 18.0201 21.9092 23.8887 10.295 7.97109 7.97102 
9.02173 18.253 22.9264 23.8282 10.0771 7.94681 7.94678 
8.8703 17.6674 23.029 24.3696 10.2876 7.888 7.88798 
9.43515 19.1974 21.4236 23.4575 10.5984 7.944 7.94399 
9.79779 18.3331 22.3874 23.6717 10.0229 7.89357 7.89356 
9.69213 18.0011 22.0959 24.5238 9.89866 7.89415 7.89415 
9.10743 17.4286 22.601 25.3301 9.68418 7.92435 7.92435 
8.98176 18.0316 23.9389 22.9972 10.1926 7.92896 7.92896 
8.9235 18.8562 22.785 23.2894 10.2382 7.95384 7.95384 
8.55532 17.7127 23.3808 23.9254 10.4797 7.97302 7.97302 
8.21539 16.3655 25.9761 22.8601 10.7344 7.92424 7.92424 
8.45552 15.2716 26.5986 23.5284 10.2821 7.93187 7.93187 
9.72776 14.2358 25.4993 25.1642 9.44106 7.96594 7.96594 
10.1514 15.0956 24.438 25.1053 9.26598 7.97184 7.97184 
11.0281 15.3851 23.7269 24.3582 9.59331 7.95417 7.95417 
11.5298 14.6945 23.5005 25.6899 8.74143 7.92186 7.92186 
11.247 13.7745 24.3212 25.8885 8.90758 7.93068 7.93068 
11.0728 12.9102 24.8757 25.8505 9.52071 7.88504 7.88504 
11.4353 12.9158 24.5165 25.5657 9.81653 7.8751 7.8751 
11.7782 13.0235 24.9855 25.0051 9.45372 7.87695 7.87695 
12.3073 12.2054 23.6729 26.5812 9.48877 7.87222 7.87222 
13.0502 12.4921 24.3111 25.6638 8.69976 7.89149 7.89149 
14.6669 11.5143 24.1287 25.4756 8.46865 7.87295 7.87295 
14.7483 11.5688 24.7898 24.6616 8.54294 7.84429 7.84429 
16.2822 11.4357 26.3796 22.0052 8.19867 7.84935 7.84935 
18.2046 10.6967 25.1601 22.2314 8.01883 7.84417 7.84417 
19.4435 10.1458 25.2666 21.4568 7.95398 7.86665 7.86665 
19.0172 9.28033 25.5492 22.568 7.89088 7.84722 7.84722 
17.9702 8.59621 25.5218 23.9213 8.23116 7.87965 7.87965 
18.882 9.04037 25.8537 22.4761 8.0331 7.85735 7.85735 
19.2212 9.02568 26.2236 21.7875 7.9726 7.88472 7.88472 
18.4341 8.46822 25.0793 23.4698 8.75303 7.89774 7.89774 
17.3311 9.49727 25.4783 23.0288 8.87213 7.89624 7.89624 
16.6569 9.93222 25.4821 22.9615 9.07969 7.9438 7.9438 
17.1837 10.5817 25.808 21.9559 8.53553 7.96758 7.96758 
17.9955 9.18991 27.3535 21.5284 8.16685 7.88287 7.88287 
17.14 10.2142 25.7181 23.2642 7.98251 7.84052 7.84052 
17.3144 9.14299 26.1998 23.7397 7.91502 7.84403 7.84403 
15.9685 8.463 25.482 26.6104 7.84902 7.81352 7.81352 
15.9439 9.50056 24.0639 26.9823 7.84828 7.83053 7.83053 
16.4278 9.0395 24.5319 26.4814 7.84571 7.83683 7.83683 
16.2231 8.75316 25.4239 26.1697 7.81301 7.80858 7.80858 
16.6369 8.29363 26.1912 25.4121 7.82356 7.82134 7.82134 
16.855 8.35967 25.845 25.2337 7.90291 7.9018 7.9018 
16.1025 8.24304 26.4665 25.1451 8.24039 7.90124 7.90124 
15.8853 8.03857 25.4453 26.6278 8.26766 7.86767 7.86767 
15.0357 7.97277 24.3505 28.779 8.08732 7.88732 7.88732 
14.5178 7.98639 23.953 29.6117 8.04366 7.94366 7.94366 
12.7613 7.94056 24.6559 30.715 8.08882 7.9192 7.9192 
12.2193 7.89809 25.2791 30.8564 7.97222 7.88741 7.88741 
13.2355 7.98705 24.8723 30.2738 7.90535 7.86295 7.86295 
12.1016 7.97202 28.5652 27.61 7.93117 7.90997 7.90997 
13.3621 7.87752 28.3156 26.8946 7.85709 7.84649 7.84649 
13.6602 7.89709 25.8245 28.9682 7.88688 7.88158 7.88158 
13.0949 7.84926 25.2054 30.3233 7.84415 7.8415 7.8415 
12.393 7.89122 24.6069 31.4456 7.88867 7.88735 7.88735 
12.3166 7.98718 27.7769 28.3094 7.87043 7.86977 7.86977 
13.5657 8.56875 25.9799 28.3159 7.85679 7.85645 7.85645 
14.6453 8.21558 24.9064 28.6543 7.8596 7.85943 7.85943 
14.1253 8.07604 25.9453 28.1593 7.89805 7.89797 7.89797 
14.1049 8.02863 25.0618 28.9858 7.93964 7.9396 7.9396 
14.064 7.92236 25.6344 28.7458 7.87786 7.87784 7.87784 
13.714 7.87823 25.1444 29.6955 7.85598 7.85597 7.85597 
13.0639 7.84716 28.5492 27.0316 7.83604 7.83603 7.83603 
13.9016 7.89183 28.3336 26.2142 7.88627 7.88627 7.88627 
15.0253 7.87966 26.7962 26.6682 7.87688 7.87688 7.87688 
16.5723 8.06827 26.1274 25.7194 7.83752 7.83752 7.83752 
18.439 8.72846 24.7449 24.5409 7.84889 7.84889 7.84889 
18.8887 8.30825 24.459 24.7387 7.86847 7.86847 7.86847 
18.7664 8.70921 24.7295 24.2337 7.85373 7.85372 7.85372 
18.7582 8.32095 25.5859 23.6553 7.89321 7.89321 7.89321 
17.5649 8.58525 24.6292 25.4339 7.92891 7.92891 7.92891 
20.7128 8.71622 27.0599 19.9555 7.85185 7.85185 7.85185 
19.4378 8.32471 28.0394 20.5206 7.89252 7.89252 7.89252 
18.581 8.10108 27.1488 22.5141 7.88499 7.88499 7.88499 
19.4158 8.01714 27.0399 21.7999 7.90909 7.90909 7.90909 
19.6378 7.98053 26.9546 21.6476 7.92651 7.92651 7.92651 
20.6129 7.96049 26.5046 21.1216 7.93348 7.93348 7.93348 
20.4241 7.98024 26.1935 21.502 7.96674 7.96674 7.96674 
20.9347 7.95283 26.0338 21.2405 7.94607 7.94607 7.94607 
21.2603 7.94117 26.1226 20.8625 7.93779 7.93779 7.93779 
22.233 7.91795 24.4249 21.6753 7.91627 7.91627 7.91627 
24.1796 7.90042 23.3611 20.8602 7.89957 7.89957 7.89957 
24.466 7.91061 25.2944 18.5984 7.91018 7.91018 7.91018 
25.3012 7.93258 25.2608 17.7083 7.93236 7.93236 7.93236 
26.491 7.95631 25.2239 16.4601 7.95621 7.95621 7.95621 
28.5423 7.97359 25.854 13.7095 7.97354 7.97354 7.97354 
30.5502 8.05656 26.1828 11.3896 7.94026 7.94026 7.94026 
30.8253 7.97565 27.8043 9.64219 7.9175 7.9175 7.9175 
31.7656 7.98782 27.1963 9.17404 7.95875 7.95875 7.95875 
32.099 8.56772 26.5919 8.95292 7.92948 7.92948 7.92948 
31.1871 8.18294 27.9749 9.06362 7.86382 7.86382 7.86382 
31.7328 7.99442 27.806 8.96219 7.83486 7.83486 7.83486 
29.1114 8.0811 30.5697 8.56498 7.89094 7.89094 7.89094 
30.4648 8.36955 29.4623 8.17859 7.84157 7.84157 7.84157 
30.738 8.11736 29.0008 8.58368 7.85337 7.85337 7.85337 
31.9648 7.99485 27.7983 8.65354 7.86286 7.86286 7.86286 
32.8683 7.94479 26.2895 9.26098 7.8788 7.8788 7.8788 
33.5213 7.87148 26.4475 8.64425 7.83848 7.83848 7.83848 
34.659 7.86184 25.6949 8.24822 7.84534 7.84534 7.84534 
30.8088 7.84797 29.6677 8.04116 7.95493 7.83972 7.83972 
32.0711 7.92398 28.1672 8.02058 7.97746 7.91986 7.91986 
14 14 14 14 14 14 14 
15.4854 13.5237 16.0328 15.9872 13.8887 10.969 13.1131 
17.0222 15.7684 15.9859 16.0176 14.6954 9.46921 10.5413 
16.5086 16.0649 15.9294 18.021 15.2842 8.70286 9.2389 
14.8277 14.6758 18.1745 19.1504 15.4044 9.03674 8.60546 
13.1913 14.2566 19.6436 19.9176 15.9047 8.72665 8.29703 
13.3776 16.0379 19.5957 19.4668 14.7343 8.61864 8.13787 
12.8156 18.0894 18.5303 20.2968 13.9869 8.25298 8.0126 
11.5467 17.6558 18.8485 20.7039 15.1879 8.08482 7.96463 
11.8853 17.2962 18.8499 19.5567 15.8414 8.60795 7.95875 
11.1327 17.2007 19.3664 18.8427 16.8388 8.68994 7.92674 
11.2562 18.131 20.2807 17.8851 16.0296 8.47015 7.9463 
10.7842 18.2242 20.6559 17.7621 16.0881 8.577 7.90802 
9.7367 18.0959 19.9745 18.8221 16.586 8.85404 7.93045 
9.73941 18.2886 19.6577 18.9383 16.8174 8.65338 7.90505 
8.88117 19.6028 19.0696 18.9247 17.3628 8.26652 7.89235 
8.76959 19.1809 20.718 19.1305 16.1129 8.17366 7.91443 
8.66407 19.4253 18.9927 19.0998 17.8162 8.06581 7.93619 
8.44067 20.5762 19.4545 18.185 17.195 8.21118 7.93746 
9.00294 18.9837 20.0896 18.7302 17.1482 8.0911 7.95424 
9.09836 18.6856 21.6431 18.2053 16.3535 8.07667 7.93751 
9.98237 19.0345 20.1461 18.9411 15.886 8.07651 7.93351 
8.93666 19.2733 20.3313 20.3027 14.7579 8.48589 7.91224 
8.40419 18.9661 19.568 22.3234 14.6676 8.1788 7.89198 
8.94662 20.7239 20.4409 20.8697 12.9542 8.17699 7.8876 
8.46427 21.5065 19.4072 20.9017 13.706 8.07946 7.93476 
9.00826 21.7234 19.5544 20.6001 13.1963 7.99495 7.9226 
8.90754 20.1657 21.2118 19.8171 13.9845 7.97475 7.93858 
8.39136 21.227 20.5613 18.9724 15.016 7.92497 7.90688 
9.2169 19.8073 20.7474 20.5188 13.8729 7.92288 7.91384 
9.42773 19.994 19.8617 21.0274 13.7889 7.9524 7.94788 
9.75036 21.1649 19.5659 20.3677 13.1718 8.06379 7.91555 
9.34077 19.0012 20.8371 21.238 13.6869 7.98504 7.91092 
9.15016 19.3994 20.2451 22.1075 13.2018 7.96651 7.92945 
9.04067 19.2166 20.2983 22.1079 13.4823 7.9364 7.91787 
9.25006 19.293 19.6837 22.2401 13.6481 7.94718 7.93792 
8.61889 21.4744 20.6713 20.183 13.122 7.96745 7.96281 
8.24463 21.8483 20.7523 19.6594 13.6598 7.91891 7.91659 
8.23624 21.209 19.5534 20.9057 14.2666 7.91515 7.91399 
8.76414 19.3803 21.0599 19.9661 14.9504 7.93988 7.9393 
8.32744 19.5536 21.3038 19.8465 14.9107 8.14293 7.91502 
8.10909 19.0332 23.0191 20.166 13.7528 8.01684 7.90288 
8.71293 19.6098 21.4475 21.1079 13.2428 7.96805 7.91107 
8.7113 21.1759 20.9657 21.2797 12.0246 7.93564 7.90715 
8.34338 20.7873 20.4522 23.0632 11.4571 7.95555 7.9413 
8.11694 21.9073 19.3243 22.9648 11.8477 7.92302 7.9159 
8.22514 21.8628 18.9803 22.7703 12.3633 7.90091 7.89734 
8.24611 22.2986 17.8367 22.5934 13.1769 7.92502 7.92324 
9.20639 22.066 17.335 21.38 14.0884 7.96251 7.96162 
8.74171 20.5769 19.3939 21.5008 13.8854 7.95085 7.9504 
9.30716 20.8776 18.6938 21.4988 13.7102 7.95632 7.95609 
9.95159 20.7865 19.6946 20.8487 12.8154 7.95167 7.95156 
8.95669 20.9824 20.118 21.0932 12.9364 7.95673 7.95667 
8.84022 21.1536 20.3175 21.2089 12.6071 7.93636 7.93633 
9.9271 19.7551 20.5608 21.2688 12.6847 7.90175 7.90173 
10.0896 20.2977 19.5241 21.3067 12.981 7.90045 7.90045 
9.37756 19.6809 19.8141 22.1785 12.903 8.10967 7.93636 
10.1755 20.4599 19.73 21.9742 11.6727 8.03714 7.95048 
10.5616 18.3999 21.8748 21.5263 11.8004 7.94014 7.89681 
10.2542 16.3047 23.282 22.6637 11.584 7.96652 7.94485 
9.79494 16.9495 21.8744 23.3606 12.1655 7.93299 7.92216 
9.90642 16.0776 23.1018 22.7715 12.3439 7.90209 7.89668 
10.2408 15.7382 22.8681 22.703 12.5727 7.93992 7.93721 
10.5453 16.2778 20.9277 23.9193 12.4346 7.94826 7.9469 
10.186 17.1948 21.4465 24.2911 11.0343 7.92403 7.92336 
9.65572 18.7685 20.229 24.4079 11.0304 7.95441 7.95407 
9.11357 18.0509 22.5907 23.5373 10.7533 7.97721 7.97704 
9.10224 18.3019 23.8185 22.8076 10.0149 7.97747 7.97739 
8.62089 19.1316 23.6341 23.71 8.98031 7.9616 7.96156 
9.55906 17.8531 23.7876 24.378 8.54172 7.94029 7.94027 
9.83216 16.5055 24.2096 24.2943 9.21823 7.97014 7.97013 
11.2018 17.1099 24.1048 22.4329 9.18054 7.98507 7.98507 
11.9697 17.2051 23.8395 22.4332 8.58267 7.98493 7.98493 
