5 80000 300 266
12 12 12 12 12 12 12 12 
14.3868 13.7457 14.0662 13.7991 13.4786 8.99145 8.99145 10.5406 
14.6058 14.2853 16.2874 14.0874 14.2416 7.46069 7.46069 10.5713 
14.5524 14.4454 16.6725 15.3592 14.1037 6.71542 6.71542 10.936 
14.3474 14.996 15.9591 16.7569 14.7249 6.31659 6.31659 10.3326 
14.2091 16.9502 16.8947 16.0046 14.7738 6.11211 6.11211 8.81827 
15.0451 17.389 17.1564 15.2257 15.1226 6.02736 6.02736 7.94397 
14.042 16.581 18.1471 17.3394 14.8694 6.01053 6.01053 6.96883 
13.2449 16.3449 17.5986 19.2346 15.123 5.98644 5.98644 6.46559 
12.127 18.6719 17.362 18.8426 14.9009 5.94938 5.94938 6.18896 
12.3006 17.6349 18.114 18.2873 14.8216 6.47985 5.96438 6.39345 
10.1545 18.828 18.2772 17.0994 17.2106 6.1904 5.93267 6.30526 
10.5484 17.7727 17.9532 17.9722 17.5719 6.08405 5.95519 6.14149 
9.37419 17.4363 18.8266 17.7861 17.9359 6.59203 5.97759 6.07074 
9.03265 17.1998 19.4133 18.7883 17.2926 6.28031 5.97309 6.01966 
8.46643 17.2798 19.5819 19.3734 17.2741 6.10273 5.94912 5.97241 
7.60808 17.3107 20.7463 19.4998 16.9444 6.01087 5.93406 5.94571 
7.03481 17.9887 21.0911 20.3653 15.6517 5.97979 5.94139 5.94721 
6.87412 18.8641 20.8662 18.7498 16.8439 5.94581 5.92661 5.92952 
6.75718 19.5906 19.5015 18.7406 17.193 6.34258 5.93654 5.938 
6.84091 18.7566 17.6428 20.2155 18.5252 6.17536 5.92143 5.92216 
6.80312 17.6235 19.128 20.6786 17.8778 6.04751 5.92055 5.92091 
7.74478 17.5512 18.6212 21.9918 16.2482 5.98986 5.92637 5.92656 
7.49254 18.9015 20.0661 19.1806 16.4662 5.98548 5.95374 5.95383 
6.89028 17.8686 20.8343 18.0081 18.4765 5.98463 5.96876 5.9688 
7.44295 16.7656 19.8366 19.026 19.0959 5.9496 5.94166 5.94169 
8.16949 17.2253 19.7254 19.856 17.265 5.92228 5.91831 5.91832 
7.951 18.017 19.2148 19.2279 17.7756 5.9392 5.93721 5.93722 
6.96133 19.4336 18.1094 19.1787 18.149 6.25907 5.95444 5.95444 
6.95577 18.7936 17.3535 20.6371 18.3068 6.08597 5.93365 5.93365 
6.42836 18.3536 18.3185 20.3818 18.6898 5.99346 5.9173 5.9173 
6.98381 19.648 17.798 18.9343 18.769 5.98102 5.94294 5.94294 
6.56482 20.0844 18.3261 18.0088 19.072 6.06343 5.94022 5.94022 
6.47714 19.4235 17.6316 20.0085 18.5117 6.0236 5.962 5.962 
6.22364 18.9335 18.6239 19.9189 17.5714 6.79645 5.96607 5.96607 
7.08909 19.2808 17.9896 19.412 17.825 6.44574 5.9789 5.9789 
6.51379 18.7072 18.3267 17.5533 20.2062 6.19212 5.9587 6.54194 
6.80881 18.5886 18.2344 17.793 19.4474 6.97584 5.93017 6.22179 
6.37996 19.4431 17.9907 18.2483 18.6504 7.2605 5.94064 6.08645 
6.74689 18.5122 19.2088 18.7786 18.1158 6.62822 5.96829 6.04119 
7.12345 19.7769 17.5211 19.2331 18.1204 6.28286 5.95289 5.98935 
8.1438 19.6568 16.8673 19.1331 18.174 6.11223 5.94724 5.96547 
8.33175 18.4546 18.6573 19.3642 16.9145 6.3575 5.95552 5.96463 
7.11619 19.2687 17.4549 19.9823 17.9293 6.38786 5.92807 5.93263 
6.53999 18.9528 17.0342 19.5226 19.4013 6.65506 5.94593 5.94821 
7.24905 19.8952 15.3234 19.866 19.1771 6.5736 5.95726 5.9584 
6.6096 20.7152 17.2566 18.6217 18.4372 6.43179 5.9637 5.96427 
6.26497 19.6149 17.6164 20.1828 17.5071 6.92957 5.94202 5.94231 
6.10743 20.298 18.5159 18.0246 17.9915 7.17042 5.94596 5.9461 
7.11216 18.8611 17.1043 19.0772 19.0066 6.94019 5.94917 5.94924 
6.7498 18.907 17.7145 19.6433 18.6132 6.45439 5.95888 5.95891 
6.89913 15.4006 18.3837 20.3393 19.9344 7.13689 5.95301 5.95303 
7.36687 15.7526 18.0602 20.3982 19.9237 6.56083 5.96889 5.9689 
7.1526 16.6868 18.0609 19.6704 19.8737 6.52931 5.95801 6.06815 
7.38845 17.9014 18.699 18.2883 19.4949 6.24808 5.96243 6.0175 
7.12035 16.606 20.1632 18.566 19.4369 6.1219 5.97907 6.00661 
7.1 16.3229 19.9267 20.2896 18.3468 6.04768 5.97626 5.99003 
6.54891 17.2127 18.5239 22.0859 17.2432 6.40443 5.98704 5.99392 
6.24422 17.8396 19.7371 21.8421 16.235 6.17198 5.96328 5.96672 
7.26004 17.7129 21.4777 19.0245 15.9911 6.07449 5.97015 6.48911 
8.38653 17.4635 20.1386 20.5542 15.3568 5.98175 5.92958 6.18906 
8.3826 17.9265 18.72 20.7776 16.1659 5.98326 5.95717 6.08691 
9.31671 18.2326 17.6479 18.5677 18.0611 5.99054 5.9775 6.20594 
8.67173 17.7562 18.8574 19.15 17.0016 5.94956 5.94304 6.67042 
9.73359 16.4917 19.2014 20.0864 16.3417 5.92933 5.92607 6.28975 
9.14762 18.1774 18.7902 21.0021 14.906 5.9327 5.93107 6.11291 
9.0881 17.7744 19.7951 20.4439 14.9959 5.93778 5.93696 6.02789 
8.7833 19.3402 20.1763 18.9908 14.8731 5.93056 5.93015 5.97562 
8.26806 19.5577 19.8634 19.7201 14.5714 6.11135 5.94261 5.96534 
7.17539 17.9297 22.9487 20.7481 13.2468 6.03621 5.95184 5.9632 
6.8982 17.869 22.1479 20.7051 14.5001 5.98614 5.94396 5.94964 
6.44345 17.748 21.2999 21.3695 15.2161 5.98742 5.96633 5.96917 
6.59701 19.3431 20.3182 21.8404 13.8438 5.96854 5.95799 6.13104 
6.27824 19.1471 22.972 21.0513 12.1066 5.96401 5.95873 6.52201 
6.4318 19.4516 22.8274 21.6232 11.4801 5.96981 5.96717 6.24881 
7.69351 20.0492 21.1152 21.7569 11.2127 6.09436 5.96866 6.10948 
6.82144 17.8727 23.3424 23.4734 10.2899 6.21174 5.95901 6.02942 
6.39401 18.3039 22.5304 23.1925 11.1712 6.44716 5.9628 5.99801 
6.82296 18.2486 23.0973 24.3189 9.14794 6.40424 5.97122 5.98882 
6.39929 18.1487 24.2925 23.7448 9.26909 6.18992 5.97342 5.98222 
7.50469 18.5454 22.8474 23.988 9.18559 6.04699 5.93874 5.94314 
7.01321 18.1495 23.6218 23.9505 9.42371 5.98243 5.92831 5.93051 
6.86795 17.8383 25.9165 22.7796 8.85351 5.93239 5.90533 5.90643 
6.40115 17.6944 25.7739 24.2055 8.1515 5.93337 5.91984 5.92039 
7.03199 17.7872 26.8716 23.597 7.01317 5.9041 5.89734 5.89761 
7.48825 17.5947 25.857 22.8325 8.48767 5.91548 5.9121 5.91224 
7.88715 16.6294 24.6765 23.3913 9.69219 5.90893 5.90724 5.90731 
8.92489 17.5924 21.9273 22.8414 10.8859 5.94326 5.94241 5.94245 
8.01606 18.3348 20.814 22.7673 11.9268 5.96415 5.96373 6.21312 
7.34993 18.3577 22.2322 22.9518 11.169 5.93837 5.93816 6.06286 
7.57024 17.5441 22.4188 22.9063 11.3316 5.90661 5.9065 6.41585 
6.76649 18.213 24.0665 22.3848 10.5105 5.93467 5.93462 6.18929 
6.35866 17.4506 23.7409 24.7112 9.78309 5.94276 5.94273 6.07007 
6.7197 17.6694 21.8083 26.7655 9.11515 5.95274 5.95273 6.0164 
7.35486 17.1368 22.4522 26.1168 8.98953 5.97263 5.97262 6.00445 
7.98668 16.8067 23.2033 25.8594 8.23368 5.96477 5.96476 5.98068 
6.95726 16.1997 26.4212 24.8498 7.72509 5.9463 5.9463 5.95426 
6.57329 16.2309 25.6499 25.5317 8.1708 5.94645 5.94645 5.95043 
6.82068 15.1835 25.4559 26.9674 7.81576 5.91825 5.91825 5.92024 
7.28631 13.7287 25.2602 29.0522 6.87946 5.9307 5.9307 5.9317 
7.24796 11.4705 28.3177 28.0107 7.2448 5.9026 5.9026 5.9031 
7.70274 11.3611 27.3093 29.3359 6.57599 5.90489 5.90489 5.90514 
7.48546 11.6956 28.0657 27.3246 7.73662 5.89731 5.89731 5.89743 
8.00371 11.174 27.6147 27.8434 7.53009 5.94466 5.94466 5.94472 
10.3027 11.0748 25.4605 28.5558 6.74608 5.95336 5.95336 5.95339 
10.6263 10.4187 25.0653 29.4494 6.60523 5.94502 5.94502 5.94503 
9.41366 11.2279 25.1649 30.0686 6.2788 5.9487 5.9487 5.94871 
8.52098 11.7859 26.2441 29.4587 6.12137 5.95632 5.95632 5.95632 
7.22945 10.8187 26.9547 30.5863 6.56946 5.94712 5.94712 5.94712 
7.48175 10.4297 26.7067 30.4221 7.08391 5.95863 5.95863 5.95864 
7.58185 8.44936 29.8628 29.7663 6.50692 5.94428 5.94428 5.94428 
7.83202 8.74523 28.904 30.0886 6.67812 5.91734 5.91734 5.91734 
7.6817 8.48698 29.6542 28.8518 7.45342 5.95728 5.95728 5.95728 
7.33879 11.1022 27.5157 29.5837 6.67596 5.92788 5.92788 5.92788 
7.20047 10.0003 30.5658 28.1393 6.30408 5.93004 5.93004 5.93004 
9.17166 8.00013 29.14 29.6411 6.15204 5.96502 5.96502 5.96502 
9.2054 7.26093 31.9613 27.5923 6.06515 5.97164 5.97164 5.97164 
11.1328 6.63943 28.6567 29.8013 5.97752 5.93076 5.93076 5.93076 
10.7124 6.30998 29.9751 29.1565 5.97902 5.95565 5.95565 5.95565 
12.0407 6.09617 26.8191 31.3563 5.93069 5.919 5.919 5.919 
13.3546 6.01 25.1162 31.8277 5.92726 5.92142 5.92142 5.92142 
11.5572 6.83383 28.474 29.5775 5.89156 5.88864 5.88864 5.88864 
12.0545 6.38243 27.9611 29.9612 5.9113 5.90984 5.90984 5.90984 
9.4882 7.31493 28.0454 31.4754 5.97479 5.90043 5.90043 5.90043 
8.69932 6.64254 26.7093 34.1705 5.97247 5.93529 5.93529 5.93529 
9.92173 6.88739 29.0307 30.3839 5.958 5.93941 5.93941 5.93941 
9.89914 6.39294 29.6045 30.4183 5.92825 5.91895 5.91895 5.91895 
8.91996 6.15744 33.3083 27.9279 5.92509 5.92044 5.92044 5.92044 
8.79638 6.03536 32.5543 28.9442 5.91918 5.91686 5.91686 5.91686 
11.2579 5.99024 27.8625 31.1642 5.93215 5.93099 5.93099 5.93099 
11.1009 5.9363 26.722 32.2032 6.31765 5.90667 5.90667 5.90667 
9.41908 5.96085 29.6383 30.9921 6.15153 5.94604 5.94604 5.94604 
8.22571 5.93401 29.5871 32.444 6.02935 5.9266 5.9266 5.9266 
7.50833 6.36248 31.7043 30.5363 6.01068 5.95931 5.95931 5.95931 
8.57249 6.10383 30.5441 31.1449 5.92793 5.90224 5.90224 5.90224 
8.91945 6.01202 27.756 33.6548 5.92407 5.91123 5.91123 5.91123 
11.0804 6.04049 26.9125 32.2757 5.92755 5.92113 5.92113 5.92113 
11.7184 5.96565 28.0396 30.6493 5.90918 5.90597 5.90597 5.90597 
11.5329 5.96155 27.3531 31.424 5.93331 5.93171 5.93171 5.93171 
11.5788 5.92195 29.4329 28.8072 6.53808 5.90703 5.90703 5.90703 
13.0556 5.91062 26.8747 30.2309 6.21868 5.90316 5.90316 5.90316 
13.5187 5.91883 28.255 28.4893 6.07287 5.9151 5.9151 5.9151 
13.5223 5.92294 27.1214 29.6702 5.99996 5.92108 5.92108 5.92108 
13.9841 6.18728 26.4639 29.7019 5.94528 5.90584 5.90584 5.90584 
13.7013 7.40674 25.7719 29.4675 5.92791 5.90819 5.90819 5.90819 
14.8256 6.66036 27.0437 27.8162 5.92095 5.91109 5.91109 5.91109 
12.6565 6.65367 26.0772 30.9687 5.91468 5.90975 5.90975 5.90975 
12.5874 6.3836 26.7213 30.5498 5.94133 5.93886 5.93886 5.93886 
12.5343 6.12413 27.12 30.6133 5.903 5.90176 5.90176 5.90176 
12.754 6.0504 27.2626 30.1754 5.93984 5.93922 5.93922 5.93922 
12.4782 6.00139 25.2385 32.4984 5.94611 5.9458 5.9458 5.9458 
10.9503 5.96422 28.7287 30.6109 5.93658 5.93643 5.93643 5.93643 
10.5122 5.94507 27.2532 32.5647 5.93125 5.93118 5.93118 5.93118 
10.8291 5.95527 30.5026 28.9197 5.94836 5.94832 5.94832 5.94832 
13.0955 5.93184 30.0223 27.2368 5.92839 5.92837 5.92837 5.92837 
14.5847 5.95312 26.3198 29.3368 5.95139 5.95138 5.95138 5.95138 
14.8749 5.90449 28.9257 26.6804 5.90362 5.90362 5.90362 5.90362 
15.7064 5.88887 27.9868 26.8642 5.88844 5.88844 5.88844 5.88844 
15.1854 5.85963 28.216 26.8596 6.30111 5.85941 5.85941 5.85941 
15.143 5.86606 27.8664 27.4399 6.0868 5.86595 5.86595 5.86595 
15.4702 5.91365 28.5383 26.3131 6.02402 5.9136 5.9136 5.9136 
17.0056 5.92035 27.491 25.8465 5.97554 5.92033 5.92033 5.92033 
16.1837 5.91439 26.9656 27.2512 5.94198 5.91437 5.91437 5.91437 
15.2991 6.11035 27.0714 27.9649 5.89892 5.88511 5.88511 5.88511 
15.1773 5.98703 25.7385 29.5926 5.88131 5.87441 5.87441 5.87441 
12.6431 6.64826 29.5878 27.549 5.89556 5.8921 5.8921 5.8921 
12.6424 6.88977 29.7047 26.9836 5.94616 5.94443 5.94443 5.94443 
14.8882 6.40439 27.3134 27.6662 5.93258 5.93172 5.93172 5.93172 
13.3 6.17517 28.4315 28.3376 5.93926 5.93883 5.93883 5.93883 
14.8682 6.0572 26.7157 28.6025 5.93924 5.93903 5.93903 5.93903 
13.1941 5.9886 28.9579 28.1413 5.92962 5.92951 5.92951 5.92951 
10.9858 5.97236 31.7987 27.4719 5.94287 5.94281 5.94281 5.94281 
11.7114 5.92735 28.9246 29.7864 5.91261 5.91258 5.91258 5.91258 
11.8649 5.89126 26.943 31.226 6.42318 5.88387 5.88387 5.88387 
10.1061 5.86716 27.5784 32.7249 6.13312 5.86347 5.86347 5.86347 
10.574 5.88848 30.9742 28.8819 6.02146 5.88663 5.88663 5.88663 
12.7161 6.7005 31.0965 25.9601 5.93227 5.86485 5.86485 5.86485 
13.3367 6.30592 29.834 26.9374 5.9218 5.88809 5.88809 5.88809 
13.5815 6.12723 27.0552 29.5459 5.93518 5.91832 5.91832 5.91832 
12.8698 6.02714 26.2936 31.1103 5.93111 5.92269 5.92269 5.92269 
13.9169 5.96321 25.0892 31.3825 5.9152 5.91098 5.91098 5.91098 
14.949 6.22528 25.6775 29.6153 5.88481 5.88271 5.88271 5.88271 
17.7143 6.06467 26.3074 26.339 5.89444 5.89338 5.89338 5.89338 
18.5794 5.97351 28.1864 23.7087 5.88839 5.88787 5.88787 5.88787 
18.644 5.96689 27.5866 23.8577 6.17267 5.92407 5.92407 5.92407 
19.1469 5.90173 28.6766 22.6292 6.00463 5.88032 5.88032 5.88032 
18.1198 5.90614 27.6769 24.6533 5.95758 5.89543 5.89543 5.89543 
19.1516 5.88885 26.7742 24.6202 5.91457 5.8835 5.8835 5.8835 
21.683 5.90191 26.8807 21.9219 5.91477 5.89923 5.89923 5.89923 
21.9324 5.95096 28.9858 19.3246 5.95739 5.94962 5.94962 5.94962 
20.0777 5.91222 31.0592 19.3009 5.91544 5.91156 5.91156 5.91156 
21.8692 5.9323 28.4016 20.0671 5.93391 5.93197 5.93197 5.93197 
25.0618 5.92473 26.4789 18.8353 5.92554 5.92456 5.92456 5.92456 
23.2167 5.91292 26.7163 20.5022 5.91333 5.91284 5.91284 5.91284 
22.886 5.95331 27.3172 20.0303 5.95351 5.95327 5.95327 5.95327 
24.5926 5.96878 26.4145 19.149 5.96888 5.96876 5.96876 5.96876 
24.3035 5.94138 28.5298 17.4598 5.94143 5.94137 5.94137 5.94137 
24.811 5.91655 27.4815 18.1248 5.91657 5.91654 5.91654 5.91654 
24.2561 5.88035 26.8901 19.452 5.88037 5.88035 5.88035 5.88035 
25.6833 5.86225 26.5944 18.4111 5.86226 5.86225 5.86225 5.86225 
25.6515 5.90633 26.4377 18.3791 5.90634 5.90633 5.90633 5.90633 
24.441 6.67368 26.7397 18.3547 5.94772 5.94772 5.94772 5.94772 
25.682 7.27915 29.5237 13.6966 5.95463 5.95463 5.95463 5.95463 
26.9784 6.59484 30.4967 12.1997 5.93259 5.93259 5.93259 5.93259 
27.9253 6.22975 29.4589 12.7916 5.89862 5.89862 5.89862 5.89862 
28.2965 6.06597 27.8829 14.153 5.90041 5.90041 5.90041 5.90041 
30.0676 6.02252 27.8428 12.3082 5.93974 5.93974 5.93974 5.93974 
30.1131 6.18586 28.4717 11.0042 6.32084 5.96811 5.96811 5.96811 
31.779 6.01935 29.9549 8.42851 6.08684 5.91047 5.91047 5.91047 
32.7849 5.92563 30.5864 7.13021 5.95937 5.87119 5.87119 5.87119 
31.8997 5.93383 31.9598 6.53612 5.9507 5.90661 5.90661 5.90661 
33.0677 5.91277 31.1869 6.21392 5.92121 5.89916 5.89916 5.89916 
33.7118 5.94718 30.4708 6.09776 5.9514 5.94038 5.94038 5.94038 
34.8529 5.91034 29.6179 5.98563 5.91245 5.90694 5.90694 5.90694 
31.4809 5.93643 32.6113 6.22961 5.93748 5.93473 5.93473 5.93473 
33.1504 5.88417 31.4 6.03076 5.88469 5.88332 5.88332 5.88332 
30.008 5.92716 34.3567 6.00045 5.92742 5.92673 5.92673 5.92673 
27.8753 5.93388 36.4853 5.97052 5.93401 5.93366 5.93366 5.93366 
29.5347 5.95201 34.7352 5.97034 5.95208 5.95191 5.95191 5.95191 
30.9757 5.94272 32.7077 6.60311 5.94275 5.94267 5.94267 5.94267 
28.99 5.92495 34.4973 6.88805 5.92496 5.92492 5.92492 5.92492 
27.8234 5.90798 33.3017 9.33504 5.90799 5.90797 5.90797 5.90797 
29.2672 5.90407 30.7204 10.492 5.90407 5.90406 5.90406 5.90406 
26.3003 5.88854 31.9475 12.3095 5.88854 5.88854 5.88854 5.88854 
26.5142 6.63091 33.1013 9.995 5.93966 5.93966 5.93966 5.93966 
28.2733 6.23753 28.9695 12.952 5.89191 5.89191 5.89191 5.89191 
31.0136 6.11561 27.6551 11.4445 5.9428 5.9428 5.9428 5.9428 
31.5749 6.93304 29.234 8.6523 5.90146 5.90146 5.90146 5.90146 
31.8451 6.44729 30.6747 7.30692 5.9315 5.9315 5.9315 5.9315 
33.7162 6.15959 29.9281 6.5894 5.90169 5.90169 5.90169 5.90169 
32.794 6.03089 30.2254 7.34192 5.90194 5.90194 5.90194 5.90194 
33.6559 5.97653 30.0873 6.63204 5.91205 5.91205 5.91205 5.91205 
31.3287 6.23708 32.3178 6.56483 5.88788 5.88788 5.88788 5.88788 
28.963 6.09031 35.0296 6.25418 5.91571 5.91571 5.91571 5.91571 
31.5993 5.99101 32.7218 6.07295 5.90371 5.90371 5.90371 5.90371 
31.6917 5.99401 31.5033 7.00949 5.95036 5.95036 5.95036 5.95036 
33.1811 5.93397 28.6457 8.5907 5.91214 5.91214 5.91214 5.91214 
32.1566 5.9544 29.4172 8.69787 5.94349 5.94349 5.94349 5.94349 
32.997 6.28533 29.8315 7.27899 5.9018 5.9018 5.9018 5.9018 
32.4117 6.12639 30.9193 6.80405 5.93463 5.93463 5.93463 5.93463 
31.9539 6.52776 31.2864 6.39415 5.95944 5.95944 5.95944 5.95944 
30.7069 6.20987 32.8282 6.55223 5.92571 5.92571 5.92571 5.92571 
33.4068 6.08767 30.4643 6.25885 5.94559 5.94559 5.94559 5.94559 
30.2027 6.28667 33.7842 6.0706 5.91397 5.91397 5.91397 5.91397 
31.0652 6.08008 33.3078 5.97205 5.89373 5.89373 5.89373 5.89373 
34.0569 6.02277 29.9977 6.20423 5.9296 5.9296 5.9296 5.9296 
34.9903 5.94394 28.4886 6.98775 5.89735 5.89735 5.89735 5.89735 
31.2276 5.96493 32.5541 6.48683 5.94163 5.94163 5.94163 5.94163 
32.0882 5.94787 31.5983 6.62068 5.93622 5.93622 5.93622 5.93622 
31.4473 5.9578 31.4443 7.3426 5.95198 5.95198 5.95198 5.95198 
31.9595 5.96759 28.2424 9.97178 5.96468 5.96468 5.96468 5.96468 
31.8794 5.91267 30.5438 8.01936 5.91121 5.91121 5.91121 5.91121 
33.6088 5.86987 30.1215 6.92322 5.86914 5.86914 5.86914 5.86914 
35.2419 5.90368 28.6545 6.58661 5.90332 5.90332 5.90332 5.90332 
31.7295 5.9751 31.7691 6.93671 5.8974 5.8974 5.8974 5.8974 
32.6616 5.9563 30.3377 7.37461 5.91745 5.91745 5.91745 5.91745 
31.2777 5.93718 30.571 8.54315 5.91775 5.91775 5.91775 5.91775 
32.8775 5.93271 27.844 9.65379 5.923 5.923 5.923 5.923 
33.2156 5.94156 25.9055 11.1905 5.9367 5.9367 5.9367 5.9367 
33.2394 5.91815 28.6369 8.54263 5.91572 5.91572 5.91572 5.91572 
32.2959 5.93039 30.8144 7.24263 5.92917 5.92917 5.92917 5.92917 
32.0475 5.99867 31.8298 6.55018 5.89346 5.89346 5.89346 5.89346 
30.458 5.88617 34.1597 6.16193 5.83356 5.83356 5.83356 5.83356 
32.4674 5.85904 32.3457 5.99692 5.83273 5.83273 5.83273 5.83273 
32.1857 5.93123 32.2964 6.25746 5.83232 5.83232 5.83232 5.83232 
33.9827 5.94727 29.9861 6.49265 5.89781 5.89781 5.89781 5.89781 
31.6081 6.27132 31.838 6.72226 5.89008 5.89008 5.89008 5.89008 
12 12 12 12 12 12 12 12 
15.7753 13.4719 10.3258 10.8876 13.8652 8.97753 8.97753 15.7191 
14.9627 15.093 12.5228 12.3289 14.0551 7.48022 7.48022 15.077 
17.2673 15.2937 11.9699 12.1278 14.0102 6.69628 6.69628 15.4386 
15.6806 17.3784 13.8149 12.9431 13.9962 6.31234 6.31234 13.3121 
16.3531 18.5866 12.5485 12.3177 14.8955 6.13053 6.13053 12.9125 
15.2036 16.969 15.4634 13.7805 14.9072 6.03824 6.03824 11.5373 
12.6919 17.9755 15.4199 15.4268 16.6265 5.98837 5.98837 9.85138 
12.6221 18.2451 14.9798 15.8201 17.2567 5.97535 5.97535 9.10979 
11.1297 17.2572 15.7801 16.7183 17.5921 5.94105 5.94105 9.63261 
11.3776 17.9393 16.2748 17.104 17.5923 5.95406 5.95406 7.79985 
11.0956 18.2385 16.3763 16.173 19.0948 5.96364 5.96364 7.09251 
10.8791 18.3325 16.4697 16.5234 19.4335 5.93213 5.93213 6.49656 
10.6457 18.7539 17.5648 16.0452 18.5828 5.95576 5.95576 6.4957 
9.79271 19.4601 17.6181 17.7419 17.2955 5.94046 5.94046 6.21043 
8.19134 20.5041 17.5957 19.0697 16.6499 5.9514 5.9514 6.08639 
7.05971 20.0188 18.1759 18.7671 17.3628 5.93974 5.93974 6.7361 
7.70544 16.9152 18.831 20.3579 17.8891 5.96773 5.96773 6.36591 
7.13397 17.0513 19.6759 21.0123 16.9133 5.95261 5.95261 6.30795 
6.53391 15.6268 20.0033 21.4984 17.4061 6.2837 5.94323 6.70456 
6.21711 16.2061 18.8013 22.092 18.3673 6.092 5.92177 6.30243 
6.16467 17.8225 18.569 22.1181 17.1496 6.00191 5.9168 6.25743 
6.06816 18.3748 18.7987 19.966 17.7853 6.89772 5.94423 6.16515 
6.28486 17.8561 18.7905 20.5093 18.0774 6.44163 5.96489 6.07535 
6.1154 18.4956 17.7195 20.7952 18.6603 6.19379 5.95542 6.0647 
6.03265 19.8428 19.4026 20.3663 16.2195 6.07184 5.95266 6.11168 
6.66954 18.7546 18.9161 19.8342 16.3431 6.08936 5.97524 7.41789 
6.28882 18.4582 19.5784 19.7092 16.1584 6.27225 5.94167 7.59297 
6.69347 19.25 18.9228 19.2492 16.3256 6.26765 5.94578 7.34555 
6.64862 19.8975 18.4237 17.6959 17.7016 7.01223 5.96031 6.66019 
6.72745 19.7393 19.7354 16.0207 18.9031 6.59512 5.96445 6.31439 
7.12007 19.9204 19.157 17.5535 17.8272 6.29248 5.97715 6.15212 
7.17948 18.2332 19.9198 17.2566 19.2032 6.14521 5.98754 6.07503 
7.36536 19.3108 18.8056 16.8268 19.6879 6.03916 5.96033 6.00407 
6.68697 18.9902 18.7376 18.9284 18.5886 6.18482 5.93081 5.95268 
6.71969 18.8734 20.73 17.9851 17.8152 6.03989 5.91289 5.92382 
6.91234 17.9203 19.1667 19.1728 18.9818 5.98919 5.92569 5.93116 
6.4453 19.1775 19.2029 18.9886 18.2409 6.03807 5.95198 5.95471 
6.18486 19.4458 19.5095 19.3002 17.7006 5.98124 5.93819 5.93956 
6.066 20.1304 19.6116 19.7823 16.2842 6.23952 5.94267 5.94335 
6.18471 20.2682 18.2994 19.5599 17.6507 6.11121 5.96279 5.96313 
6.05186 20.2587 17.7686 18.5027 18.3269 7.20929 5.94089 5.94107 
6.53186 20.2156 17.4603 18.6365 18.4407 6.57121 5.93701 6.20678 
6.23724 18.8168 17.9003 19.2568 18.1343 7.23027 5.93981 6.48454 
6.86311 16.9525 17.6506 19.32 19.4746 6.58871 5.94348 7.20703 
6.39908 18.4426 16.888 21.4181 18.08 6.26188 5.93926 6.57104 
6.15625 17.0883 18.3701 21.5855 18.0685 6.56283 5.92634 6.24222 
6.18403 18.8802 19.0628 20.2632 17.3336 6.28549 5.91633 6.07427 
6.04266 19.5796 18.4906 20.7003 16.4994 6.79081 5.90881 5.98778 
6.12659 19.6319 19.9822 19.0344 16.4602 6.81646 5.9544 5.99389 
6.56845 18.1149 19.5272 18.3316 18.694 6.65565 5.96689 6.14127 
6.87424 18.0585 18.3484 18.7912 19.6488 6.29349 5.94911 6.0363 
7.2017 17.4598 18.9833 17.9322 20.3228 6.11599 5.9438 6.04042 
8.49277 19.0826 17.9103 18.8068 17.7837 6.0159 5.92981 5.97812 
8.36138 17.7713 19.1581 17.1824 19.0384 6.55925 5.9525 5.97666 
8.03939 17.1465 19.6334 17.7217 18.5409 6.97528 5.96538 5.97746 
7.77245 18.783 17.3774 18.8498 18.8179 6.46777 5.96282 5.96886 
8.06683 16.8051 18.1647 19.5141 19.3867 6.18818 5.9357 5.93872 
7.50258 17.2131 18.4987 19.4487 19.385 6.06766 5.94142 5.94293 
6.71594 16.4173 18.5994 20.2717 19.8977 6.22653 5.93536 5.93612 
6.31925 17.2064 18.4683 20.1017 19.9716 6.07454 5.92896 5.92933 
7.177 17.1808 19.7662 19.0085 18.9435 6.02316 5.95036 5.95055 
7.11414 16.4964 20.1929 18.4786 18.6598 7.12483 5.96663 5.96673 
6.88301 16.6739 18.9656 18.7737 19.7512 6.83292 5.97667 6.14301 
6.54947 16.2432 20.6606 19.8558 18.218 6.41537 5.98724 6.07041 
6.23232 16.3805 21.7142 19.2471 18.3166 6.16527 5.95121 5.9928 
6.06997 16.3535 21.0075 19.2906 19.3624 6.03645 5.92942 5.95021 
7.45488 15.9116 20.338 19.0375 19.2392 6.11215 5.94813 5.95853 
6.70293 17.0573 20.5541 18.3869 19.3629 6.03157 5.94956 5.95476 
7.86536 14.9523 19.8256 19.9573 19.5773 5.96717 5.92617 5.92877 
7.0613 15.4136 18.4876 20.9288 20.3333 5.9384 5.91789 5.91919 
7.40844 14.6986 19.2908 20.864 19.8611 5.96567 5.95542 5.95607 
7.26717 15.069 20.2155 19.8144 19.788 5.95196 5.94683 5.94716 
7.67159 15.9668 19.6683 20.5367 18.3263 5.9451 5.94254 5.9427 
6.81332 16.4665 20.9577 17.6841 20.2306 5.95008 5.9488 5.94888 
7.16135 15.6801 18.9895 18.9171 20.5033 5.91622 5.91557 6.91687 
8.56821 15.9448 16.8514 19.4336 20.8501 5.95063 5.95031 6.45095 
8.57154 16.668 17.6044 18.3521 20.2077 5.93425 5.93409 6.72789 
8.49193 16.5686 17.6885 18.0031 21.0636 5.92921 5.92913 6.32603 
8.08275 17.3586 18.223 17.4668 19.9715 5.94877 5.94873 6.9998 
7.93154 16.4596 19.2946 18.0011 18.9102 5.94921 5.94919 7.50448 
8.12748 17.6828 19.8732 18.4536 17.2435 5.94726 5.94725 6.72489 
8.18624 16.3797 21.4207 18.3552 17.2201 6.09495 5.91827 6.42487 
8.53756 15.8442 22.5622 19.4862 15.4619 6.01044 5.9221 6.1754 
8.50191 18.3515 21.4652 19.9272 13.8659 5.95 5.90583 6.03248 
9.0184 18.2455 23 19.324 12.5725 5.94012 5.91803 5.98136 
8.36013 17.0731 21.5 22.1465 13.0564 5.95143 5.94038 5.97205 
8.06762 16.3117 22.7117 23.9321 11.0737 5.96614 5.96062 5.97645 
7.88467 16.3465 23.7031 22.1739 11.9549 5.97818 5.97542 5.98334 
7.98462 17.4394 22.4859 21.6591 12.5073 5.97417 5.97279 5.97674 
7.60405 20.0628 20.0465 22.342 11.4455 6.54239 5.97736 5.97934 
6.97568 18.5344 22.658 23.3267 10.094 6.44485 5.98269 5.98368 
6.46049 16.9961 21.9116 25.4564 11.0518 6.19507 5.964 5.96449 
6.2586 17.3898 23.4558 25.7437 9.19856 6.06145 5.94592 5.94616 
7.8912 17.4251 22.1064 26.0587 8.56754 6.02218 5.96441 5.96454 
6.92313 18.2069 23.806 24.3215 8.83433 5.98862 5.95973 5.9598 
7.97889 17.6431 25.5169 22.4949 8.50132 5.96461 5.95016 5.95019 
8.31871 17.4801 24.8316 22.7718 8.70188 5.97011 5.96289 5.9629 
7.30846 17.2233 25.7834 23.3396 8.52832 5.94135 5.93774 5.93775 
6.83169 16.3455 27.52 23.0607 8.3409 5.96828 5.96647 5.96648 
8.70088 16.4863 25.1614 23.8225 7.97092 5.95326 5.95236 5.95236 
9.03794 16.6806 26.3307 23.0363 6.98546 5.97663 5.97618 5.97618 
9.45968 16.1796 24.6278 25.418 6.45716 5.95274 5.95252 5.95252 
9.67636 14.3732 26.1508 25.6101 6.43714 5.91755 5.91743 5.91743 
8.95045 12.9307 24.9553 28.4056 7.06974 5.89611 5.89605 5.89605 
8.20072 12.4131 27.5103 27.144 7.06428 5.88923 5.8892 5.8892 
7.94142 12.4317 26.073 29.2673 6.51227 5.92475 5.92473 5.92473 
9.28567 11.662 26.6192 28.4788 6.20889 5.91513 5.91512 5.91512 
9.34952 9.58273 29.2714 28.0866 6.0376 5.89072 5.89071 5.89071 
10.4812 8.01717 28.3131 29.4627 5.98654 5.9131 5.9131 5.9131 
11.2609 8.00098 26.0704 30.891 5.97172 5.935 5.935 5.935 
10.4457 6.96883 29.9217 28.7701 6.08613 5.93584 5.93584 5.93584 
10.8146 6.93045 29.5903 28.7543 6.03396 5.95882 5.95882 5.95882 
10.875 7.41779 28.5632 29.3311 5.98141 5.94384 5.94384 5.94384 
10.4441 6.67332 29.1038 30.0147 5.95513 5.93634 5.93634 5.93634 
12.2428 7.12177 26.6398 29.9036 6.21322 5.95963 5.95963 5.95963 
12.9241 6.55408 26.177 30.3259 6.09981 5.97301 5.97301 5.97301 
13.0216 6.22215 28.4834 28.4829 5.99502 5.93162 5.93162 5.93162 
15.1174 6.04824 27.2199 27.4928 6.41281 5.90297 5.90297 5.90297 
13.6273 5.99246 27.9899 28.2583 6.37263 5.91982 5.91982 5.91982 
12.9964 5.95322 26.8982 30.2582 6.1433 5.9169 5.9169 5.9169 
13.2215 6.04449 29.1149 27.9228 6.00899 5.89579 5.89579 5.89579 
11.6368 5.95958 28.4608 30.3452 5.94183 5.88523 5.88523 5.88523 
10.9295 6.31313 28.8971 29.4689 6.67462 5.90558 5.90558 5.90558 
9.48696 6.13853 31.9243 28.3267 6.31928 5.93476 5.93476 5.93476 
11.0377 6.03956 30.2478 28.7319 6.12994 5.93768 5.93768 5.93768 
11.0744 6.79471 27.8732 30.3204 6.05642 5.96029 5.96029 5.96029 
10.3759 6.69329 27.471 31.71 5.97351 5.92545 5.92545 5.92545 
11.2804 6.28782 26.2705 32.5217 5.92793 5.9039 5.9039 5.9039 
10.4126 6.08077 26.2043 33.7351 5.90082 5.88881 5.88881 5.88881 
11.3272 5.99024 29.3263 29.7732 5.90026 5.89426 5.89426 5.89426 
10.9594 6.43391 28.6934 30.2924 5.90749 5.90449 5.90449 5.90449 
9.37674 6.52578 28.4644 30.8815 7.07139 5.89342 5.89342 5.89342 
10.3314 6.21564 28.7991 30.467 6.48845 5.89947 5.89947 5.89947 
10.5527 7.05319 27.0703 31.3185 6.27913 5.90876 5.90876 5.90876 
12.4512 6.51613 25.4933 31.5785 6.1291 5.94392 5.94392 5.94392 
12.2039 6.4413 25.4019 32.1712 6.01486 5.92227 5.92227 5.92227 
11.73 6.48329 28.6879 29.4625 5.94381 5.89751 5.89751 5.89751 
10.9729 6.19129 28.6605 30.5586 5.92154 5.8984 5.8984 5.8984 
11.7902 6.10424 29.9463 28.6031 5.89774 5.88616 5.88616 5.88616 
11.4838 6.03275 28.9821 29.8008 5.92949 5.92371 5.92371 5.92371 
12.3675 6.021 27.0488 31.0021 5.89233 5.88943 5.88943 5.88943 
13.02 5.95167 29.1842 28.2991 5.88734 5.88589 5.88589 5.88589 
12.7782 5.96418 27.9303 29.6015 5.93201 5.93128 5.93128 5.93128 
11.9447 5.97354 30.7173 27.5358 5.95746 5.9571 5.9571 5.9571 
12.6342 5.92373 29.9718 27.808 5.91569 5.91551 5.91551 5.91551 
13.8171 5.93484 27.1481 29.377 5.93082 5.93073 5.93073 5.93073 
12.5834 5.95822 26.8409 30.7928 5.95621 5.95616 5.95616 5.95616 
13.5969 5.90119 25.3523 30.8996 6.54953 5.90016 5.90016 5.90016 
14.3025 6.70263 25.2373 29.887 6.21114 5.88646 5.88646 5.88646 
13.4597 6.31082 25.2355 31.2208 6.06507 5.90273 5.90273 5.90273 
14.7555 6.12491 25.7799 29.5751 6.00204 5.92087 5.92087 5.92087 
14.3244 6.05115 24.36 31.4273 5.98971 5.94913 5.94913 5.94913 
13.1996 6.00176 26.8909 30.0844 5.97105 5.95075 5.95075 5.95075 
14.2808 5.95509 24.893 31.1426 5.93973 5.92959 5.92959 5.92959 
12.1004 5.93755 25.0065 33.2513 5.92987 5.92479 5.92479 5.92479 
11.3329 5.94496 25.4497 33.5155 5.94112 5.93859 5.93859 5.93859 
13.4458 5.94278 25.3132 31.5385 5.94086 5.93959 5.93959 5.93959 
11.3171 5.95761 29.8848 29.0158 5.95665 5.95601 5.95601 5.95601 
11.5284 5.9491 28.3795 30.3495 5.94862 5.9483 5.9483 5.9483 
10.4329 5.9113 26.9909 33.0211 5.91106 5.9109 5.9109 5.9109 
9.94401 5.92039 30.8032 29.6516 5.92027 5.92019 5.92019 5.92019 
9.78567 5.91051 28.9109 31.7513 5.91045 5.91041 5.91041 5.91041 
9.68558 5.93453 27.344 33.2979 5.9345 5.93448 5.93448 5.93448 
11.1681 5.90401 27.6027 31.7092 5.904 5.90399 5.90399 5.90399 
10.8344 5.9407 29.2295 30.2326 5.94069 5.94068 5.94068 5.94068 
11.1895 5.93447 31.1514 27.9868 5.93446 5.93446 5.93446 5.93446 
11.1765 5.95465 28.5474 30.5028 5.95465 5.95465 5.95465 5.95465 
12.3961 5.9274 26.6791 31.2877 5.9274 5.9274 5.9274 5.9274 
14.3432 5.94757 25.517 30.4019 5.94757 5.94757 5.94757 5.94757 
14.1838 5.94635 24.8012 31.2833 5.94635 5.94635 5.94635 5.94635 
14.4528 5.93547 25.4167 29.9145 6.47407 5.93547 5.93547 5.93547 
15.0609 5.96069 25.2084 29.658 6.22999 5.96069 5.96069 5.96069 
15.8638 5.91075 27.6225 26.8253 6.0454 5.91075 5.91075 5.91075 
14.9508 6.50427 29.5053 25.1634 6.01955 5.95222 5.95222 5.95222 
17.3141 6.23601 27.2526 25.3237 5.99364 5.95998 5.95998 5.95998 
17.0319 6.10308 26.23 26.758 5.9819 5.96507 5.96507 5.96507 
16.659 6.40009 29.0967 24.0335 5.95898 5.95057 5.95057 5.95057 
17.6025 6.16741 28.0498 24.4055 5.94685 5.94264 5.94264 5.94264 
21.0442 6.07436 25.7072 23.3242 5.96408 5.96198 5.96198 5.96198 
22.2017 6.89818 25.1123 21.2181 6.64999 5.97327 5.97327 5.97327 
22.9174 6.44733 25.6955 20.662 6.32323 5.98487 5.98487 5.98487 
25.4625 6.23118 28.0733 16.44 6.07515 5.90597 5.90597 5.90597 
25.8764 6.09946 32.827 11.3652 6.02145 5.93686 5.93686 5.93686 
26.2475 5.99937 33.0322 11.0063 5.96036 5.91807 5.91807 5.91807 
28.898 5.9664 29.6854 11.726 5.9469 5.92575 5.92575 5.92575 
29.5075 5.98028 26.1 14.5618 5.97052 5.95995 5.95995 5.95995 
30.5607 6.06834 26.5275 12.9382 5.98027 5.97498 5.97498 5.97498 
32.3616 6.01925 27.6087 10.1175 5.97521 5.97257 5.97257 5.97257 
33.7509 6.00028 28.01 8.32978 5.97826 5.97694 5.97694 5.97694 
34.0657 5.96698 28.8392 7.30625 5.95597 5.95531 5.95531 5.95531 
35.2645 5.95689 28.0346 6.93951 5.95138 5.95105 5.95105 5.95105 
35.9378 5.92852 28.0113 6.41983 5.92577 5.9256 5.9256 5.9256 
36.9344 5.96276 27.0491 6.20842 5.96138 5.9613 5.9613 5.9613 
32.9222 5.98296 31.455 6.0268 5.90328 5.90324 5.90324 5.90324 
32.8661 6.0527 30.1702 7.17353 5.93437 5.93435 5.93435 5.93435 
34.3919 5.95357 29.0092 7.06778 5.8944 5.89439 5.89439 5.89439 
31.7026 5.92229 32.3249 6.4794 5.89271 5.8927 5.8927 5.8927 
33.9118 5.89709 30.4863 6.17564 5.8823 5.88229 5.88229 5.88229 
33.9559 5.94854 30.2431 6.08782 5.94115 5.94115 5.94115 5.94115 
34.2272 5.9378 29.7112 6.38738 5.9341 5.9341 5.9341 5.9341 
34.5692 5.92748 27.7994 8.00138 5.92563 5.92563 5.92563 5.92563 
31.0777 5.89477 32.1756 7.27655 5.89385 5.89385 5.89385 5.89385 
32.5467 5.93951 31.1272 6.6304 5.93905 5.93905 5.93905 5.93905 
34.0223 6.00006 29.9936 6.27335 5.92768 5.92768 5.92768 5.92768 
35.8292 5.95493 27.7495 6.79142 5.91874 5.91874 5.91874 5.91874 
32.8306 5.91864 29.3509 8.29767 5.90055 5.90055 5.90055 5.90055 
35.0593 5.8869 28.4659 7.07642 5.87785 5.87785 5.87785 5.87785 
31.3106 5.85864 32.9609 6.4534 5.85412 5.85412 5.85412 5.85412 
33.3155 5.90995 30.9365 6.20733 5.90769 5.90769 5.90769 5.90769 
34.7223 5.93885 29.5005 6.08753 5.93771 5.93771 5.93771 5.93771 
30.2019 5.9106 34.2624 5.98494 5.91003 5.91003 5.91003 5.91003 
31.4291 5.92405 32.9906 5.96122 5.92377 5.92377 5.92377 5.92377 
32.9351 5.90764 30.6192 6.9081 5.9075 5.9075 5.9075 5.9075 
29.2664 5.90741 32.7498 8.44702 5.90734 5.90734 5.90734 5.90734 
30.203 5.92321 30.9816 9.19943 5.92317 5.92317 5.92317 5.92317 
32.7442 5.88953 27.2776 10.5306 5.88951 5.88951 5.88951 5.88951 
32.5318 5.89153 29.4183 8.59232 5.89152 5.89152 5.89152 5.89152 
30.7945 5.8824 30.0105 9.78302 5.88239 5.88239 5.88239 5.88239 
31.6393 5.88706 29.0976 9.82782 5.88706 5.88706 5.88706 5.88706 
31.2311 5.94213 29.4024 9.65589 5.94213 5.94213 5.94213 5.94213 
27.7637 5.93403 32.2567 10.3094 5.93403 5.93403 5.93403 5.93403 
30.6734 5.96552 30.821 8.67795 5.96552 5.96552 5.96552 5.96552 
28.0599 5.95895 34.8302 7.31517 5.95895 5.95895 5.95895 5.95895 
28.2079 5.92065 32.7243 9.46452 5.92065 5.92065 5.92065 5.92065 
30.6693 5.92385 29.812 9.89943 5.92385 5.92385 5.92385 5.92385 
32.244 5.95545 28.0128 9.9659 5.95545 5.95545 5.95545 5.95545 
30.5808 5.96642 31.2923 8.29474 5.96642 5.96642 5.96642 5.96642 
31.9036 5.95271 29.9319 8.40098 5.95271 5.95271 5.95271 5.95271 
34.0439 5.93688 27.2192 9.05247 5.93688 5.93688 5.93688 5.93688 
34.9815 5.91954 27.9435 7.47733 5.91954 5.91954 5.91954 5.91954 
35.0487 5.90095 28.7668 6.67984 5.90095 5.90095 5.90095 5.90095 
35.7865 5.89598 27.7118 7.02181 5.89598 5.89598 5.89598 5.89598 
36.3187 5.87931 27.8425 6.44223 5.87931 5.87931 5.87931 5.87931 
33.1808 5.83665 29.9084 6.11811 7.44609 5.83665 5.83665 5.83665 
32.3177 5.91833 31.2269 6.05905 6.72305 5.91833 5.91833 5.91833 
29.5092 6.53059 33.8107 6.00572 6.33771 5.93535 5.93535 5.93535 
31.8514 6.24917 31.9054 5.98673 6.15273 5.95155 5.95155 5.95155 
28.7238 6.06576 34.7126 6.72945 6.01754 5.91695 5.91695 5.91695 
31.052 7.18781 31.3704 6.67459 5.96652 5.91622 5.91622 5.91622 
29.9566 7.10405 31.5978 7.15945 6.4154 5.92223 5.92223 5.92223 
32.0898 6.53475 30.7911 6.56245 6.19043 5.94385 5.94385 5.94385 
29.316 6.20855 34.2621 6.43761 6.03639 5.9131 5.9131 5.9131 
32.603 6.07099 29.215 8.35629 5.98491 5.92326 5.92326 5.92326 
35.4966 5.97667 27.7654 7.11932 5.93363 5.90281 5.90281 5.90281 
31.0241 5.91937 32.9344 6.5769 5.89785 5.88244 5.88244 5.88244 
31.5399 5.92136 32.6693 6.25012 5.9106 5.90289 5.90289 5.90289 
35.4556 5.95469 28.6849 6.11907 5.94931 5.94546 5.94546 5.94546 
31.056 5.90493 33.4488 5.98712 5.90224 5.90031 5.90031 5.90031 
31.1392 5.89797 33.4402 5.93907 5.89663 5.89566 5.89566 5.89566 
28.8297 5.90507 34.6255 7.02359 5.90439 5.90391 5.90391 5.90391 
30.7281 5.88891 31.7499 8.07949 5.88858 5.88833 5.88833 5.88833 
31.5336 5.92719 28.7478 10.0837 5.92702 5.9269 5.9269 5.9269 
31.8797 5.95363 28.1613 10.1914 5.95354 5.95348 5.95348 5.95348 
29.4211 5.96316 32.1694 8.59397 5.96312 5.96309 5.96309 5.96309 
32.7491 5.95881 30.1828 7.27422 5.95879 5.95878 5.95878 5.95878 
30.5649 5.90094 33.1214 6.80906 5.90093 5.90092 5.90092 5.90092 
33.0217 5.92077 30.9997 6.37483 5.92076 5.92076 5.92076 5.92076 
32.1769 5.86845 32.3854 6.09548 5.86845 5.86845 5.86845 5.86845 
29.2503 5.8843 35.3304 5.99782 5.8843 5.8843 5.8843 5.8843 
29.9795 5.93428 33.8857 6.46348 5.93428 5.93428 5.93428 5.93428 
31.601 5.95717 31.1455 7.46762 5.95717 5.95717 5.95717 5.95717 
28.8405 5.93859 33.4927 7.97381 5.93859 5.93859 5.93859 5.93859 
30.1393 5.89571 33.4688 6.91333 5.89571 5.89571 5.89571 5.89571 
32.195 5.92951 30.4194 7.73801 5.92951 5.92951 5.92951 5.92951 
29.5559 5.90113 32.257 8.6814 5.90113 5.90113 5.90113 5.90113 
32.7871 5.91409 28.7425 8.89997 5.91409 5.91409 5.91409 5.91409 
12 12 12 12 12 12 12 12 
10.2458 13.2626 15.4413 12.8156 12.9274 8.96089 8.96089 15.3855 
12.6376 14.6372 13.7619 14.2173 13.1435 7.47652 7.47652 15.6495 
14.2499 16.6782 12.8416 15.1382 13.1234 6.69392 6.69392 14.0809 
15.3004 15.6173 11.9043 16.1932 15.9835 6.33799 6.33799 12.0754 
15.9653 16.6161 13.8843 15.2082 14.2828 6.12304 6.12304 11.6722 
14.0764 16.2768 16.213 15.8854 15.3185 6.03027 6.03027 10.107 
12.9826 18.3606 18.2732 15.8316 13.3815 6.01514 6.01514 9.10903 
12.0187 18.3081 17.3516 16.9929 14.9057 5.99945 5.99945 8.40847 
12.6051 17.8775 16.8141 18.2837 15.1124 5.97845 5.97845 7.34253 
10.6065 18.875 16.9618 18.3342 15.9515 5.96478 5.96478 7.33758 
8.95773 18.4076 17.3402 18.6355 17.8872 5.97242 5.97242 6.82494 
8.863 18.0243 18.7954 17.5119 18.4947 5.96116 5.96116 6.38742 
7.7203 20.3174 19.1613 16.6182 18.086 5.96105 5.96105 6.17418 
6.91825 20.0975 20.2331 16.6679 18.1663 5.93669 5.93669 6.04326 
6.48492 19.771 20.7812 15.1792 19.351 6.49017 5.94454 5.99782 
6.20769 19.6503 19.1329 15.5651 20.8207 6.21032 5.9375 6.47539 
6.43036 19.0882 19.546 15.3567 21.3622 6.07343 5.93702 6.20597 
7.04497 19.3845 17.0602 16.8273 21.0535 6.01544 5.94723 6.66681 
7.57654 20.7193 17.2869 14.9542 21.2294 5.98069 5.94659 6.30638 
8.40287 20.2988 17.3655 15.7935 20.0468 5.98223 5.96518 6.14508 
7.15419 20.6317 17.6887 18.7235 17.799 6.0423 5.93535 6.02529 
6.57111 19.0484 17.527 18.743 18.8296 6.71376 5.96169 6.60546 
6.26361 19.9735 17.3842 17.731 20.0731 6.33494 5.9589 6.28079 
6.13282 20.9227 16.9322 18.6824 19.1922 6.11762 5.9296 6.09055 
6.26114 21.364 16.4275 18.9761 18.8253 6.0507 5.95669 6.13858 
7.10303 18.8917 16.6883 19.9224 18.7877 6.62704 5.94445 6.03539 
7.20517 19.6561 16.6525 19.9211 17.8022 6.26647 5.92518 6.57125 
6.57389 18.076 16.9328 21.2311 18.8909 6.10455 5.9339 6.25694 
6.26976 17.5314 19.0326 21.839 17.2311 6.03509 5.94976 6.11128 
6.50275 18.6621 20.8117 19.6242 16.4912 5.97091 5.92825 6.00901 
6.20153 17.8763 20.884 19.6798 16.5365 6.59685 5.91428 6.31071 
6.07949 17.9807 20.4952 19.574 17.4172 6.27715 5.93586 6.24046 
6.26555 16.4826 20.0291 21.0253 18.0738 6.10423 5.93359 6.08589 
6.54892 17.7133 19.4348 19.6224 18.7678 6.00243 5.91711 5.99326 
7.13281 18.8461 19.654 18.0036 17.9991 5.96104 5.91838 6.485 
7.79038 18.1657 19.4537 18.3829 17.644 5.97659 5.95526 6.6315 
6.878 16.2113 20.0403 19.606 18.731 6.27444 5.96044 6.29856 
7.54348 16.3679 20.2014 19.3979 18.2674 6.1223 5.9653 6.13435 
7.44146 16.8995 20.0395 19.1281 18.4609 6.06828 5.93882 6.02334 
7.25392 15.2485 20.7264 19.9495 17.9028 6.6744 5.96727 6.2772 
7.54961 15.9115 20.6947 19.9195 17.515 6.32062 5.96706 6.12202 
9.29027 17.8011 19.5742 17.2793 17.7781 6.2531 5.97322 6.0507 
9.96544 19.1612 18.5819 17.0544 17.0867 6.16672 5.97249 6.01124 
9.55652 19.4039 19.1662 16.8952 16.1837 6.04594 5.94883 6.7998 
9.98999 21.5912 17.7264 16.1566 16.1809 6.00885 5.9603 6.38578 
9.1663 19.6387 17.2058 17.1996 17.4341 7.28696 5.92787 6.14061 
7.65427 20.272 17.2775 17.4899 18.3615 6.60684 5.9273 6.41082 
6.81308 20.4404 17.3038 19.225 17.7873 6.28937 5.9496 6.19136 
7.50787 19.7498 17.5783 20.7102 16.1916 6.10005 5.93017 6.23199 
6.75823 18.9414 17.6411 20.0654 17.4306 6.00067 5.91573 7.2469 
6.33293 20.5878 17.682 19.2164 17.1471 5.95415 5.91168 7.16802 
6.14129 18.9895 17.2506 20.535 18.4706 5.9519 5.93067 6.73046 
7.23292 18.8731 17.6875 20.1726 17.0857 5.92643 5.91581 7.10601 
6.91942 19.3454 16.8733 20.6786 17.8253 5.92449 5.91918 6.51428 
6.44479 18.2548 18.4047 20.4672 18.1344 6.10723 5.94466 6.24222 
7.46614 18.3222 18.3427 20.2445 16.3577 6.046 5.96472 7.25604 
6.68104 19.0455 19.4026 18.8506 16.5026 6.95364 5.93033 6.6338 
7.19553 16.8875 21.2663 18.9765 16.8819 6.5263 5.95711 6.30884 
8.13836 17.8989 19.7678 20.172 15.6525 6.2546 5.97001 6.14588 
8.22648 18.1067 20.3333 18.3444 16.5341 6.44191 5.96253 6.05047 
8.38771 17.4898 20.3466 20.5333 15.0725 6.20183 5.96214 6.00611 
8.98837 17.9344 19.6482 20.8831 14.5568 6.06895 5.94911 5.97109 
8.62782 15.5357 19.1106 20.2943 18.207 6.37536 5.91906 5.93005 
8.48521 17.3897 18.6209 19.0459 18.1691 6.4691 5.90725 5.91275 
8.54368 17.2432 18.9879 18.7703 18.4394 6.19154 5.91061 5.91336 
7.24041 18.7497 19.1563 19.1057 17.8344 6.06434 5.92388 5.92525 
7.6697 17.3051 19.1395 21.2514 16.5662 6.18178 5.94282 5.9435 
6.86348 17.2429 20.4728 20.4275 17.0386 6.06446 5.94498 5.94532 
6.38655 17.9494 18.985 21.2798 17.5575 5.98704 5.9273 5.92747 
6.19212 16.9332 19.5848 22.2893 17.0833 5.99237 5.96249 5.96258 
6.08801 17.0396 18.0778 22.4795 17.6325 6.21828 5.97319 6.49107 
5.99829 17.2155 18.6264 21.5519 17.1217 6.06343 5.94089 7.48188 
5.96251 17.9289 20.2507 19.8816 17.3432 5.99508 5.93381 6.7043 
5.96542 19.0741 19.8696 18.6497 18.1722 5.9817 5.95107 6.33632 
7.0168 17.7188 20.6166 18.5294 18.1202 5.9454 5.93008 6.1227 
8.23971 15.9856 19.4789 19.8371 18.1722 5.95167 5.94401 6.39079 
8.5101 15.9806 20.0443 20.0405 17.3178 5.96364 5.95981 6.1832 
8.10614 16.5911 19.5857 20.5466 17.2597 5.93432 5.93241 6.0441 
8.06004 16.3095 20.42 21.4812 15.7727 6.04498 5.92788 5.98372 
9.8482 15.6699 19.0585 20.3163 17.2197 5.99219 5.93364 5.96156 
9.1939 15.3226 20.3585 19.6879 17.5826 5.96639 5.93711 5.95108 
9.15835 14.2695 19.0681 21.1305 18.4989 5.96565 5.95101 5.95799 
8.10859 14.0171 20.1811 21.5064 18.2495 5.98283 5.97551 5.979 
7.82558 15.0986 22.3168 20.4247 16.424 5.97195 5.96829 5.97003 
7.21808 15.3618 21.0743 21.8109 16.7457 5.93069 5.92886 5.92973 
7.31034 13.3302 22.2904 23.6977 15.4507 6.01729 5.95144 5.95188 
7.04399 14.8102 20.4199 23.7989 16.0488 5.9813 5.94837 5.94859 
7.67362 14.2041 20.3784 23.0908 16.8692 5.9389 5.92244 5.92255 
8.8427 16.5838 20.5543 19.3781 16.8563 5.97299 5.90586 5.90592 
8.18678 17.4277 21.0796 18.7631 16.7615 5.94946 5.91589 5.91592 
