5 80000 300 266
14 14 14 14 14 14 14 
13.5733 12.4957 16.0517 16.375 15.0819 12.819 12.6034 
15.5972 13.847 16.6162 17.9893 14.8097 10.3742 10.2665 
14.8773 14.2269 17.5216 19.7811 15.1576 9.1197 9.06583 
13.9503 14.3227 18.8771 18.6115 17.1137 8.51334 8.4864 
13.3769 15.6603 19.4827 16.7009 18.2699 8.23018 8.21671 
13.0929 16.4818 20.3031 16.328 17.6743 8.04767 8.04094 
12.5551 17.8976 20.6666 16.4258 16.4552 7.99379 7.99043 
12.3043 18.3238 18.7038 17.3647 17.491 7.90315 7.90146 
12.0212 16.8368 19.2842 18.3889 17.662 7.90191 7.90107 
10.8564 15.9074 21.9769 18.005 17.4213 7.91571 7.91529 
11.5625 16.8657 20.8264 17.7988 17.1597 7.89304 7.89283 
12.3687 17.1802 21.5363 17.1067 15.9233 7.9422 7.9421 
11.6047 18.5458 21.6089 16.6286 15.705 7.9534 7.95335 
12.195 19.661 20.3935 18.2458 13.5603 7.97213 7.97211 
10.3799 19.7842 21.7708 18.7294 13.4931 7.92125 7.92124 
10.6792 18.6033 22.5799 18.4339 13.9065 7.89857 7.89857 
10.1232 20.0078 20.8572 19.2397 13.9008 7.93562 7.93562 
9.56507 21.3203 19.7819 20.4744 13.0705 7.89391 7.89391 
8.92197 20.573 20.7842 19.7143 14.2695 7.86852 7.86852 
8.72794 19.8051 20.8954 20.251 14.5746 7.87299 7.87299 
8.78981 20.3092 21.2132 19.6949 14.2251 7.88386 7.88386 
8.64327 20.3943 22.3713 19.6514 13.2128 7.8635 7.8635 
8.269 21.6006 21.0541 20.5713 12.7467 7.87912 7.87912 
8.38287 20.931 21.965 19.7628 13.2361 7.86113 7.86113 
9.24891 20.8103 21.0974 18.9618 14.2043 7.83861 7.83861 
8.58373 21.2649 20.8428 19.4357 14.0026 7.9917 7.87858 
8.85807 19.1941 21.0379 19.7635 15.2205 7.99129 7.93472 
8.43361 19.6657 20.0155 21.3234 14.8185 7.8858 7.85752 
8.42035 20.3417 18.9679 20.5068 15.9269 7.9252 7.91106 
8.15161 19.6303 19.3939 21.0642 15.6211 8.24188 7.89697 
8.81514 19.6493 20.9529 20.0108 14.6826 8.03089 7.85844 
9.22409 20.3751 21.8296 18.8357 13.9927 7.91453 7.8283 
10.0297 19.7812 23.2173 17.8828 13.3169 7.9076 7.86449 
10.8019 18.3397 23.7614 18.6636 12.677 7.88899 7.86743 
10.4132 18.4608 23.7389 19.6008 12.0842 7.85647 7.8457 
10.2305 16.527 24.0704 20.6856 12.7407 7.87561 7.87022 
9.41389 17.3133 23.7999 21.5419 12.1396 7.89708 7.89438 
10.1976 15.666 24.0495 21.285 12.9623 7.9205 7.91915 
9.38451 17.5949 22.62 21.1187 13.505 7.88882 7.88815 
9.29274 17.3931 22.5691 21.4552 13.4111 7.93957 7.93923 
9.6339 17.7988 22.2571 20.7027 13.6881 7.95981 7.95964 
11.2526 18.6766 20.0394 20.6236 13.5272 7.9403 7.94022 
10.7698 17.9508 20.3068 21.9147 13.2229 7.91752 7.91748 
11.2817 18.4348 21.5785 20.0482 12.2626 8.50421 7.88994 
11.0463 18.9226 21.3543 21.0806 11.291 8.42901 7.87618 
11.4129 18.8598 21.5794 20.816 11.4099 8.09922 7.8228 
11.0553 17.3369 24.7432 19.2452 11.6352 8.11938 7.86489 
11.5085 17.0416 24.3333 19.6705 11.5592 8.00706 7.87981 
11.9119 17.0184 24.2356 20.5495 10.4594 7.94441 7.88079 
11.2444 17.4034 23.7765 20.6113 10.8787 8.17894 7.90674 
12.6954 15.7749 25.3029 20.3056 10.0735 7.99191 7.85581 
11.5924 16.7452 25.3554 20.0596 10.3981 7.95866 7.89061 
11.3652 16.1208 25.3896 19.3518 11.8576 7.97449 7.94046 
12.1058 15.4911 25.793 19.3736 11.4704 7.89153 7.87451 
12.3343 15.032 25.8362 19.6114 11.2628 8.09149 7.83173 
13.0637 12.9537 27.1091 20.4158 10.5386 8.02453 7.89464 
13.8338 12.9125 25.807 21.3465 10.2198 7.97266 7.90772 
12.5579 13.5075 25.3394 22.0835 10.6227 7.96069 7.92822 
12.9215 13.517 24.9885 21.4282 11.2292 7.96585 7.94962 
11.947 13.9904 27.3322 20.8139 9.9787 7.97295 7.96483 
12.4129 13.4346 25.9136 21.7706 10.6712 7.90062 7.89656 
13.756 12.4104 25.7043 22.5189 9.79103 7.9107 7.90868 
12.3097 12.3333 26.7797 22.5408 9.90944 8.2729 7.85406 
12.3211 10.8584 27.733 23.2007 10.0486 8.02385 7.81443 
13.5585 12.0618 25.9839 22.9524 9.61611 7.96601 7.8613 
13.8445 11.3298 27.1224 22.074 9.83523 7.92322 7.87087 
13.0919 12.7343 26.5432 22.7337 8.90219 8.07472 7.92001 
12.7503 13.3015 27.2619 21.5858 9.31728 7.9303 7.85295 
11.4998 13.9915 27.3428 22.8428 8.67526 7.84327 7.80459 
12.3537 12.6561 26.6094 22.3378 10.2675 7.96476 7.81065 
13.0123 12.9103 26.9756 21.9284 9.43757 7.90643 7.82938 
13.1177 12.2403 26.5732 22.1212 10.0907 7.94771 7.90918 
13.6067 12.1042 26.5845 21.433 10.3645 7.96321 7.94395 
13.4795 12.16 26.0763 22.3642 10.0118 7.95888 7.94925 
15.2054 13.4874 23.6202 21.7641 10.0324 7.94769 7.94288 
15.3863 12.5485 26.4539 20.5127 9.23781 7.93163 7.92922 
13.7742 13.031 26.7405 20.5266 10.1594 7.88473 7.88353 
12.03 13.0869 28.3702 20.8347 9.79401 7.94237 7.94177 
12.4183 11.8568 27.6729 22.5427 9.6654 7.92214 7.92184 
12.2865 12.1439 26.5436 23.2879 10.0813 7.82847 7.82832 
12.3751 12.014 26.6051 23.3831 9.82327 7.97221 7.8272 
11.7582 12.6646 27.2971 22.9687 9.5312 7.92632 7.85382 
11.9015 12.2146 28.3544 21.9886 9.80762 7.88473 7.84848 
11.079 13.5147 26.4279 23.8148 9.31976 7.93097 7.91284 
12.1433 12.2605 26.4215 24.0143 9.37686 7.8963 7.88724 
12.5025 11.7573 27.6802 23.2612 9.19004 7.80667 7.80214 
13.1084 10.5929 28.983 22.6306 8.88073 7.90334 7.90107 
12.7324 11.3309 29.2903 22.6659 8.31968 7.83098 7.82985 
13.6871 11.7402 28.1966 22.3921 8.36545 7.80957 7.809 
14.2103 11.5128 27.7346 22.6381 8.25796 7.82328 7.823 
13.1445 11.0935 29.1763 22.4145 8.48291 7.84422 7.84408 
13.2687 10.9039 28.4274 23.112 8.40812 8.08878 7.79109 
14.8362 10.657 26.0434 24.332 8.30501 7.98761 7.83876 
13.7047 10.5916 29.2498 22.5461 8.09987 7.94117 7.86675 
14.6236 10.5744 27.8214 23.1499 8.00888 7.92953 7.89232 
14.7745 9.91407 28.0898 23.6645 7.88504 7.84536 7.82676 
16.0763 9.83509 27.0022 23.4176 7.90593 7.8861 7.87679 
17.4304 9.19931 27.5895 22.3442 7.82037 7.81045 7.8058 
18.9716 8.60607 27.2563 21.4285 8.23711 7.75138 7.74905 
19.0176 9.31976 28.5111 19.7443 7.96471 7.72184 7.72068 
19.6278 9.27297 28.2436 19.2472 8.14902 7.72997 7.72939 
19.33 9.15262 28.4767 19.301 8.26806 7.73595 7.73566 
19.2119 9.43068 29.7723 18.0647 8.01752 7.75147 7.75133 
19.9508 9.26079 28.836 18.4368 7.92726 7.79423 7.79416 
21.3902 8.97123 28.4051 17.9001 7.82215 7.75564 7.7556 
22.0957 8.55728 28.8605 16.279 8.6342 7.78661 7.78659 
21.2789 8.56907 29.1167 17.0504 8.2775 7.8537 7.85369 
20.5494 8.93919 28.5223 17.3841 8.94355 7.83076 7.83075 
21.2747 9.80293 29.4278 14.692 8.97178 7.91538 7.91538 
19.3832 9.68694 29.5654 16.752 8.77632 7.91808 7.91808 
19.722 10.3146 26.9408 18.7103 8.4915 7.91041 7.91041 
17.9736 11.2831 27.8744 18.4611 8.55039 7.92872 7.92871 
16.6139 10.3873 28.005 20.417 8.85146 7.86266 7.86266 
16.4503 10.894 27.6833 20.4691 8.82313 7.84013 7.84013 
16.6144 10.4806 29.4457 18.9594 8.94176 7.77912 7.77912 
19.4368 9.72533 27.3474 19.2804 8.45759 7.87627 7.87627 
20.099 9.36093 26.8225 19.6748 8.20804 7.91738 7.91738 
19.6958 8.53899 29.81 18.3583 7.96254 7.81721 7.81721 
19.4763 8.49247 29.7698 18.4697 8.20424 7.79374 7.79374 
19.5421 8.658 29.7542 18.3852 8.02369 7.81844 7.81844 
21.834 8.87445 28.6883 16.5352 8.5573 7.75537 7.75537 
21.4242 9.50969 29.0181 16.0575 8.26416 7.86319 7.86319 
21.7121 8.75485 28.509 17.0287 8.13208 7.9316 7.9316 
21.3918 9.02028 27.8259 17.9787 7.99461 7.89437 7.89437 
21.2222 9.24698 30.4042 15.4806 7.85695 7.98227 7.80683 
21.6479 8.46964 31.0884 15.2654 7.94186 7.83729 7.74957 
20.753 9.19936 30.6151 15.966 7.87164 7.81935 7.77549 
21.2461 9.8533 27.9887 17.2221 7.92133 7.89518 7.87325 
20.2659 9.03379 27.3872 19.5039 8.06781 7.87616 7.8652 
19.1806 9.12007 28.1381 19.752 8.00216 7.90634 7.90085 
19.0209 9.36431 29.3715 18.061 8.44948 7.86776 7.86502 
20.2122 8.89268 29.9489 16.2235 9.13702 7.79353 7.79216 
21.7454 8.87257 29.4007 15.4888 8.8308 7.83119 7.83051 
22.3118 9.23333 28.907 15.4935 8.47444 7.79013 7.78979 
21.6822 8.752 29.3031 16.0174 8.56053 7.84244 7.84226 
21.6608 8.6383 29.2417 16.3694 8.37863 7.85564 7.85556 
22.4113 9.09856 28.2238 16.6406 8.04961 7.78812 7.78807 
22.8495 8.8301 28.153 16.5395 7.96316 7.83241 7.83239 
23.5571 9.01064 28.0471 15.9903 7.84187 7.7765 7.77649 
23.0462 9.78701 28.9883 14.8614 7.79418 7.76149 7.76148 
24.6409 9.07601 27.9923 14.655 7.88948 7.87314 7.87314 
22.499 8.82372 30.2461 14.8275 7.87331 7.86514 7.86514 
21.5998 9.0297 30.8874 14.7386 7.91755 7.91346 7.91346 
21.265 9.16601 27.4592 18.4158 7.83474 8.0265 7.8327 
19.7743 8.68748 28.8415 19.096 7.83528 7.93116 7.83426 
21.1372 8.80803 29.0636 17.4051 7.84621 7.89415 7.8457 
22.6375 8.61857 28.5165 16.3654 8.13767 7.97006 7.75427 
23.296 8.68191 28.3267 15.7873 8.06123 7.97743 7.86953 
22.9383 8.57483 27.2682 16.3614 8.86932 8.02097 7.96702 
21.5032 9.38945 26.5593 17.1943 9.5367 7.92205 7.89508 
22.0356 8.97488 28.2602 15.7956 9.24306 7.85208 7.83859 
22.7036 9.08514 28.881 15.1775 8.64452 7.75746 7.75071 
23.723 9.18175 27.6708 15.1489 8.61779 7.83062 7.82725 
25.0281 8.59087 27.3354 14.9078 8.3089 7.91531 7.91362 
23.9532 8.53898 29.7194 14.096 8.02899 7.83219 7.83135 
24.3163 8.11564 28.4815 15.7018 7.86065 7.76225 7.76183 
22.3277 7.95613 30.1729 16.156 7.82863 7.77943 7.77922 
22.3638 7.97806 28.6865 16.878 8.11431 8.08972 7.88961 
24.4511 8.2198 28.7663 14.9775 7.90331 7.89101 7.79096 
25.0696 8.23834 29.3679 13.452 8.0801 7.92104 7.87101 
24.2995 8.89858 30.1251 12.976 8.08417 7.82081 7.7958 
26.6952 8.44929 28.6989 12.3062 8.04208 7.91041 7.8979 
26.8564 8.25973 28.7354 11.7671 8.75788 7.81485 7.8086 
26.997 8.03321 28.3082 12.3891 8.65403 7.81077 7.80765 
26.3716 7.93452 30.572 11.2319 8.24493 7.8233 7.82173 
24.9205 8.21896 31.1023 12.0785 8.03403 7.82321 7.82243 
25.496 8.39519 30.194 12.1107 8.12416 7.84018 7.83979 
26.5856 8.44114 28.9347 12.5129 7.93662 7.79463 7.79443 
27.5785 8.08157 28.56 11.8549 8.21541 7.95137 7.75822 
26.7342 8.57153 29.3285 11.7527 7.9912 7.85918 7.76261 
26.7233 8.22412 29.2191 12.212 7.93396 7.86795 7.81966 
26.695 8.11206 28.6095 12.7726 7.96698 7.93397 7.90983 
28.9164 8.39735 28.8257 10.2785 7.8757 7.8592 7.84713 
28.7439 8.41113 28.6986 10.4506 8.15031 7.77575 7.76972 
29.137 8.06462 29.45 9.9233 7.93421 7.74694 7.74392 
28.5949 8.15772 29.7415 9.4171 8.42255 7.83386 7.83236 
28.7663 8.47447 29.8891 9.10415 8.24058 7.76309 7.76233 
28.1289 8.18912 30.9239 9.01943 8.07218 7.83343 7.83306 
27.2223 8.12965 29.6725 11.5273 7.89574 7.77637 7.77618 
24.6309 8.34114 29.8033 13.4939 8.05971 7.83555 7.83546 
25.2368 8.29042 28.1976 14.6121 7.96244 7.85036 7.85031 
25.0285 8.10204 29.3865 13.7809 7.93805 7.88201 7.88199 
24.9684 8.44663 29.3453 13.8501 7.81518 7.78716 7.78715 
24.9842 8.52019 30.6883 12.0032 8.00915 7.99514 7.79982 
25.3223 8.41104 29.6838 12.7941 7.96684 7.95984 7.86218 
24.9095 8.40015 29.2714 13.6118 8.17805 7.83898 7.79015 
24.4918 8.64452 29.6357 13.6577 7.97791 7.80838 7.78396 
26.0716 8.67832 28.833 12.5107 8.15562 7.88146 7.86925 
24.7767 8.7926 28.3841 13.7452 8.32882 7.98931 7.98321 
22.9056 8.70665 28.1576 16.0105 8.30234 7.96017 7.95712 
21.493 8.77099 28.3358 16.8406 8.36804 7.99615 8.19543 
21.2829 8.40849 28.3442 17.9989 8.20701 7.82949 7.92913 
22.2543 8.07521 28.3656 17.7091 7.97447 7.78571 7.83553 
23.7198 7.92649 28.9976 15.8916 7.87612 7.78175 7.80666 
22.6238 8.12991 29.9502 15.5847 7.93112 7.88393 7.89638 
22.4961 8.83469 28.7909 16.1805 7.91293 7.88933 7.89556 
22.339 9.50826 27.6682 16.6357 7.95646 7.94467 7.94778 
22.3416 8.60028 28.4861 16.7428 8.19069 7.81849 7.82004 
21.6971 8.33523 29.6816 16.4416 8.30587 7.76889 7.76967 
20.7125 8.41931 30.1469 17.0643 8.0645 7.79601 7.7964 
20.4753 9.16997 29.1608 17.0639 8.39733 7.86626 7.86645 
19.5872 8.65003 29.2145 17.475 8.67021 8.20142 8.20152 
20.164 8.2139 30.348 16.7005 8.59436 7.9896 7.98965 
19.682 8.50695 28.374 18.7502 8.69718 7.9948 7.99482 
20.5553 9.08541 28.6828 16.7281 8.55027 8.19908 8.19909 
21.3242 9.19387 28.1011 16.8912 8.3449 8.16931 7.97552 
20.423 10.1746 28.5924 16.4137 8.35572 8.06872 7.97182 
23.6173 9.07282 28.0643 14.7286 8.52569 8.01987 7.97142 
23.8988 9.45444 27.5567 14.1266 8.77104 8.10829 8.08407 
25.2827 9.4331 27.6999 13.3378 8.30709 7.97572 7.9636 
24.1476 9.52827 28.7035 12.7358 8.54685 8.17196 8.1659 
23.5973 9.25632 30.3674 12.032 8.5703 8.18754 7.9892 
23.4967 8.96778 29.9007 12.9971 8.43609 8.24471 7.95686 
23.1942 10.1064 28.8058 13.5267 8.23411 8.13842 7.9945 
23.1355 9.47627 28.826 14.4556 8.15552 8.10767 7.8434 
24.2631 9.03501 29.2567 13.4778 8.17932 7.96009 7.82795 
22.2878 8.81438 30.8393 14.1608 8.19122 7.88629 7.82023 
23.1692 9.04854 28.7108 14.4644 8.31502 8.16256 8.12952 
23.2225 9.26565 26.4244 15.4218 8.89889 8.39162 8.37511 
21.3491 9.31447 27.8189 16.8869 8.38203 8.1284 8.12014 
22.72 9.65724 27.7731 13.898 8.73647 8.60965 8.60552 
25.1531 9.57 27.0331 12.1214 8.8941 8.61517 8.61311 
24.9361 9.84118 28.6851 11.3042 8.5669 8.24017 8.4264 
25.3252 9.81855 28.016 11.7745 8.36508 8.20172 8.49892 
24.9577 9.62239 27.1228 12.8545 8.69074 8.19922 8.55274 
24.4107 9.54604 26.819 14.5712 8.32264 8.07688 8.25364 
22.6796 9.71373 28.034 14.9931 8.31152 7.99101 8.27702 
22.0016 9.26863 30.1935 14.6657 8.01605 7.8558 7.9988 
23.9707 8.58168 28.0667 15.4155 8.14337 7.87527 7.94677 
22.8121 8.62155 30.3719 14.007 8.40239 7.87464 7.91039 
22.9445 9.16907 29.356 13.6837 8.85707 7.9859 8.00378 
21.3913 9.64527 27.8359 15.9511 8.88197 8.04153 8.2529 
21.3256 8.95649 28.0912 16.0464 9.1654 8.35148 8.06346 
18.9961 9.26991 28.8373 16.7732 9.37436 8.3424 8.40673 
22.575 9.82726 27.3032 15.1174 9.11026 8.01736 8.04952 
21.9432 9.83166 28.4057 14.9357 8.65349 8.10704 8.12312 
22.7477 9.74209 27.5233 15.3829 8.57385 8.10757 7.92256 
22.4849 9.78557 26.7958 15.5974 8.7741 8.32729 8.23479 
23.9876 9.20651 27.9077 14.2693 8.5047 8.08521 8.03896 
21.1356 10.0137 27.7598 16.8361 8.35683 7.96052 7.93739 
22.951 10.3807 24.8612 15.6611 8.85131 8.65316 8.64159 
23.8608 10.2362 24.5866 14.4819 9.01281 8.91373 8.90795 
24.0703 10.4679 26.4908 12.7965 9.03315 8.57209 8.5692 
25.3044 10.0416 28.4377 11.3983 8.55504 8.1322 8.13076 
24.1441 9.45631 29.1382 12.3524 8.713 8.09836 8.09764 
24.5721 9.72815 28.7999 12.5223 8.58727 7.89533 7.89497 
22.7107 9.30423 29.4579 14.3693 8.54074 7.80867 7.80849 
23.0489 8.68437 30.6563 13.4346 8.30263 7.93659 7.9365 
23.3115 9.28515 29.5867 13.7515 8.14371 7.96069 7.96065 
22.0518 8.76799 30.965 14.3015 8.03225 7.94074 7.94072 
22.4545 8.87379 29.5641 14.4977 8.30184 8.25609 8.05199 
22.3593 8.58784 28.367 16.3055 8.30186 8.09031 7.98826 
21.3246 8.46059 27.9516 17.9353 8.13644 8.03066 8.1608 
23.2146 9.04201 26.3189 16.2898 8.67073 8.19943 8.2645 
22.6433 9.25073 25.9973 16.0278 8.83987 8.60422 8.63675 
23.265 9.28124 27.3711 14.4916 8.87338 8.35069 8.36696 
24.0292 9.5993 27.5285 13.2376 8.98214 8.30758 8.31571 
24.0909 9.03694 29.0185 11.7035 9.15209 8.60294 8.39514 
23.1565 8.83946 28.9125 13.4649 8.89703 8.4167 8.3128 
21.8957 9.18163 28.5436 14.669 9.01201 8.1766 8.52148 
20.7153 9.7071 27.295 15.0089 9.62228 8.73946 8.9119 
22.9158 9.50471 24.3452 15.644 9.4623 9.02089 9.10711 
21.4196 9.7332 25.9657 16.6343 8.94571 8.53344 8.76812 
21.0702 9.3711 26.0459 16.6505 8.97736 8.99645 8.88856 
20.3437 9.70948 24.9847 16.9377 9.5126 9.28291 9.22897 
20.8714 9.99877 25.4553 16.4935 9.69457 8.75668 8.72971 
14 14 14 14 14 14 14 
12.4025 14.7331 17.5932 16.1102 13.6737 13.4619 11.0254 
12.8679 17.2624 19.5258 15.8676 13.816 10.6893 9.47105 
12.271 18.7633 18.9039 18.5065 13.1855 9.41952 8.70028 
12.5981 17.6583 19.3159 20.4777 12.8286 8.67802 8.31839 
10.4566 17.4725 21.4741 20.961 12.9789 8.49656 8.09793 
10.1196 16.9971 22.6936 21.1327 12.9025 8.16132 7.96201 
9.63646 17.423 23.4749 21.8936 11.7144 7.97082 7.87116 
9.51622 20.1209 21.0216 21.7969 11.7856 7.9004 7.85057 
9.77994 21.0867 20.882 20.7238 11.788 7.88033 7.85542 
9.96898 19.3469 21.0505 21.7614 12.1017 7.8905 7.87805 
10.5155 18.7443 21.0341 22.8276 11.0287 7.92755 7.92132 
10.8491 17.7592 20.8396 22.3816 12.2886 7.94227 7.93916 
9.85915 18.7466 21.6172 20.6143 13.2396 7.96227 7.96071 
9.48513 18.3733 22.253 20.5294 13.3976 7.98113 7.98035 
8.81496 16.7658 24.8143 20.1063 13.5992 7.94984 7.94945 
9.21733 17.7789 25.3825 19.3373 12.5043 7.88991 7.88972 
10.0808 17.1512 23.9574 20.3982 12.5826 7.91491 7.91481 
10.1806 18.1551 21.6749 21.6477 12.4829 7.92942 7.92937 
9.27531 17.5577 22.7317 22.3877 12.0785 8.0396 7.92944 
9.17305 15.7479 23.8659 22.9195 12.3445 8.0021 7.94702 
8.80875 15.3184 24.7107 21.9042 13.2834 8.00105 7.97351 
8.63431 15.9021 22.876 22.2319 14.5593 7.90508 7.89131 
8.72892 15.5303 23.5421 22.4282 13.9538 7.91182 7.90493 
9.35258 16.435 20.6784 23.8032 13.984 7.87515 7.87171 
11.0952 15.6499 22.2761 21.361 13.8614 7.87902 7.87729 
10.7698 17.2694 22.1381 20.4583 13.4863 7.93951 7.93865 
11.1403 16.5484 22.2201 20.9006 13.3378 7.92659 7.92616 
11.0737 16.3538 21.7658 20.2864 14.6315 7.94456 7.94434 
11.829 15.0308 22.793 20.2555 14.282 7.90486 7.90476 
10.3228 14.36 23.9255 21.1487 14.4496 7.89675 7.89669 
12.4674 13.9151 23.8349 19.4784 14.4166 7.94381 7.94378 
11.4269 15.774 22.1832 21.3334 13.3677 7.95741 7.9574 
11.589 15.0299 21.8059 22.0722 13.7115 7.89576 7.89575 
10.5136 15.7172 21.8018 21.5979 14.6086 7.88046 7.88046 
9.52377 17.049 21.623 21.1928 14.8535 7.87896 7.87896 
11.1474 16.1148 21.0525 21.6808 13.9328 8.15635 7.91538 
12.8796 16.1624 22.2842 20.5436 12.1034 8.07361 7.95313 
11.9049 17.2673 22.4212 18.7602 13.7261 7.99029 7.93005 
11.8348 16.7513 22.3871 19.4977 13.5689 7.99515 7.96503 
10.4105 15.9793 23.9815 20.924 12.8905 7.91462 7.89956 
9.96715 16.442 23.4193 20.9382 13.469 7.88588 7.87835 
11.4121 16.7925 22.9001 20.7072 12.4488 7.87151 7.86775 
11.3665 15.9434 24.5397 19.5517 12.0027 8.77066 7.82538 
12.1624 17.0182 22.661 20.7783 11.2581 8.29731 7.82467 
11.2577 16.5091 23.9188 21.9186 9.86433 8.61924 7.91234 
11.4071 16.3913 25.9924 20.2753 9.885 8.20113 7.84768 
12.0585 15.8695 24.8667 21.7684 9.49885 8.0574 7.88067 
10.9571 16.1078 24.9334 21.3409 10.759 7.99505 7.90668 
9.6549 17.4507 23.6036 21.8073 11.644 7.94184 7.89766 
9.56679 17.1377 24.1241 21.0932 12.3386 7.88087 7.85878 
9.206 17.9054 23.4871 20.9889 12.6804 7.87164 7.86059 
8.603 18.0115 24.2141 20.8474 12.3402 8.05347 7.9303 
8.63885 18.4034 22.7095 21.8695 12.4351 8.00264 7.94105 
8.22186 18.2261 23.7938 22.2762 11.7054 7.90376 7.87297 
8.65639 18.0843 24.8155 20.7075 11.9532 7.89925 7.88385 
8.52572 17.6841 25.6176 21.9587 10.421 7.90024 7.89254 
9.10548 16.8324 25.3996 21.6331 10.9006 8.18741 7.94143 
10.7562 16.4807 25.2308 20.618 10.9094 8.06393 7.94094 
10.1226 16.6345 26.2407 21.6229 9.59093 7.92491 7.86341 
10.3052 15.0246 27.5106 21.4212 10.0394 7.86489 7.83415 
9.6429 14.0657 26.6194 22.9679 10.7236 8.18002 7.80057 
9.96499 13.1333 26.348 24.283 10.3857 8.03738 7.84765 
9.67 12.9469 27.2365 23.73 10.6616 7.92494 7.83008 
8.99148 13.1972 26.3322 24.8235 10.5875 8.2412 7.82702 
10.4236 14.2017 24.8929 24.3963 10.0618 8.11544 7.90835 
9.67829 13.1802 24.8534 24.8532 11.4825 8.02795 7.9244 
9.99502 12.945 24.4171 24.417 12.336 7.97081 7.91903 
11.1308 12.6059 26.3419 22.3418 11.6347 7.9854 7.95952 
11.0762 12.0825 26.343 23.8053 10.7904 8.02496 7.87761 
11.0228 12.6739 26.1817 24.1476 10.1146 7.96656 7.89289 
11.5553 12.9304 25.1788 25.398 9.04082 7.9668 7.92996 
11.3182 13.6273 25.2921 25.2665 8.7096 7.90232 7.8839 
12.1578 12.384 23.9193 25.7632 9.92509 7.92994 7.92073 
12.2617 12.106 24.8629 25.2472 9.80126 7.86282 7.85821 
11.2737 12.9101 26.0029 24.3379 9.61491 7.93141 7.92911 
10.9529 11.1964 27.944 25.531 8.68677 7.84502 7.84386 
11.5086 11.2282 27.1087 25.5001 8.90102 7.94396 7.80933 
12.7571 11.7766 27.7 23.1142 8.9323 7.89355 7.82623 
12.2119 11.9994 28.1556 23.3627 8.63282 7.83566 7.80201 
14.6138 10.7117 27.4286 23.3305 8.24311 7.84453 7.8277 
13.1728 11.3615 28.0998 22.1401 9.14949 8.25188 7.82447 
13.8372 10.6656 28.5514 22.0973 8.95541 8.05343 7.83973 
13.4342 10.9985 28.7233 21.5302 8.58535 8.84258 7.88587 
13.2924 10.2938 30.937 20.9021 8.26528 8.39389 7.91554 
14.1175 10.1756 30.2673 21.0832 8.01195 8.50729 7.83708 
14.9683 10.3138 28.2693 22.406 7.96078 8.20845 7.87334 
15.5622 9.89228 28.8979 21.9272 7.88011 8.00395 7.83639 
15.3173 8.85918 30.391 21.6883 7.99803 7.91502 7.83124 
15.1367 10.1481 28.0987 21.6946 9.13098 7.91645 7.87456 
15.0063 11.5479 25.6196 22.693 9.24868 7.95272 7.93177 
15.515 10.9668 26.0145 20.8421 11.0042 7.83393 7.82345 
13.8587 10.8405 28.7811 20.9865 9.96637 7.78601 7.78077 
16.0586 10.1956 28.4355 19.6225 10.0394 7.82559 7.82297 
15.7216 10.9439 28.6793 18.5805 10.2505 7.91279 7.91149 
15.7973 10.8688 28.9428 18.814 9.7284 7.92465 7.924 
16.9348 10.1031 28.9292 19.0456 9.23167 7.87799 7.87766 
15.5245 11.0575 28.879 20.3336 8.51974 7.8429 7.84273 
15.0757 10.4541 30.4097 19.8683 8.58823 7.80205 7.80196 
15.9681 10.0236 29.449 20.1086 8.79993 7.82544 7.8254 
15.4024 9.31446 31.3417 19.8466 8.4059 7.91866 7.77027 
16.7374 9.77771 28.9239 19.5618 9.32343 7.87499 7.8008 
18.1927 8.99443 27.9517 19.4583 9.64705 7.89644 7.85934 
18.5765 9.8489 27.2786 19.5151 8.95197 7.92375 7.90521 
17.3324 9.97177 27.8349 20.3254 8.73466 7.9051 7.89582 
16.747 9.86804 27.8905 20.6004 9.24948 7.8246 7.81996 
16.3423 10.0903 28.0078 21.3939 8.53099 7.81855 7.81623 
15.6946 9.90407 26.6998 23.7064 8.34073 7.82777 7.82661 
16.1807 8.95203 27.5166 22.5199 9.0037 7.91389 7.91331 
16.4485 8.65512 29.5792 21.2599 8.38245 7.83754 7.83725 
16.1682 9.62351 28.8083 21.6892 8.0853 7.81285 7.81271 
17.7467 8.95286 30.3551 19.1268 8.03038 7.89416 7.89408 
16.1518 9.06504 29.7345 21.2723 7.97089 7.90277 7.90274 
15.9864 8.41312 29.1956 21.6809 9.06007 7.83198 7.83197 
16.3803 9.69043 28.1462 21.8082 8.401 7.78696 7.78695 
15.8568 10.0119 27.2398 22.4041 8.7005 7.89348 7.89348 
16.6511 10.3019 27.7943 20.5478 9.02315 7.84082 7.84082 
16.7946 9.87407 28.8809 20.0459 8.7461 7.82921 7.8292 
16.7834 9.68387 28.3645 21.0989 8.32875 7.8703 7.8703 
17.1219 9.44511 28.9442 20.5495 8.13263 7.9034 7.9034 
17.5479 10.2781 27.7074 19.7519 8.80488 8.03667 7.87327 
18.096 9.88482 27.9215 19.5369 8.80922 7.91664 7.83494 
17.3238 9.77 28.6159 19.9409 8.54254 7.92384 7.88299 
17.9387 9.75921 28.3017 20.0333 8.20209 7.89274 7.87231 
19.8085 9.42506 29.011 18.0586 8.12202 7.79252 7.78231 
19.8068 8.77097 29.1159 18.7696 7.95712 7.79236 7.78726 
20.7587 8.49733 28.0448 19.0887 7.92593 7.84355 7.841 
19.9947 8.96894 29.9315 17.5863 7.98394 7.76793 7.76665 
20.297 8.97885 27.138 19.4673 8.48635 7.81655 7.81591 
20.8369 8.65609 28.6052 17.5235 8.591 7.89378 7.89346 
18.4057 9.12038 29.7978 18.5062 8.28911 7.9405 7.94034 
19.1685 9.37119 29.6755 17.8441 8.09645 7.92214 7.92206 
20.0452 8.94091 28.1356 19.0285 8.12624 7.86178 7.86174 
20.3786 8.67758 28.1455 19.223 7.94661 7.81438 7.81436 
19.3109 8.73068 29.2754 18.7331 8.3652 7.79233 7.79232 
19.6555 8.80978 28.7118 19.1814 8.07149 7.78505 7.78505 
21.7325 8.65659 29.492 16.5635 7.94731 7.80409 7.80409 
19.8451 9.08182 30.591 16.7324 8.19901 7.77528 7.77528 
20.7139 8.85746 28.9646 17.7187 8.05634 7.84448 7.84448 
20.3916 8.58098 27.8041 19.413 8.00741 7.90148 7.90148 
22.0169 8.2841 27.9596 17.8535 7.99731 7.94435 7.94435 
22.7941 8.24919 28.9798 16.2482 7.92723 7.90075 7.90075 
21.9605 8.70206 29.1026 16.3987 8.18897 7.82361 7.82361 
20.4718 10.1137 29.975 15.318 7.99279 7.81011 8.31859 
20.8976 9.46864 29.1419 16.4825 8.04051 7.94917 8.01959 
19.2936 10.691 27.9284 17.086 8.8939 8.12621 7.98091 
19.4188 9.58003 30.088 16.6863 8.35575 7.9719 7.89925 
20.2012 9.21624 28.8145 17.8514 8.1123 7.92038 7.88405 
19.6006 8.60812 27.7406 20.0923 8.05615 7.96019 7.94203 
18.6139 8.20237 28.4466 21.0631 7.92638 7.8784 7.86932 
19.2396 7.97324 28.028 21.306 7.83524 7.81125 7.80671 
19.5501 7.99359 28.8224 20.4091 7.75037 7.73838 7.73611 
19.639 7.90836 29.2071 19.8984 7.78675 7.78075 7.77962 
20.0137 7.83767 29.8139 19.0107 7.77687 7.77387 7.7733 
21.0613 8.17054 27.8321 19.5394 7.8 7.7985 7.79822 
23.5828 8.30214 28.1731 15.7938 8.11687 8.11612 7.91517 
24.9062 8.08549 29.0046 14.1264 7.99286 7.99249 7.89201 
25.8885 8.29445 27.4275 14.7163 7.90799 7.90781 7.85757 
26.2654 7.97934 30.5021 11.9202 7.78611 7.78602 7.7609 
26.6327 7.98967 30.0844 11.6268 7.89306 7.89301 7.88045 
28.1253 7.97573 27.9403 12.1828 7.92742 7.9274 7.92112 
27.2979 8.2158 29.4113 11.4223 8.00783 7.82399 7.82085 
27.5982 8.45573 29.0172 11.1459 7.98942 7.8975 7.89593 
28.4951 8.61976 28.6978 10.6405 7.87985 7.83389 7.8331 
25.3324 9.73441 28.9715 10.0372 8.6569 8.63392 8.63353 
25.6449 9.33529 29.3794 9.48671 9.0093 8.57228 8.57209 
27.0117 8.55278 30.737 8.79741 8.55871 8.17128 8.17118 
26.5573 9.0558 29.7067 10.6487 8.13965 7.94593 7.94588 
26.4757 9.17474 29.9091 10.7147 7.97317 7.87631 7.87629 
26.4954 8.94343 28.5909 11.6073 8.53204 7.91543 7.91542 
25.7938 8.89976 29.6091 11.8922 8.14056 7.83225 7.83225 
26.0649 8.83919 29.1175 12.053 8.26875 7.73292 7.92376 
26.9637 8.80891 29.2534 10.9883 8.52369 7.68325 7.77867 
26.5853 8.88721 28.4198 11.8735 8.57219 7.80714 7.85485 
25.5942 9.80075 28.4956 11.4923 8.45276 8.26865 7.89568 
25.1428 9.42712 28.4453 12.1247 8.54737 8.24955 8.06307 
25.7195 8.97282 29.2227 11.4327 8.71813 8.01366 7.92042 
24.6918 9.44824 28.5426 12.3958 9.13006 7.82363 7.96784 
24.0868 9.58242 29.0486 12.2708 9.01847 7.9604 8.03251 
26.4629 8.91106 29.5056 10.6298 8.62909 7.91278 7.94884 
27.2783 8.46891 30.3046 10.1644 8.1607 7.80255 7.82057 
25.7603 8.21173 31.0614 11.1428 8.05762 7.87855 7.88756 
24.2701 8.54602 28.4651 14.6448 8.46896 7.80028 7.80478 
25.8503 8.26606 28.6423 13.2252 8.22754 7.89319 7.89545 
26.8141 8.57748 28.5804 12.3533 8.00266 7.83549 7.83661 
26.0993 8.3272 27.7517 14.0613 8.2321 7.7639 7.76446 
24.9365 8.6919 28.5928 13.4457 8.07831 8.41025 7.84449 
24.117 8.46781 30.6047 12.4576 8.34023 8.14778 7.8649 
24.2948 9.50817 26.6947 13.4018 9.44438 8.50427 8.15186 
25.5303 8.8433 28.2173 12.463 8.81141 8.15548 7.97928 
24.908 9.24308 29.6443 11.9458 8.33428 8.00631 7.91821 
26.3734 8.83399 29.4742 11.4674 8.19644 7.84931 7.80526 
27.3171 8.4025 30.1356 10.2627 8.08373 7.91016 7.88814 
27.2492 8.89924 28.8262 11.5072 7.90092 7.81414 7.80313 
28.0343 8.96351 27.7812 11.4828 7.94352 7.90013 7.89462 
26.0472 8.42912 29.6801 12.1324 7.91913 7.89743 7.89468 
26.2402 8.51392 28.8528 11.7987 8.73663 7.92961 7.92823 
25.3842 8.21923 28.0113 13.0691 9.46266 7.92707 7.92638 
26.6853 8.03453 28.6814 12.166 8.65624 7.88845 7.8881 
25.2657 8.05573 31.4561 11.083 8.55889 7.79038 7.79021 
27.1753 8.76642 29.2901 10.9336 8.20101 7.81676 7.81667 
26.6385 8.28152 29.2213 12.2465 7.99881 7.80668 7.80664 
27.9451 8.05232 29.0665 11.3954 7.91097 7.81491 7.81489 
29.2459 7.88468 28.8419 10.6816 7.81401 7.76597 7.76596 
27.3889 8.55227 30.3784 10.3053 7.80771 7.7837 7.78369 
28.5593 8.16127 30.7297 9.0378 7.95791 7.77698 7.77698 
28.8759 8.42846 28.8742 10.4195 7.86094 7.77048 7.77048 
28.5684 8.3809 29.4733 9.91991 7.91598 7.87075 7.87075 
27.873 8.37163 30.2419 10.1864 7.79074 7.76813 7.76813 
28.4755 8.26383 30.0146 9.70315 7.97339 7.78477 7.78477 
29.2528 8.03582 30.3226 8.90563 7.8906 7.79629 7.79629 
28.2133 8.36574 29.4729 10.2499 7.93081 7.88365 7.88365 
28.3678 8.13476 29.6849 10.1078 7.91729 7.89372 7.89372 
28.0453 8.85286 29.5289 9.83937 7.91904 7.90725 7.90725 
28.5227 8.42643 29.4311 9.75302 7.95952 7.95363 7.95363 
28.3291 8.11152 29.4613 10.4697 7.87807 7.87512 7.87512 
28.0718 8.02927 29.4658 10.5329 8.07811 7.91107 7.91107 
28.6055 7.98814 29.3024 10.2333 8.01256 7.92904 7.92904 
26.8027 7.97958 31.1367 10.1891 7.99179 7.95003 7.95003 
28.0272 8.07142 30.3643 9.6864 8.07753 7.88658 7.88658 
26.8708 8.00397 31.2139 10.0813 8.00702 7.91154 7.91154 
26.06 8.15481 30.8893 11.0207 7.99022 7.94248 7.94248 
27.1938 8.51426 29.0965 11.4831 7.92002 7.89616 7.89616 
26.342 8.3421 29.581 12.1141 7.88158 7.86965 7.86965 
25.0177 8.17802 29.9473 13.5483 7.77354 7.76758 7.76758 
25.7956 7.93516 28.9596 14.1168 7.73293 7.72994 7.72994 
24.7128 7.90594 30.062 13.9077 7.80482 7.80333 7.80333 
24.6753 7.93848 29.8861 13.8379 7.88792 7.88717 7.88717 
23.0138 7.88383 29.8897 15.6378 7.85855 7.85818 7.85818 
24.5584 7.98603 29.8345 14.2527 7.78957 7.78938 7.78938 
23.6854 8.36802 30.8548 13.6889 7.80103 7.80094 7.80094 
24.2541 8.26202 29.0799 14.8232 7.97853 7.80118 7.80118 
25.316 8.65857 28.7132 13.3171 8.31997 7.8376 7.8376 
25.4031 8.25085 28.7357 13.8481 8.08156 7.84037 7.84037 
26.8807 8.04334 28.5469 12.7076 8.14526 7.83809 7.83809 
25.4175 8.39429 30.4332 11.677 8.25514 7.91144 7.91144 
23.8199 8.45641 30.7721 12.5052 8.57201 7.84461 8.0298 
25.0134 8.53855 29.1792 13.1491 8.25152 7.88782 7.98041 
23.1294 8.66488 28.6922 15.9152 7.97192 7.79007 7.83636 
22.9372 9.03832 29.4441 14.8204 8.1036 7.8166 7.83975 
21.1756 10.5631 28.092 15.8351 8.81371 7.75445 7.76603 
20.5878 9.24382 29.329 16.5968 8.5578 7.83949 7.84528 
21.4908 9.25512 29.9155 15.0552 8.71905 7.78075 7.78364 
22.197 9.46627 29.9577 14.6243 8.23049 7.76134 7.76279 
22.9306 8.74077 30.4369 14.5641 7.93204 7.69747 7.69819 
22.3675 8.88166 29.8801 15.3647 7.91339 7.7961 7.79646 
23.8172 8.35542 30.2425 14.0881 7.87129 7.81264 7.81282 
24.4534 8.29957 28.7413 14.7501 8.05751 7.84897 7.84906 
23.5475 8.67809 29.8424 13.9788 8.1797 7.88675 7.8868 
24.1354 8.39809 30.0503 13.816 7.96439 7.81791 7.81794 
23.8522 8.7445 30.1767 13.8104 7.85425 7.78101 7.78102 
25.1791 8.99072 29.3454 12.5277 8.14399 7.90657 7.90658 
24.3083 8.98755 29.3211 13.2951 8.36887 7.85953 7.85954 
23.7954 9.45561 28.7827 13.5178 8.38291 7.9374 8.12824 
24.5392 8.69007 28.9197 13.5513 8.3424 7.93096 8.02639 
22.2243 9.54865 30.9757 11.3006 8.92233 8.49037 8.53808 
21.5064 9.97146 30.3624 13.3564 8.40382 8.18784 8.21169 
23.8806 9.61893 29.0808 13.2419 8.25596 7.95492 7.96685 
22.5286 9.71143 29.8345 13.8758 8.24563 7.89903 7.90499 
21.1502 9.60857 29.7462 14.9227 8.68555 7.94191 7.94489 
21.4878 9.16936 28.5636 15.3979 9.50151 7.93921 7.9407 
22.7594 8.65445 27.6539 16.0323 9.01432 8.03937 7.84632 
21.9919 8.81702 29.1331 14.9549 8.99696 8.10132 8.00479 
22.6279 8.40157 29.1499 15.29 8.49153 8.04371 7.99545 
20.8757 8.98166 29.9136 15.6131 8.62824 8.00592 7.98179 
21.394 8.8733 29.4986 15.5755 8.69659 7.98702 7.97496 
21.8081 8.91694 28.5486 16.2107 8.64937 7.93616 7.93013 
14 14 14 14 14 14 14 
15.7234 15.617 17.7447 13.1702 13.5957 12.2128 10.9362 
17.5533 14.4164 19.3349 15.2855 13.4058 10.0711 9.43284 
17.2024 14.3036 21.0865 16.512 12.9113 9.0267 8.70755 
15.0563 15.5763 21.9218 17.5558 13.0202 8.45208 8.29251 
14.5594 16.7167 21.1172 18.5993 12.7601 8.13229 8.0525 
13.6289 18.4491 20.7627 18.4833 12.6159 8.0344 7.99451 
12.737 18.7917 19.4929 19.9478 13.0278 8.00353 7.98359 
11.4967 18.1565 20.2166 18.9483 15.2746 7.95476 7.94478 
10.144 17.9794 20.9874 19.6939 15.3296 7.93342 7.92844 
10.1807 17.794 20.7111 18.9774 16.5778 7.87975 7.87726 
9.29292 16.4401 21.1314 20.8034 16.4786 7.92695 7.9257 
9.29499 17.5171 20.7698 20.1522 16.4026 7.93173 7.9311 
9.05001 15.8864 22.2298 21.1872 15.7484 7.94909 7.94878 
8.71927 14.0139 24.9118 22.6245 13.8345 7.94806 7.9479 
9.20877 15.1966 22.9085 23.489 13.275 7.9611 7.96102 
9.76922 14.6313 22.7729 23.6126 13.3408 7.93659 7.93655 
10.3902 15.5179 22.0606 22.8175 13.412 7.90088 7.90086 
11.0579 15.1704 22.0923 22.4707 13.3432 7.93274 7.93273 
10.1479 16.3612 22.1316 22.2053 13.369 7.89247 7.89246 
9.57846 15.8383 23.228 21.5756 14.0043 7.88768 7.88767 
10.229 16.4839 21.1047 21.7832 14.6411 7.87902 7.87902 
10.4263 17.2489 20.2521 21.1687 15.1727 7.86561 7.86561 
10.0995 18.0563 20.6942 20.1298 15.2 7.91008 7.91008 
9.21642 17.2489 22.6219 20.0874 15.0324 7.89648 7.89648 
9.19336 18.7773 22.228 19.214 14.8306 7.87837 7.87837 
9.83054 17.8519 23.5862 18.4043 14.6536 7.83674 7.83674 
10.0406 17.9237 23.1826 18.9972 14.0466 7.9047 7.9047 
8.91783 16.9796 22.6158 21.6367 14.1503 7.8499 7.8499 
8.88369 16.8969 22.5911 21.4378 14.2654 8.01787 7.90725 
8.94531 15.2614 23.1893 23.0746 13.7147 7.93503 7.87972 
8.85054 14.8888 22.0785 23.4036 15.0371 7.88457 7.85691 
8.5069 14.4739 23.0574 22.5862 15.5684 7.91054 7.89671 
9.33428 14.2808 24.4617 21.8012 14.3662 7.88137 7.87445 
9.36198 14.1827 25.259 21.5813 13.7559 7.93129 7.92784 
10.3436 13.7178 23.5934 22.2365 14.2273 7.94155 7.93982 
9.35734 15.23 23.9008 22.4304 12.996 8.1563 7.92919 
9.94183 15.3953 24.5362 22.1992 12.1044 7.96831 7.85475 
9.80962 15.1418 24.675 22.514 12.0075 7.95438 7.8976 
9.03525 17.0274 23.968 22.8874 11.3299 7.89023 7.86184 
9.22222 17.7041 24.1284 22.7129 10.4789 7.88385 7.86965 
8.88077 16.2678 24.9855 23.3789 10.7451 7.87451 7.86741 
9.70354 16.0286 25.0786 22.1014 11.4366 7.82741 7.82387 
9.06723 15.6256 24.7173 22.8774 11.9244 7.89497 7.8932 
9.50874 16.1461 22.3089 22.8815 13.3005 7.92759 7.9267 
10.8338 16.882 21.5763 21.6144 13.2259 7.93402 7.93357 
10.6149 13.8865 25.0208 22.8122 11.811 7.9274 7.92718 
10.1582 14.2816 26.0676 21.7295 11.8756 7.9438 7.94369 
10.8574 13.1549 26.7131 21.9496 11.5982 7.86341 7.86335 
12.241 14.0325 25.5673 20.3579 11.9688 7.91628 7.91625 
11.6217 13.251 25.3753 21.3036 12.4636 8.11462 7.87011 
12.0917 13.3989 26.1113 21.1198 11.4042 7.9982 7.87594 
10.7109 13.0392 28.3667 19.89 12.1614 7.94647 7.88534 
11.4559 12.9789 27.3412 20.9498 11.4635 7.9206 7.89004 
9.74256 13.6671 26.201 23.2486 11.4495 7.85324 7.83796 
11.2146 12.9281 25.4139 23.689 10.9486 7.90672 7.89908 
9.7951 13.6975 25.778 24.281 10.1697 8.39499 7.88355 
10.1607 12.7385 27.0494 24.4212 9.47084 8.33283 7.82649 
11.8336 12.603 25.3429 24.808 9.54061 8.06252 7.80935 
11.9217 13.2868 26.2744 24.0462 8.69188 7.95283 7.82624 
11.4487 13.1068 26.064 24.5841 9.10204 7.87885 7.81556 
12.7595 13.2117 26.0973 22.5935 9.57614 7.95953 7.80225 
13.2763 14.9802 26.1029 20.5332 9.34472 7.92065 7.84201 
12.8882 13.3725 28.125 20.1931 9.69687 7.88189 7.84258 
12.1732 13.5873 26.9531 21.9455 9.66614 7.8472 7.82754 
12.2735 13.1068 26.9867 21.5788 10.3886 7.83774 7.82791 
11.9809 13.8261 26.3505 21.9582 10.2592 7.81497 7.81006 
12.0161 13.8361 25.9957 21.8766 10.5142 7.88185 7.87939 
11.2777 13.1681 25.1302 22.8255 11.8748 7.86249 7.86126 
11.1201 14.2044 26.4689 22.7764 9.81439 7.80825 7.80764 
10.0472 14.1535 27.0806 22.4138 10.5482 7.87848 7.87818 
11.7769 14.2196 26.1377 21.2069 10.9884 7.83535 7.83519 
11.5514 13.7396 26.0523 23.1725 9.91409 7.78508 7.785 
10.8145 14.4926 26.9796 22.0514 10.125 7.76851 7.76847 
10.2072 15.9129 26.6898 22.359 9.0625 7.88425 7.88423 
9.03763 14.8093 27.4312 23.4892 9.48049 7.87614 7.87613 
10.2733 13.5427 27.0148 23.8929 9.4717 7.90226 7.90226 
10.8951 12.2489 27.131 25.1487 8.80888 7.88372 7.88371 
9.7293 12.8924 28.2064 24.1766 9.37682 7.80926 7.80926 
9.58906 13.6641 27.0953 24.9492 9.01912 7.84164 7.84164 
10.4397 12.2084 27.2573 25.2434 9.21386 7.81867 7.81867 
10.3587 11.6597 27.5176 26.3717 8.49582 7.79822 7.79822 
11.7477 11.5939 27.2977 25.6523 8.13531 7.78651 7.78651 
12.4641 11.6709 26.8293 24.7173 8.79545 7.76145 7.76145 
12.7963 10.5841 27.3812 24.9285 8.72733 7.79134 7.79134 
12.8637 10.3208 29.4952 22.6654 9.10505 7.77498 7.77498 
12.9415 10.7005 29.0135 23.1055 8.70765 7.76561 7.76561 
12.1773 11.1927 29.0448 23.6452 8.29404 7.82302 7.82302 
13.0719 10.9036 27.6509 23.6941 9.03529 7.82212 7.82212 
13.1731 11.3515 27.8372 23.204 8.64744 7.89336 7.89336 
12.7509 10.4703 27.8912 23.5198 9.5292 7.91928 7.91928 
12.6792 10.536 28.4155 23.9375 8.63279 7.9711 7.82784 
14.1946 10.555 27.1987 23.9023 8.24389 8.0641 7.84141 
14.5621 10.0662 27.8247 23.5005 8.20645 7.97571 7.86437 
14.1776 8.91243 27.2744 24.2502 9.70667 7.86717 7.81149 
14.5807 8.85361 27.8066 22.8743 10.2279 7.84238 7.81454 
14.4799 9.32876 28.6092 22.7117 9.19893 7.84276 7.82884 
15.4443 8.84395 29.4749 22.1917 8.46944 7.79135 7.78439 
15.3073 8.91114 28.9789 22.3962 8.87868 7.76564 7.76216 
15.9318 9.25689 27.9001 22.1252 9.0751 7.85633 7.85459 
14.963 9.43894 28.6731 21.8498 9.34805 7.86403 7.86316 
16.5005 10.0992 28.4188 19.7857 9.42086 7.88771 7.88727 
16.7408 9.29489 28.6748 20.8991 8.64125 7.87467 7.87445 
15.9671 10.7248 27.459 22.0518 8.18803 7.80474 7.80463 
17.4348 11.1551 27.1441 20.1722 8.36231 7.86578 7.86573 
18.0616 10.8234 27.5065 19.5943 8.27951 7.86732 7.86729 
17.948 10.5073 27.6067 19.6698 8.43912 7.91455 7.91454 
17.3327 10.8767 27.6332 19.2574 9.08278 7.90864 7.90864 
17.4243 10.2154 28.4663 19.3421 8.68152 7.93521 7.93521 
17.7422 10.2917 29.1161 18.8684 8.35414 7.81376 7.81376 
19.1652 9.5576 28.8227 18.5518 8.14766 7.87747 7.87747 
19.9001 8.90578 28.6971 18.641 8.04208 7.90699 7.90699 
18.736 8.60625 30.0035 18.7454 8.01465 7.9471 7.9471 
21.1235 8.22162 29.4218 17.5232 7.92582 7.89205 7.89205 
20.0255 9.63131 28.7488 17.7521 8.06386 7.88924 7.88924 
20.1155 9.61018 29.1004 17.4377 7.97028 7.88298 7.88298 
19.6553 9.75865 29.7205 16.6136 8.62911 7.81146 7.81146 
18.806 9.67809 31.5785 15.8919 8.49412 7.7757 7.7757 
19.2692 9.35409 31.3411 16.3072 8.26044 7.734 7.734 
18.9003 8.87285 29.3069 18.8179 8.67567 7.71316 7.71316 
19.6115 9.11384 28.2018 19.409 8.2088 7.72755 7.72755 
17.3378 9.84538 28.8445 19.8006 8.75184 7.70993 7.70993 
17.5124 9.17439 29.8984 19.5942 8.28748 7.76653 7.76653 
18.6604 9.06004 28.5275 19.5415 8.45684 7.87687 7.87687 
18.2463 8.90065 29.8232 19.0365 8.42422 7.78459 7.78459 
20.1718 9.13197 28.9565 17.9452 8.1447 7.82488 7.82488 
21.8506 9.30455 28.694 16.4889 7.99392 7.83401 7.83401 
21.0215 9.29971 29.0906 17.2188 7.84311 7.76316 7.76316 
23.3397 9.09064 28.1966 15.8463 7.86892 7.82895 7.82895 
23.4027 8.87745 28.5387 15.1433 8.26659 7.88559 7.88559 
22.3825 8.61829 30.8328 14.5376 8.00327 7.81277 7.81277 
22.6247 8.23406 30.4335 15.1186 7.92655 7.8313 7.8313 
21.479 8.45036 32.2167 14.0593 7.96327 7.91565 7.91565 
22.9944 8.14675 30.4875 14.546 8.0666 7.87939 7.87939 
23.5601 8.79365 30.2787 13.2171 8.57876 7.78585 7.78585 
23.5646 8.77393 29.6175 14.3526 8.16143 7.76498 7.76498 
22.1766 8.68804 31.117 13.8071 8.38179 8.00435 7.82514 
20.2988 8.29139 32.1703 15.1273 8.30274 7.94955 7.85994 
22.6962 8.07828 29.381 15.2415 8.83302 7.90736 7.86255 
24.2759 8.03153 28.1886 15.2253 8.4089 7.94607 7.92367 
24.9544 7.97146 29.2842 13.7836 8.16015 7.92873 7.91753 
26.3349 8.10558 27.5634 13.2588 8.76172 8.08422 7.89135 
25.0193 8.31205 28.4113 13.8516 8.64012 7.931 7.83456 
26.037 8.09438 27.9043 13.7751 8.42965 7.90385 7.85564 
25.8999 8.79295 29.0369 12.3113 8.28262 7.85023 7.82612 
26.3462 8.35874 29.4241 12.0047 8.10357 7.88738 7.87533 
25.7617 8.25738 29.0738 13.0946 8.1298 7.8444 7.83837 
23.5426 7.98899 31.8163 12.9811 8.10902 7.78249 7.77948 
24.1759 8.00213 32.1295 12.4066 7.8713 7.70804 7.70653 
24.8088 8.41802 32.3192 11.1503 7.82258 7.74095 7.74019 
24.2838 8.10972 31.7624 11.7808 8.52122 7.77118 7.77081 
25.4146 8.05486 30.9721 11.5268 8.26061 7.88559 7.8854 
26.8051 8.35074 30.7116 10.0867 8.26564 7.89016 7.89007 
28.0878 8.546 29.6915 9.41398 8.67828 7.79124 7.79119 
28.3296 8.45418 30.0025 9.58504 8.17189 7.72837 7.72835 
27.6987 8.5504 30.4148 9.67974 8.03331 7.81155 7.81154 
28.4703 8.24632 30.7309 8.81099 7.98778 7.8769 7.87689 
27.809 8.24687 30.3139 9.90378 7.94578 7.89034 7.89034 
28.2168 8.02678 29.4692 10.714 7.87623 7.84851 7.84851 
24.5156 8.99077 30.5717 10.3344 8.68925 8.44914 8.44914 
24.7578 9.10065 29.2661 12.2395 8.29199 8.17194 8.17194 
24.5058 8.6548 29.3719 13.3959 8.06391 8.00388 8.00388 
24.8403 8.17355 30.0705 13.3413 7.87811 7.84809 7.84809 
25.0555 8.96042 28.2122 14.0714 7.91017 7.89517 7.89517 
25.6573 8.97661 29.0341 12.6112 7.91192 7.90442 7.90442 
27.6696 8.37523 29.7114 10.7226 7.84289 7.83913 7.83913 
27.9193 8.06086 31.405 9.23453 7.79468 7.79281 7.79281 
28.3456 7.89008 30.4393 9.52954 8.28331 7.75605 7.75605 
29.0819 7.94504 29.4015 9.67386 8.14165 7.87803 7.87803 
28.6882 8.04229 30.786 8.7129 8.14059 7.81498 7.81498 
29.889 7.8673 29.9763 8.68337 8.07671 7.75364 7.75364 
30.673 7.90716 29.061 8.64632 8.01186 7.85033 7.85033 
30.5614 7.93282 29.0634 8.64842 7.98517 7.9044 7.9044 
28.837 8.36782 31.081 8.19745 7.86582 7.82544 7.82544 
28.4863 8.08221 30.7947 9.18347 7.83122 7.81103 7.81103 
28.1837 7.94445 31.0107 9.42445 7.81895 7.80886 7.80886 
28.6681 7.87053 29.9122 10.136 7.80778 7.80273 7.80273 
26.5051 7.88263 31.0745 10.989 7.85126 7.84874 7.84874 
26.0345 7.88869 29.823 12.6374 7.873 7.87174 7.87174 
