5 80000 300 266
20 20 20 20 20 
21.7797 18.5593 23.4746 17.5424 18.6441 
23.7954 17.613 24.9379 16.8095 16.8442 
25.3317 18.5044 24.2336 16.5924 15.3378 
25.8862 18.1505 25.8456 16.9403 13.1774 
23 19.5117 26.7748 17.2937 13.4198 
21.7697 20.3368 26.3542 18.9165 12.6228 
21.4404 19.1684 27.5104 19.0138 12.8669 
21.1324 18.261 27.9635 19.5937 13.0495 
20.479 17.7362 25.7464 23.3045 12.7339 
18.7649 17.163 27.735 23.6338 12.7034 
16.9406 16.3722 28.9838 25.5378 12.1656 
17.6017 17.0948 30.973 23.1253 11.2053 
15.3329 15.4358 33.7763 24.2705 11.1846 
14.198 16.6143 33.6674 23.6217 11.8986 
14.718 16.5214 32.1908 24.668 11.9017 
14.7753 16.2751 32.1241 24.7742 12.0513 
13.5833 18.2462 33.5621 23.5827 11.0257 
13.247 17.8086 31.5698 25.0543 12.3203 
14.0677 17.2169 32.6583 24.0656 11.9914 
13.7844 17.7618 31.8898 24.5042 12.0598 
13.3556 18.7589 29.3595 25.9106 12.6153 
13.6085 18.1666 28.9124 27.683 11.6294 
13.3111 18.5582 28.4973 27.426 12.2074 
12.3293 18.6172 30.4425 27.1882 11.4228 
13.2159 18.7958 28.811 28.3377 10.8396 
13.5592 18.5442 28.3079 27.8274 11.7613 
13.7459 19.6092 29.6596 26.1609 10.8245 
13.555 19.5972 29.8068 26.2141 10.827 
13.8304 19.7482 28.1276 27.4647 10.8291 
11.8691 19.8972 29.0407 28.8245 10.3685 
10.8862 20.6974 30.5832 26.9727 10.8606 
12.1023 19.4909 31.6573 25.4502 11.2994 
11.3523 18.6611 31.8527 26.3396 11.7943 
11.3172 19.8434 31.5674 25.6057 11.6664 
13.0257 19.4628 29.5518 27.054 10.9056 
13.4573 19.4536 30.6324 26.027 10.4297 
13.9229 18.7196 31.9829 24.884 10.4906 
12.928 17.8324 34.8458 24.2559 10.1379 
13.5899 17.586 32.9811 25.7859 10.0571 
13.7855 17.9162 32.4858 25.8076 10.0048 
13.6001 19.6898 30.6332 26.0745 10.0024 
14.0335 21.2662 26.3572 27.7581 10.585 
15.4956 21.3563 27.3931 25.101 10.6541 
15.649 23.0238 26.6595 23.6616 11.0061 
14.7381 22.8699 26.4162 23.9296 12.0462 
15.3236 22.9249 25.7081 24.7173 11.3261 
15.3074 21.8993 26.8104 24.6159 11.367 
15.1985 20.0289 29.7735 23.689 11.3101 
14.9871 21.2282 28.4751 24.3775 10.9321 
15.8895 21.391 28.5233 22.5898 11.6064 
12.883 22.0535 28.0888 24.9986 11.976 
13.2364 21.4114 29.6854 24.6788 10.988 
14.3105 19.459 29.2989 26.2651 10.6664 
13.4209 19.7546 28.3086 26.4158 12.1001 
12.2117 19.6572 29.0687 26.7776 12.2848 
12.1905 20.2784 26.836 28.2036 12.4916 
11.1555 18.8139 28.3577 29.644 12.0289 
11.3029 17.8039 29.1916 28.6897 13.0119 
13.8989 16.1184 29.2865 27.8758 12.8204 
15.5209 15.0722 29.1887 27.9639 12.2544 
15.3854 15.4111 32.0944 25.4819 11.6272 
16.4491 15.3198 31.1487 26.3196 10.7628 
15.3485 15.1797 31.8013 27.4078 10.2627 
14.0545 15.5325 31.2652 29.0685 10.0793 
15.3167 14.4768 33.001 27.1658 10.0396 
15.5118 13.652 33.6471 27.1955 9.99364 
16.4346 13.3027 31.8495 28.235 10.1782 
16.0913 13.0818 31.6728 29.0782 10.076 
16.379 12.1379 31.7568 29.7132 10.0131 
16.651 12.6074 30.4938 29.2156 11.0322 
17.1898 13.0904 31.5904 27.2117 10.9178 
16.6867 13.55 30.6503 27.6155 11.4975 
18.7711 13.0584 29.2289 27.7115 11.23 
16.8522 12.3959 32.7478 26.9224 11.0817 
18.3206 14.2454 29.3026 26.9177 11.2137 
17.2684 13.0687 30.1919 28.0534 11.4176 
16.5707 14.9999 28.7203 28.1802 11.5289 
15.1035 15.0284 29.1329 29.9992 10.7361 
15.2337 14.657 30.6042 28.4767 11.0284 
16.233 14.6392 31.229 26.9015 10.9972 
15.8401 14.3657 30.6551 28.7624 10.3767 
13.7095 14.2881 32.8276 28.9865 10.1883 
14.0899 13.2164 35.7936 26.8963 10.0037 
14.6251 14.7715 35.3895 25.2557 9.95813 
16.3537 13.0022 33.9961 26.7375 9.91057 
15.2191 13.5433 34.322 27.0307 9.88486 
14.732 13.0395 33.1154 29.1849 9.92819 
15.5833 13.3443 32.2959 28.9378 9.83875 
17.2872 11.865 32.0233 29.009 9.81552 
17.6965 13.1748 33.6997 25.6466 9.78241 
19.3525 12.1897 33.0963 25.5684 9.79317 
18.6903 13.9822 32.8862 24.4743 9.96701 
18.3956 12.7774 34.6924 24.255 9.87965 
17.4599 12.6565 34.1553 25.8027 9.92558 
18.0423 11.6291 34.986 25.5088 9.83385 
16.6361 12.8548 33.1539 27.5532 9.80198 
18.3747 13.7928 30.5996 27.3744 9.8585 
19.5675 13.4754 28.8963 28.1609 9.90001 
19.1768 14.1076 31.2112 25.6411 9.8633 
20.2116 13.0028 32.7444 24.152 9.88916 
19.3046 14.81 33.8796 22.165 9.84072 
20.2405 13.4344 33.2633 23.1413 9.92036 
19.7357 13.2261 32.9039 24.2926 9.84184 
19.3353 14.1574 32.7241 23.9806 9.80258 
18.3886 13.9101 32.9318 24.9263 9.84315 
20.6105 13.8915 31.0613 24.6019 9.83487 
20.5426 12.287 31.7028 25.6541 9.81358 
21.9131 12.5614 30.329 25.3643 9.83216 
22.0361 11.5364 30.9315 25.6083 9.88767 
23.4414 10.6762 30.3431 25.6876 9.85181 
23.3625 11.9052 30.3954 24.4856 9.85128 
23.0823 11.9966 29.8955 25.1549 9.87069 
23.1027 13.5058 30.2631 23.2381 9.8903 
21.9489 12.7162 30.4221 25.0747 9.83812 
20.3495 11.8979 31.6883 26.1737 9.89065 
18.815 12.8894 31.9915 26.4013 9.90283 
18.5134 12.7361 31.062 27.7702 9.9183 
19.775 13.6851 30.47 26.2327 9.8372 
20.1322 11.8884 30.0668 28.101 9.81157 
20.8597 11.1823 32.335 25.7966 9.82642 
20.3982 10.6544 30.8827 28.2464 9.81827 
20.6226 11.0275 30.2622 28.2926 9.79513 
18.2731 12.0424 31.5324 28.3183 9.83387 
21.0684 10.9928 31.3912 26.6591 9.88853 
23.1148 11.3029 29.8891 25.7489 9.94426 
22.0189 11.6514 32.1753 24.2591 9.89521 
24.2017 11.3632 29.4427 25.1589 9.8336 
23.0532 10.761 29.4833 26.8651 9.83743 
25.0913 11.8474 28.464 24.789 9.80831 
23.2474 10.836 31.0741 25.0261 9.81643 
22.4517 12.1059 31.7791 23.8188 9.84452 
20.5092 10.9389 33.642 25.1016 9.80825 
22.1087 10.6366 31.8666 25.6207 9.76735 
23.879 10.1884 30.0567 26.122 9.7538 
22.8021 10.5255 31.6418 25.2016 9.82898 
21.4345 10.1123 31.7072 26.9821 9.76399 
21.8284 10.1215 33.1738 25.0923 9.78395 
19.9906 9.99705 34.899 25.285 9.82828 
20.399 9.96747 32.8222 26.9282 9.88309 
21.7255 10.8279 31.0215 26.6135 9.81167 
20.8627 10.332 32.396 26.5854 9.82387 
19.1019 11.6689 31.5159 27.8881 9.82523 
20.2428 11.1804 30.2234 28.5667 9.78683 
18.1517 13.772 29.2026 28.9803 9.89341 
18.4718 11.7518 29.1986 30.7653 9.81248 
16.5449 11.856 30.5461 31.1634 9.88963 
17.3025 10.7775 32.6644 29.4613 9.79431 
19.6081 10.9443 30.0668 29.5455 9.83543 
18.1933 10.3379 31.9797 29.7056 9.78349 
18.5518 11.7395 31.0539 28.7951 9.85969 
19.6038 10.7878 30.6089 29.1517 9.84788 
21.6787 10.6725 30.7004 27.0392 9.90928 
22.4267 10.2569 30.747 26.6942 9.87527 
21.6749 11.7438 30.2966 26.424 9.86071 
20.7733 10.8399 30.3726 28.1159 9.89831 
21.2762 11.4015 28.8366 28.6285 9.85713 
23.3471 10.5503 28.9668 27.3577 9.77806 
21.3255 11.1296 29.8315 27.9194 9.79409 
19.1402 10.7551 31.8708 28.4926 9.74134 
19.1855 10.3455 31.961 28.6694 9.83862 
20.4694 10.2052 32.7013 26.8347 9.78944 
20.0103 10.0706 30.934 29.1225 9.86267 
22.2751 11.1702 30.651 26.0643 9.83931 
24.4492 10.4553 31.5593 23.7464 9.78978 
22.9154 11.6421 32.0625 23.5508 9.8291 
22.6896 10.7124 32.1545 24.6377 9.80586 
21.1835 11.3239 30.9159 26.6737 9.90293 
20.3744 10.5533 33.3928 25.8369 9.84277 
20.879 10.1508 34.3064 24.8681 9.7956 
22.0637 10.0117 33.5545 24.536 9.8341 
22.7779 9.9265 33.4439 24.014 9.83769 
23.4524 10.8363 32.1188 23.753 9.83948 
26.1557 10.2839 30.3211 23.4537 9.78551 
24.9591 10.4225 29.517 25.2582 9.84325 
25.993 10.1099 27.9342 26.1426 9.82027 
23.6883 11.816 27.3319 27.3795 9.78435 
23.216 10.9621 29.0089 27.0471 9.76582 
22.2499 11.7311 30.7207 25.5168 9.78156 
21.9583 10.8655 31.8603 25.4251 9.89078 
23.93 12.318 29.5367 24.3519 9.86342 
25.3796 11.2113 27.4861 26.1132 9.80976 
28.6239 11.2833 26.0141 24.2288 9.84993 
24.9677 10.5597 27.4333 27.1964 9.843 
24.524 10.2966 28.7668 26.6417 9.771 
24.721 10.0663 27.3342 28.0749 9.80353 
23.6021 10.9056 28.4322 27.2925 9.76754 
22.6402 10.3479 29.0762 28.1567 9.77887 
21.9758 11.4035 30.2758 26.5374 9.80747 
22.3298 10.6538 30.4734 26.6872 9.85581 
22.2934 10.9695 29.3433 27.6069 9.78684 
22.1787 10.467 29.6183 27.8604 9.87563 
23.5478 12.0441 28.2643 26.2226 9.9212 
24.8692 11.4642 27.7376 26.0365 9.89257 
23.4666 12.1378 29.7051 24.762 9.92849 
24.7897 10.965 28.7991 25.5857 9.86039 
25.3033 11.2015 27.7983 25.8648 9.83216 
23.8684 10.5437 28.1577 27.5712 9.85904 
24.7079 12.3886 27.4 25.6469 9.85653 
23.8671 11.4575 28.6671 26.1458 9.86248 
22.4336 12.3954 28.6669 26.5729 9.93124 
22.1543 11.0588 31.3473 25.6128 9.82673 
21.9262 11.1898 29.3529 27.7435 9.78758 
22.6793 10.8754 28.3728 28.2282 9.84428 
20.8224 12.6791 29.1864 27.39 9.92214 
22.9951 11.2053 30.5328 25.4399 9.82684 
22.7125 12.3005 28.3505 26.7387 9.89785 
22.3637 11.7473 28.5409 27.5484 9.79967 
23.0778 12.0075 27.8392 27.343 9.73255 
24.7146 12.9294 27.4331 25.158 9.76492 
24.5607 12.2274 27.2759 26.1383 9.79772 
25.749 12.9403 28.3981 23.0323 9.88041 
25.6652 11.4535 28.9831 23.9746 9.92359 
25.2487 11.2637 28.2499 25.4101 9.82757 
24.3082 10.9583 27.8707 26.9662 9.8966 
26.2955 10.3613 28.2451 25.2676 9.83046 
26.9635 10.1149 25.9647 27.1075 9.84944 
25.8105 11.393 27.0234 25.8825 9.89047 
25.7258 10.6416 27.0648 26.6775 9.89029 
27.0138 10.195 26.5827 26.3891 9.81936 
26.9621 11.0776 26.9126 25.1547 9.89307 
26.075 10.426 29.6217 24.0435 9.83375 
24.6689 11.1042 28.8592 25.4659 9.90177 
26.0441 10.5521 27.978 25.4749 9.95089 
23.7593 11.6863 30.0146 24.5964 9.94339 
25.3537 11.038 29.9424 23.8242 9.84183 
25.9997 10.5347 29.2345 24.4513 9.77985 
25.3332 10.6007 27.7839 26.3923 9.88992 
25.4252 10.3003 27.5127 26.8168 9.94496 
25.4136 10.9379 27.4219 26.2702 9.9564 
24.5862 10.4335 27.5407 27.4968 9.94274 
24.5272 10.3586 30.969 24.2094 9.93591 
25.367 10.1793 32.0362 22.4495 9.96795 
22.4238 10.1221 32.9012 24.6988 9.85411 
22.933 9.9572 32.326 24.9607 9.8232 
24.7064 11.0534 31.5836 22.7607 9.89602 
25.9597 10.4447 30.3819 23.3476 9.86604 
26.367 10.2224 28.2555 25.2222 9.93302 
27.037 10.0475 28.2997 24.713 9.90282 
25.6591 9.97582 30.1243 24.3373 9.90348 
26.9162 9.94147 30.0776 23.1594 9.9053 
26.4874 9.85673 28.3939 25.4233 9.83864 
26.5978 10.829 28.1721 24.5129 9.88827 
27.8317 10.2588 27.5809 24.5402 9.78842 
24.8995 10.5392 30.3478 24.4012 9.81224 
24.9497 10.1747 29.4144 25.65 9.81119 
23.9529 10.4333 28.5437 27.2904 9.77981 
22.0828 10.1812 30.4066 27.475 9.85444 
21.6664 10.2468 31.297 26.8625 9.92722 
23.7364 10.1234 30.1647 26.0119 9.96361 
24.983 10.9633 28.8528 25.301 9.89984 
25.3293 10.3803 27.4332 27.0086 9.84857 
25.0303 11.2834 27.6951 26.2283 9.76299 
23.0741 10.6106 30.3072 26.1576 9.85044 
23.5741 10.2436 30.5857 25.7331 9.86349 
23.9492 11.034 31.5091 23.6774 9.83039 
24.354 10.5009 31.8317 23.4143 9.89912 
22.8353 10.1094 31.4331 25.8137 9.80849 
21.3503 9.93685 29.858 29.0685 9.7864 
21.4018 10.5048 30.6729 27.683 9.73749 
20.9796 10.1304 31.5386 27.6046 9.74679 
21.4961 10.8828 32.4359 25.4375 9.74761 
22.9056 10.4072 29.7454 27.1023 9.83956 
22.9793 10.9668 29.826 26.3237 9.9042 
23.91 10.579 31.6327 23.9899 9.88841 
23.5423 11.1625 31.3719 24.0584 9.86484 
25.721 10.4402 28.8521 25.1954 9.79135 
20 20 20 20 20 
22.6592 18.8376 22.7389 17.8822 17.8822 
25.161 17.5549 23.8694 17.2251 16.1896 
26.7343 16.0082 25.3193 17.9972 13.941 
25.3774 15.3295 27.7363 19.22 12.3367 
23.8663 14.551 28.439 21.0871 12.0566 
21.2843 16.0541 27.6737 22.2802 12.7077 
20.244 16.6922 26.0148 23.0839 13.9651 
18.2898 15.1893 27.6873 24.8973 13.9362 
15.2217 14.8441 29.8351 25.4551 14.644 
14.1647 16.9358 31.5138 24.2497 13.136 
13.4056 15.845 31.2136 26.1764 13.3595 
13.909 17.7894 29.1323 25.1725 13.9968 
14.4803 16.8329 30.9579 24.2357 13.4933 
13.8419 17.3991 29.7647 25.3213 13.673 
12.3631 18.7903 29.2814 25.3591 14.2061 
11.4882 18.947 28.5558 27.0663 13.9427 
11.3118 17.8796 29.5617 28.3803 12.8665 
13.1389 17.2165 27.4793 28.5893 13.5761 
13.6296 15.6684 29.4804 27.4891 13.7325 
12.6463 15.6096 32.1268 26.5955 13.0218 
11.2791 17.2762 32.8035 26.9541 11.6871 
10.628 16.6427 33.4551 27.3982 11.876 
11.3887 16.8494 32.2649 28.0683 11.4287 
11.8307 17.0611 30.9052 28.5796 11.6234 
12.8894 19.5234 29.4006 26.1101 12.0765 
12.327 20.1147 28.8179 27.5256 11.2147 
13.6916 21.0686 29.9146 23.0887 12.2366 
13.5604 23.1242 25.5089 24.6139 13.1926 
13.146 23.7149 25.6016 23.3023 14.2352 
12.0622 23.194 27.24 24.3003 13.2035 
11.3526 21.2422 26.8129 26.6734 13.9188 
11.1798 21.1597 25.7015 28.7934 13.1655 
10.659 21.9854 26.0996 29.2584 11.9975 
10.6251 21.8301 23.6409 32.1169 11.7869 
11.5343 22.3404 22.454 31.7824 11.8889 
11.3227 19.9665 24.4214 32.6736 11.6158 
11.0141 19.229 27.4175 31.1787 11.1607 
11.4091 19.6368 28.074 29.8432 11.0369 
10.6357 20.0248 31.3535 26.9629 11.023 
10.2491 19.9895 32.8786 24.9493 11.9335 
10.2114 19.7962 31.948 24.8816 13.1628 
10.7379 20.3579 29.7671 26.119 13.0182 
12.4112 18.3949 30.3765 26.0877 12.7297 
11.2399 17.7787 32.4651 26.545 11.9713 
12.152 18.153 31.9095 25.2677 12.5177 
12.4439 17.2133 31.5208 26.3131 12.5089 
13.2794 16.621 31.3106 26.5537 12.2353 
13.4579 15.1287 33.0796 26.2819 12.052 
12.422 16.3515 31.8863 27.2499 12.0904 
11.8448 17.448 31.7882 26.7705 12.1485 
13.3531 17.792 29.874 26.3575 12.6233 
12.3805 18.6048 30.835 26.5283 11.6515 
11.3912 20.0589 30.1929 26.7393 11.6177 
11.0225 20.8043 29.019 27.5343 11.62 
11.9469 19.6843 28.4946 28.8662 11.008 
11.3922 21.6648 30.3803 24.9011 11.6616 
11.8966 22.1781 26.7997 28.0178 11.1079 
12.3493 19.9055 26.9264 28.6224 12.1964 
11.1498 18.6592 28.0154 30.2316 11.944 
10.8659 18.7211 24.9866 34.5603 10.8662 
11.6525 19.2386 24.8104 33.7435 10.555 
12.3879 18.5432 25.6598 33.1447 10.2644 
11.194 17.6466 28.9549 31.4474 10.7572 
11.8784 18.9992 28.7991 30.0453 10.2781 
10.8759 18.7401 27.1843 33.1239 10.0758 
11.6385 18.0772 29.5552 30.81 9.91915 
10.7944 18.2426 30.4493 30.5791 9.9347 
11.553 16.9102 32.0588 29.6112 9.86685 
12.3755 15.0541 32.1462 30.2878 10.1365 
12.9235 15.1695 33.042 28.7449 10.12 
13.5312 14.9112 32.7164 28.5113 10.3299 
13.1247 16.5579 32.6923 27.4726 10.1525 
13.2621 15.9712 33.2196 27.2599 10.2872 
14.9176 14.8676 31.7784 28.0962 10.3402 
14.2588 16.7672 31.3558 27.5148 10.1034 
13.9996 15.381 31.5812 29.0246 10.0136 
12.0647 17.0412 32.0244 28.9279 9.94184 
13.6159 18.4178 29.3798 28.7313 9.85524 
12.0499 17.6766 30.2813 30.0914 9.90074 
13.7475 16.299 30.5857 29.4436 9.92419 
14.3867 16.4397 30.0597 29.2296 9.88438 
13.8049 15.7956 30.0436 30.455 9.90087 
12.7105 15.8523 30.6784 29.874 10.8848 
13.5392 14.3917 31.8622 29.8795 10.3274 
12.8866 15.0416 31.8885 30.0993 10.0839 
13.5114 17.4684 29.8186 29.1858 10.0158 
14.2628 16.9495 30.6317 28.1906 9.9654 
16.6864 16.9826 31.808 24.5665 9.95652 
16.5642 18.06 30.8636 24.5474 9.96478 
17.4889 15.8289 31.4374 25.3049 9.9399 
17.9623 15.4563 30.1042 26.6189 9.85822 
20.2583 17.3749 26.3293 25.4018 10.6356 
21.2087 16.784 25.9487 25.7691 10.2894 
18.5523 15.9065 28.5813 26.9019 10.058 
18.1159 15.5499 31.0034 25.3294 10.0014 
19.2275 14.6959 30.4734 25.2353 10.3679 
19.2083 14.9155 30.2367 25.4555 10.184 
19.9735 14.9862 31.1695 23.8073 10.0636 
19.3162 14.9275 33.2232 22.545 9.98805 
19.4282 13.9293 33.1346 23.6288 9.87908 
19.9351 14.4232 31.7607 23.9691 9.91192 
20.0516 14.3545 32.8271 22.9089 9.85792 
21.8074 12.637 31.9308 23.8108 9.81402 
23.618 12.7471 30.2511 23.4768 9.90701 
22.4022 13.7182 32.7809 21.2017 9.89701 
21.8618 13.6158 31.8559 22.763 9.90346 
21.6867 13.3486 33.0791 21.992 9.89359 
24.2067 14.1818 31.1041 20.6056 9.90175 
23.7472 13.3923 30.2096 22.7686 9.88238 
23.4807 12.9461 31.4738 22.2474 9.85191 
22.2667 11.5814 31.062 25.2104 9.87951 
20.7924 12.3248 31.7242 25.2472 9.91135 
19.7234 12.4315 33.1404 24.856 9.84864 
19.2102 12.873 33.4257 24.6093 9.88183 
18.185 11.9099 34.0205 26.0621 9.82257 
18.7791 13.0774 34.2467 23.9997 9.89704 
20.072 11.4349 34.9275 23.7209 9.84466 
21.2258 12.6579 33.3278 22.9086 9.87984 
22.8386 11.3446 33.7485 22.2694 9.79885 
21.9615 11.2446 34.1935 22.7311 9.86931 
20.6381 11.3855 31.8943 26.163 9.91908 
19.0269 12.1534 32.2393 26.7051 9.87527 
20.1422 11.7653 31.3891 26.8256 9.87775 
20.2203 12.7483 33.008 24.1591 9.86425 
20.6523 12.3983 34.5763 22.4711 9.902 
20.9796 11.4548 33.9075 23.7356 9.92259 
22.4959 11.0466 32.4552 24.1778 9.82452 
21.8249 11.2925 31.452 25.5504 9.88021 
23.4511 11.6834 29.1935 25.7783 9.89366 
23.118 11.5379 28.9955 26.4968 9.8519 
23.3623 11.0149 28.924 26.8549 9.84398 
24.2213 10.6521 28.9314 26.2892 9.90591 
23.0081 11.4158 29.8503 25.8049 9.92091 
22.1353 12.0202 30.3737 25.527 9.94384 
25.7646 11.0101 28.8232 24.4302 9.97192 
25.4192 10.8148 28.7184 25.1944 9.85322 
26.2096 10.4074 29.1925 24.2639 9.92661 
24.2849 12.036 28.1056 25.6413 9.93225 
25.7788 11.8174 28.4729 24.1059 9.82506 
26.304 11.2441 28.1084 24.5529 9.79058 
24.0073 10.7207 30.666 24.7765 9.8295 
26.5547 10.3139 29.5745 23.6885 9.86831 
29.2009 10.571 30.5516 19.8061 9.87046 
26.8704 10.1935 32.6071 20.4859 9.84321 
26.2401 11.1943 30.9377 21.8283 9.79965 
27.1579 10.4867 30.1376 22.4283 9.78942 
26.1197 11.4323 30.2154 22.452 9.7807 
28.536 10.6481 28.2029 22.7906 9.82232 
28.1142 10.401 28.8707 22.7799 9.83424 
27.3482 10.1056 29.7834 22.9406 9.82218 
27.9359 9.91855 30.1602 22.2086 9.77686 
27.5243 9.88885 31.1012 21.6677 9.81801 
25.4678 9.79392 31.6041 23.3756 9.7585 
25.657 10.4354 33.3405 20.7647 9.80233 
27.2979 10.2016 33.2297 19.3856 9.88509 
25.9467 10.117 33.2815 20.8578 9.79691 
26.3839 10.0254 32.3692 21.3561 9.86534 
24.9953 9.93073 31.4305 23.7928 9.8507 
26.2591 9.85833 31.9232 22.141 9.81832 
24.913 9.86547 32.9998 22.3763 9.84547 
25.4858 9.9816 31.9722 22.7516 9.80873 
26.4653 9.88039 32.2322 21.6282 9.79395 
29.4827 9.94019 31.4286 19.2516 9.89698 
29.8729 9.90431 31.0103 19.3297 9.8827 
29.1133 9.8302 30.1393 21.0978 9.8194 
27.5135 9.89849 30.0198 22.6751 9.89309 
25.8926 9.80361 30.8675 23.6353 9.80091 
25.2819 10.3294 31.2232 23.3308 9.83467 
25.3098 10.0634 32.1657 22.6451 9.81598 
26.8216 10.5317 30.0828 22.6559 9.90799 
26.0388 10.2146 29.8878 23.9559 9.9028 
23.6348 11.2612 28.6362 26.5934 9.87448 
23.668 10.5007 27.6298 28.3941 9.80737 
21.9023 10.3698 30.0265 27.8489 9.85249 
23.5725 10.0393 28.7673 27.8403 9.78061 
21.3954 10.8828 30.0188 27.9267 9.7763 
21.3757 10.3567 30.6026 27.8616 9.8034 
23.8026 10.0964 29.7275 26.5538 9.81974 
23.7256 9.94683 28.7151 27.8039 9.80852 
22.2434 10.3367 28.8904 28.7808 9.74855 
22.6058 10.6454 29.1095 27.818 9.82127 
24.0755 10.3071 28.2619 27.4604 9.89506 
22.6147 10.9228 29.3553 27.1917 9.91548 
24.0624 10.3934 28.2831 27.3714 9.88971 
25.7739 10.1674 27.2994 26.8436 9.91562 
24.6617 10.0325 28.3255 27.0737 9.90661 
24.1341 11.9015 29.2447 24.8483 9.87134 
25.6122 10.8003 28.3347 25.4676 9.78517 
25.6726 10.9376 28.011 25.6003 9.77858 
26.1696 10.4688 29.3759 24.0964 9.88929 
23.9544 11.5889 30.7415 23.9211 9.79414 
24.9204 10.759 31.3282 23.1308 9.86161 
24.4343 11.5284 31.6835 22.5686 9.78517 
23.6755 10.9725 31.814 23.7843 9.7537 
24.8514 10.452 32.6878 22.1661 9.8426 
24.8395 10.226 32.206 22.8072 9.9213 
23.0977 11.3842 31.0182 24.6239 9.8759 
23.1901 10.6539 31.5397 24.7166 9.89978 
23.8531 10.327 29.9634 25.9067 9.94989 
22.5537 10.0415 30.3127 27.239 9.85299 
21.6603 10.7716 31.1308 26.5588 9.87857 
23.8301 10.3858 29.5654 26.2794 9.93929 
25.0817 11.1929 28.116 25.6397 9.96964 
24.7892 10.4622 28.6553 26.2427 9.85059 
25.5988 11.7452 27.5319 24.3889 10.7352 
26.1865 11.5178 26.8305 25.0977 10.3676 
27.3532 10.9935 27.4947 24.1012 10.0574 
29.4661 10.384 29.1609 21.0732 9.91594 
29.6863 10.6437 30.624 19.1036 9.94239 
29.0837 10.2269 30.1854 20.6277 9.87626 
28.5418 10.6135 30.4261 20.4805 9.93813 
27.9073 10.1769 30.9598 21.1169 9.83919 
27.78 11.5193 30.914 19.8832 9.90352 
28.5859 10.6583 29.8151 21.0903 9.85041 
27.3365 10.2981 29.6591 22.8122 9.89415 
28.4891 10.035 28.8361 22.8068 9.83307 
29.6167 9.87189 29.6284 21.1121 9.7709 
27.5809 9.92037 32.4154 20.2134 9.86988 
28.0504 9.83383 28.4821 23.8251 9.80858 
26.1703 9.80651 30.0139 24.2154 9.79388 
25.9665 9.81851 30.4307 23.9721 9.8122 
25.9116 9.89368 28.7667 25.5375 9.89052 
25.7805 10.304 29.4808 24.6194 9.81539 
24.8119 10.3121 28.6194 26.3666 9.8899 
23.6963 10.4786 28.0194 27.8607 9.94495 
23.8611 10.1095 29.4318 26.755 9.84261 
23.3955 10.7872 29.3656 26.5941 9.85761 
23.3927 10.3089 29.2591 27.1953 9.84406 
22.9967 10.108 29.3354 27.6844 9.87559 
23.5951 10.054 28.8613 27.5519 9.93779 
22.5242 10.0443 30.0016 27.6168 9.81319 
22.9059 9.9879 30.2405 26.9933 9.87235 
22.8762 10.9865 30.1015 26.2307 9.80509 
21.4381 10.4932 31.1222 27.0439 9.90254 
20.583 10.3487 35.6291 23.556 9.88324 
23.4748 10.1583 32.7663 23.6751 9.92555 
25.3587 10.0625 30.835 23.7977 9.94616 
24.7689 11.7477 28.5518 25.0332 9.89845 
27.7818 10.8407 28.3488 23.1126 9.91611 
26.7198 11.1769 30.4573 21.7537 9.89227 
26.8913 10.869 30.0801 22.263 9.89663 
27.158 11.1201 29.923 22.0011 9.79781 
25.9029 10.4896 30.4545 23.3245 9.82848 
27.3959 10.1655 29.0368 23.567 9.83488 
27.3787 9.96872 28.6878 24.1613 9.80343 
26.0181 10.1213 30.2685 23.7245 9.86747 
25.972 10.0607 30.875 23.1586 9.93373 
29.863 9.91993 28.2135 22.1471 9.85646 
29.3412 9.82107 28.5165 22.5319 9.78934 
29.5355 9.80919 30.4745 20.3876 9.79332 
28.6566 9.80655 29.1261 22.6121 9.79862 
27.9045 9.87016 27.6425 24.7166 9.8662 
26.1317 10.8646 30.3277 22.775 9.90105 
26.0726 10.3309 28.5084 25.2388 9.84917 
26.0522 10.8798 28.6987 24.5242 9.84522 
27.7521 10.4056 30.6165 21.3374 9.88836 
28.601 12.1607 29.0623 20.3775 9.79855 
29.8125 11.0503 29.8926 19.3755 9.86915 
30.2544 10.5884 30.9273 18.3903 9.83964 
30.2475 10.277 30.0685 19.5044 9.90264 
30.9991 10.0347 30.6129 18.5059 9.84746 
30.9201 11.2479 29.6367 18.2872 9.90815 
29.3673 11.4186 30.0501 19.243 9.92096 
28.7269 10.6476 31.0744 19.6523 9.89875 
29.4105 10.1827 30.5842 20.0143 9.80831 
29.478 10.2862 30.7142 19.7474 9.77429 
20 20 20 20 20 
18.124 21.3903 20.8878 20.6365 18.9615 
20.8128 20.9475 21.2483 20.4918 16.4997 
20.6013 20.4438 22.0185 21.3403 15.5962 
20.7102 21.9113 22.6986 19.5439 15.136 
21.0559 21.0882 23.1864 21.0409 13.6286 
20.0667 23.4372 22.1802 20.4785 13.8374 
17.9602 24.117 23.7934 21.3165 12.813 
14.9718 26.5213 25.4297 21.2987 11.7784 
13.2381 26.3137 26.7635 22.2644 11.4202 
12.355 24.737 26.6935 23.037 13.1776 
12.1688 24.6778 27.1812 22.4117 13.5605 
13.2272 23.2131 28.5159 22.6131 12.4306 
12.2552 22.8897 30.4084 22.7004 11.7463 
12.8457 22.1277 30.2923 22.8039 11.9304 
12.5872 22.936 28.8448 22.7033 12.9287 
12.663 21.1283 30.346 23.8782 11.9845 
11.9767 21.048 30.2651 24.8423 11.8678 
10.9883 21.4542 30.3651 25.4444 11.7479 
10.7573 21.9113 28.2308 28.2924 10.8081 
10.8744 20.4384 29.9559 26.8617 11.8696 
10.5162 21.0544 30.1021 27.0877 11.2395 
10.3601 21.8651 29.5635 26.469 11.7422 
10.1437 22.918 29.0675 25.3411 12.5297 
11.3803 22.3235 27.1506 25.6378 13.5078 
12.8994 23.371 25.9009 25.7259 12.1028 
12.9614 24.8251 26.9039 23.5606 11.7491 
13.1726 24.2812 27.5934 23.1439 11.8089 
13.2838 23.9189 28.8082 23.1193 10.8698 
14.0581 22.6054 29.7151 23.2821 10.3392 
14.0509 22.8039 28.9011 24.1108 10.1333 
14.7949 23.0561 25.9794 24.3361 11.8336 
14.0266 21.8651 26.2481 25.6512 12.2089 
14.4379 20.4453 28.0893 25.5866 11.4409 
14.1276 18.7707 27.862 27.6645 11.5752 
14.4236 17.4461 30.0525 26.3323 11.7456 
14.876 16.6306 28.5299 28.6162 11.3472 
14.1732 15.8495 30.5891 28.8058 10.5823 
14.1142 15.8741 30.5019 28.4582 11.0515 
13.9292 14.0982 32.905 28.4471 10.6205 
12.9929 15.2051 31.1097 28.0533 12.6389 
13.9305 16.2357 28.5045 29.3744 11.9549 
13.9891 17.6416 27.9427 28.9729 11.4537 
14.0547 17.5014 29.0177 28.6068 10.8194 
13.8159 19.3251 23.9083 30.622 12.3288 
13.5665 19.3478 22.6079 30.9284 13.5494 
11.6898 19.487 25.089 30.4175 13.3167 
10.7977 20.1208 26.4596 28.888 13.7338 
11.7062 20.7256 26.1885 29.2376 12.1422 
11.6135 22.69 25.7671 27.2916 12.6379 
13.1034 21.8713 24.9649 27.2822 12.7783 
13.3755 21.9778 26.5023 26.2962 11.8482 
12.7222 21.8264 24.8275 29.4042 11.2197 
11.9436 21.2287 25.5205 29.5079 11.7992 
12.7317 20.5211 26.2801 28.9731 11.494 
11.9074 19.7064 26.868 30.7334 10.7848 
11.404 18.7395 27.5335 31.9544 10.3687 
11.646 19.8592 27.2866 31.1287 10.0795 
10.7491 20.0281 28.1753 30.2195 10.8279 
10.8746 19.0141 29.3377 30.3598 10.414 
10.9667 20.0953 29.1394 29.4152 10.3834 
11.4833 20.0476 29.5697 28.3326 10.5667 
10.6557 21.8174 29.2812 27.0656 11.1802 
10.804 23.0516 27.2596 27.9375 10.9472 
10.402 24.0899 28.5016 25.6354 11.371 
10.5669 24.484 27.5435 26.3543 11.0514 
11.4869 24.5249 27.1712 25.8322 10.9847 
10.8373 25.5332 25.5159 27.5274 10.5862 
11.4792 25.8979 24.2479 27.7788 10.5961 
12.7956 24.0195 24.2894 28.123 10.7725 
12.5252 23.4068 25.1349 28.6448 10.2882 
11.4478 24.1725 26.765 27.1619 10.4528 
10.64 22.7577 27.8909 28.569 10.1424 
11.1641 22.8074 29.6597 26.2325 10.1362 
12.3876 20.0148 28.8576 28.2552 10.4847 
13.3727 19.7051 29.5422 26.848 10.532 
13.2925 20.9925 28.2426 27.1546 10.3178 
12.8344 21.2636 28.4777 27.3149 10.1094 
12.6839 19.2984 28.7722 28.4575 10.788 
11.6584 19.2695 29.8291 28.9123 10.3307 
11.8825 19.441 31.2584 27.2891 10.129 
11.6854 20.1644 30.3812 27.3521 10.417 
11.5407 19.199 29.578 28.7758 10.9065 
12.2754 19.5485 29.7125 28.0358 10.4277 
12.2735 18.7821 29.4777 29.2921 10.1747 
13.123 20.076 28.1635 28.6186 10.0189 
13.35 20.2208 28.181 27.2336 11.0147 
15.0084 20.8247 27.4503 25.7861 10.9306 
15.3846 19.9232 27.448 25.6648 11.5794 
16.2521 18.2496 28.1262 26.6911 10.681 
18.1531 17.1194 28.0197 26.0827 10.6251 
17.2345 17.5071 29.7993 24.7519 10.7073 
16.3095 15.7827 30.2843 27.0974 10.526 
15.6803 15.7995 32.8717 25.411 10.2375 
15.1153 16.3654 30.8539 27.6526 10.0129 
16.3731 15.7584 30.0275 27.8759 9.96515 
17.351 15.8307 29.9733 26.8759 9.9691 
17.0088 15.4154 31.0978 26.4935 9.98455 
15.7251 17.1082 34.2137 23.056 9.89691 
16.2836 16.9752 33.6858 23.107 9.94845 
16.9216 17.1185 30.9798 25.0951 9.88494 
15.8471 17.082 32.1092 25.0476 9.91406 
18.23 17.0368 29.9822 24.9193 9.83168 
18.4634 18.5751 28.0223 25.0659 9.87335 
17.2207 20.1691 26.6833 26.0316 9.89535 
19.5299 19.5673 27.2784 23.7916 9.83273 
22.8295 16.3966 27.0263 23.8313 9.91637 
23.64 17.2642 25.7384 23.3168 10.0406 
21.8792 18.3954 27.958 21.7175 10.0499 
20.2769 18.0833 28.1356 23.3588 10.1454 
20.1928 16.7862 27.383 25.674 9.96402 
17.6722 16.1066 27.3279 28.8149 10.0784 
18.0846 15.7123 28.4038 27.2687 10.5305 
18.4626 14.5228 32.3179 24.5039 10.1928 
19.0236 14.6798 33.2212 23.0828 9.99255 
18.9135 14.6049 31.1405 25.3591 9.98203 
18.6311 13.2657 32.6956 25.5236 9.88398 
18.53 12.8262 32.662 26.0548 9.92688 
19.3242 12.0344 32.0115 26.7848 9.8451 
19.6309 13.4938 30.6475 26.3208 9.90697 
18.7861 12.6293 32.8237 25.8074 9.95349 
20.0638 12.7171 31.9607 25.4037 9.85479 
21.9131 11.309 31.9869 24.9131 9.87789 
20.2002 12.2371 31.8198 25.9019 9.84091 
21.7574 11.0343 32.9043 24.4678 9.83618 
23.7145 10.741 30.9298 24.7712 9.84346 
22.9684 10.6086 30.8617 25.7189 9.84237 
21.8817 10.3502 33.0149 24.939 9.81415 
20.8155 11.2879 33.4354 24.6952 9.76601 
22.9077 11.0011 32.6403 23.6571 9.79372 
21.4539 10.5799 34.0979 23.8921 9.97622 
21.9419 10.7417 33.8714 23.4725 9.97254 
22.136 13.2996 33.4406 21.2832 9.84064 
24.2426 11.5705 32.2758 22.0702 9.84095 
21.7428 11.148 33.1726 24.1266 9.81007 
23.1837 11.2797 32.8025 22.8741 9.85999 
22.6846 10.7723 32.1297 24.5165 9.89688 
26.2491 10.3551 30.1953 23.2831 9.91738 
24.0201 10.5507 31.0678 24.4774 9.88407 
26.0829 10.2422 28.1167 25.6493 9.90892 
25.4618 10.8536 30.3004 23.4934 9.89077 
24.3747 10.3926 29.8762 25.4453 9.91114 
23.0288 10.3743 31.9284 24.8586 9.80994 
22.4621 10.0891 33.4479 24.194 9.80693 
24.1291 10.4586 32.8067 22.7658 9.83977 
23.4282 10.2617 34.0982 22.4219 9.79002 
23.1002 10.0814 34.2108 22.7621 9.8455 
24.566 10.755 32.8197 22.016 9.84339 
24.9093 10.428 33.7499 21.109 9.80385 
24.4075 11.2746 32.3632 22.1707 9.78408 
23.886 10.6217 33.1598 22.456 9.87646 
24.888 10.6507 33.732 20.9368 9.7926 
23.6282 10.2595 33.1489 23.1329 9.83051 
25.1582 10.7568 32.4908 21.695 9.89918 
28.1346 10.299 30.6899 21.0063 9.87022 
29.1 10.0515 31.8482 19.1633 9.83707 
27.5308 9.99369 33.7126 18.8765 9.88649 
29.2308 9.9518 33.2226 17.6965 9.8982 
27.9167 10.1041 32.7972 19.2649 9.91705 
28.3148 10.0025 31.2501 20.5235 9.90902 
27.9345 9.95483 29.0925 23.1101 9.90807 
28.1392 9.91372 29.3552 22.7015 9.89034 
24.322 11.1083 30.6082 24.1268 9.83476 
24.5782 10.521 29.7081 25.3084 9.88427 
25.1462 12.5621 28.8223 23.6066 9.86277 
23.3608 11.2468 29.4796 26.0156 9.89714 
25.6931 11.6744 31.4596 21.2881 9.88487 
25.4712 10.8206 30.6799 23.1025 9.92583 
26.7483 13.2128 28.875 21.2646 9.89922 
27.3197 11.5384 29.4035 21.8568 9.88158 
26.8092 11.2887 28.1758 23.9154 9.81092 
25.9832 10.5186 29.9684 23.7502 9.77967 
27.3228 11.3102 30.1116 21.4292 9.82614 
26.5985 10.5502 28.6922 24.351 9.80818 
23.8256 10.6931 31.0643 24.5594 9.85765 
23.253 10.5012 32.027 24.3072 9.91164 
23.5387 10.7365 30.9038 25.0063 9.81476 
24.4653 10.2272 29.4017 26.1395 9.76631 
22.4237 10.5276 29.8283 27.401 9.81946 
20.9252 10.2001 31.3154 27.7132 9.84604 
22.6154 11.3501 27.6369 28.6136 9.78413 
23.2574 12.1216 27.026 27.8288 9.76628 
23.877 12.6044 27.7747 25.9949 9.74891 
24.5683 11.3195 30.1503 24.2431 9.71875 
25.1584 11.3484 30.9434 22.7503 9.79949 
27.0743 10.5602 29.4782 23.1015 9.78574 
27.4716 10.526 28.8375 23.354 9.8109 
26.5386 10.1073 29.6437 23.9608 9.74974 
24.9301 10.0006 33.0197 22.2277 9.82187 
23.6862 9.95081 33.5066 22.9951 9.86143 
23.9859 9.97541 32.4676 23.6404 9.93071 
23.0491 9.9382 33.2305 23.8664 9.91585 
23.1017 9.83487 33.7293 23.5104 9.8237 
25.473 9.85756 31.8347 22.9827 9.85197 
26.6438 10.5579 30.4869 22.4185 9.89287 
28.756 11.3883 29.8737 20.0517 9.93036 
29.4754 10.5643 30.5213 19.6038 9.83531 
28.4839 11.0223 31.5748 19.0164 9.90255 
30.585 10.3655 30.9978 18.2461 9.80564 
29.9451 10.6208 31.662 17.8844 9.88772 
28.6949 10.2 31.4462 19.8255 9.83345 
25.4234 10.3215 31.8623 22.571 9.82179 
25.6256 10.1276 31.1629 23.206 9.87778 
26.0941 10.3763 28.5502 25.0405 9.93889 
25.547 10.5007 28.3376 25.6453 9.96945 
25.1907 10.2172 28.7383 25.9021 9.95161 
23.8967 10.9305 28.7527 26.4784 9.94156 
21.7665 10.3744 30.5582 27.421 9.87987 
22.4622 11.1521 30.5423 25.9912 9.85222 
22.9855 10.4883 31.4115 25.2763 9.83839 
21.9232 11.7011 31.2687 25.2209 9.88608 
22.1897 10.7628 31.4238 25.7684 9.85532 
24.1863 10.271 29.592 26.1334 9.81725 
25.5425 10.357 28.4036 25.8832 9.81369 
25.5229 10.2121 30.3092 24.1832 9.77262 
25.7308 10.0548 28.9771 25.4022 9.83511 
25.4061 10.7277 28.8208 25.2418 9.80355 
25.372 10.7693 29.6131 24.4452 9.80042 
25.7812 11.5071 28.412 24.4675 9.83218 
25.2668 11.3641 29.3875 24.1149 9.86659 
26.3431 10.8433 28.8873 23.993 9.93329 
25.5919 10.358 29.571 24.5761 9.90295 
26.6007 10.0611 28.7586 24.746 9.83363 
27.2941 9.90479 28.373 24.6371 9.79103 
28.5988 9.93632 27.209 24.3764 9.87944 
28.8045 10.4289 28.2803 22.5978 9.88852 
28.8882 10.1989 28.3146 22.6696 9.92869 
26.0182 11.8896 29.5894 22.6002 9.90261 
25.5977 10.9093 30.3975 23.1796 9.91585 
27.4215 12.2157 28.4063 22.1244 9.83214 
28.1665 11.0398 30.0195 20.9261 9.84804 
26.6619 10.7086 32.1481 20.6832 9.79823 
28.0825 10.3232 30.3598 21.3664 9.86806 
27.8344 10.0206 31.6376 20.7146 9.79296 
27.4172 10.0103 30.9854 21.6906 9.89648 
26.2515 9.98796 29.4103 24.4192 9.93106 
24.8621 9.9779 29.0138 26.1967 9.94945 
24.8448 10.3338 28.3 26.5466 9.97473 
24.3943 10.0965 28.7627 26.8297 9.91694 
25.0947 11.0553 26.3955 27.5491 9.90547 
26.5276 11.1198 27.8359 24.6298 9.88694 
25.6367 10.6446 28.4942 25.3658 9.85873 
25.3607 10.746 27.8064 26.2422 9.84462 
26.5513 10.8569 27.4516 25.2179 9.92231 
25.1884 12.1399 27.1486 25.6962 9.82693 
26.1984 11.0169 28.9453 23.9788 9.86046 
26.0622 12.9159 28.9788 22.1746 9.8685 
27.8337 11.3921 27.3184 23.5873 9.86846 
26.1685 12.153 26.4075 25.3698 9.90112 
28.7637 11.303 24.1794 25.9253 9.82861 
29.1359 11.7171 26.188 23.1266 9.83234 
27.1128 10.6972 27.2517 25.1834 9.75488 
24.9893 11.9035 30.2417 23.11 9.75549 
25.0365 10.9685 29.1677 25.1001 9.72724 
25.0574 10.3432 31.0415 23.8353 9.72256 
25.9967 10.0537 31.3457 22.8604 9.74343 
25.752 9.95441 30.6004 23.894 9.79925 
24.9728 10.1385 30.9453 24.0438 9.89963 
25.065 10.2579 30.0953 24.7577 9.82403 
27.6034 10.0935 28.8774 23.5491 9.87655 
27.8017 9.95584 30.2569 22.1382 9.84737 
27.4602 9.89318 31.0607 21.7471 9.83894 
26.8962 9.80552 31.2043 22.3155 9.7784 
25.9087 9.79235 31.6905 22.8297 9.77879 
25.706 9.76195 32.456 22.3209 9.75517 
25.2754 10.6263 32.8429 21.4089 9.84653 
26.9958 10.2118 31.2863 21.6842 9.82191 
20 20 20 20 20 
19.8055 21.9935 22.3987 19.5624 16.2399 
21.8253 21.1309 23.6435 18.8721 14.5283 
22.528 19.8731 24.0525 20.9745 12.5718 
21.3991 21.0852 24.6107 21.6359 11.269 
18.4377 20.8601 26.7895 22.5243 11.3885 
15.5075 22.1826 26.4875 25.1797 10.6427 
15.4791 21.2844 28.8017 23.534 10.9007 
15.8671 21.0332 29.0099 23.7012 10.3886 
16.7505 18.7755 31.1344 22.2301 11.1095 
18.2344 16.6648 32.9381 20.27 11.8928 
20.5151 17.0421 31.5228 19.8124 11.1077 
18.2753 18.766 30.7948 19.9285 12.2354 
18.6342 17.2777 30.8436 21.177 12.0673 
17.1471 17.4756 32.4241 21.7742 11.1791 
15.9011 19.2981 30.5439 23.1716 11.0852 
15.1767 18.3903 29.7242 24.756 11.9529 
14.2325 19.2177 30.1774 24.7654 11.6071 
12.1601 20.2448 31.6457 24.3344 11.6149 
12.9805 19.5115 31.66 25.0631 10.7848 
13.0571 19.6636 30.2309 26.0108 11.0376 
14.1422 20.1727 30.3427 24.8236 10.5188 
13.8527 19.3967 30.5737 25.0555 11.1215 
14.0865 21.1061 28.515 25.3918 10.9005 
14.2343 19.6542 26.5047 28.3139 11.293 
13.5473 19.6941 28.2191 27.6824 10.8571 
12.1389 21.2626 28.7214 26.8549 11.0222 
12.8165 18.824 28.5776 28.9696 10.8123 
11.3642 19.434 30.258 28.2513 10.6925 
11.1599 18.9245 30.8632 28.2282 10.8241 
11.845 18.6189 29.8895 28.5719 11.0747 
10.9117 17.6608 30.7799 29.6873 10.9603 
11.6781 18.386 30.8344 28.0659 11.0357 
10.839 17.9139 30.9986 29.498 10.7504 
10.9999 17.5507 32.0171 29.1463 10.2859 
10.3925 17.9639 28.2997 31.8763 11.4675 
10.2551 17.5702 27.6793 32.0558 12.4397 
11.3157 16.2108 27.0822 32.4883 12.903 
11.2632 17.4104 25.6487 32.4997 13.178 
10.5961 19.1071 25.2357 30.9071 14.154 
10.2308 17.8495 27.304 30.1396 14.4761 
10.0566 17.6306 27.0637 30.4816 14.7675 
9.97998 20.5303 25.0053 30.4582 14.0262 
10.1153 19.2629 25.4867 30.6049 14.5302 
10.8313 18.4074 27.6394 29.1593 13.9626 
11.7362 19.7003 25.3321 29.4781 13.7533 
13.4476 18.5299 26.6025 28.431 12.9891 
11.9685 19.5213 26.588 30.5325 11.3897 
10.8794 20.7164 27.7462 29.0192 11.6389 
10.7281 19.012 29.4981 30.0144 10.7473 
10.3525 20.6429 28.3221 28.3483 12.3342 
10.2255 20.6663 27.3384 30.184 11.5858 
10.0632 19.8628 27.7781 31.5524 10.7434 
11.4243 19.4063 28.8434 29.0182 11.3078 
11.5516 20.1654 28.6553 27.7694 11.8583 
11.5037 20.2259 29.0054 27.8465 11.4184 
11.4935 18.845 30.651 28.2773 10.7331 
10.6586 20.0019 29.1794 27.7407 12.4195 
12.3317 18.3547 30.1917 27.9981 11.1237 
11.7338 17.6406 31.5769 27.4734 11.5752 
12.5728 17.2909 32.0237 27.0308 11.0817 
12.2509 18.2901 29.3367 28.2362 11.886 
12.1451 19.5873 27.4448 28.983 11.8398 
12.5786 18.7093 29.1441 27.7445 11.8235 
13.2999 19.143 26.6091 29.0839 11.8641 
14.2109 17.9861 27.085 29.42 11.2979 
14.3206 19.4994 25.4412 29.267 11.4717 
14.3593 21.1371 26.2023 26.1518 12.1495 
13.8726 20.8048 25.5683 26.8554 12.8989 
12.3152 20.7936 28.4321 27.1196 11.3394 
12.4568 19.3207 27.7331 28.6517 11.8377 
13.4079 18.1219 25.6614 30.4797 12.3291 
13.627 17.6507 26.8051 30.6245 11.2928 
12.1165 18.295 28.6803 29.2011 11.707 
12.0433 17.0029 31.4225 28.0669 11.4645 
12.4099 14.6439 33.893 28.4069 10.6462 
11.4613 16.0399 32.7158 29.4599 10.3231 
11.6207 15.8734 32.0647 29.9132 10.5281 
12.6285 14.8886 32.4762 28.994 11.0127 
13.8143 16.1285 27.0276 32.5233 10.5063 
15.1727 15.3813 28.0124 31.3023 10.1312 
14.6376 14.4855 30.4165 29.6255 10.8348 
14.3436 15.3695 31.7372 27.3472 11.2025 
14.0486 16.424 27.7597 29.7194 12.0483 
14.0513 14.2931 29.015 31.4813 11.1593 
14.9061 14.0759 30.8118 29.3276 10.8785 
14.5043 14.3456 30.1495 30.5612 10.4393 
14.9649 13.8218 31.1652 29.9083 10.1398 
15.7931 14.8128 29.3428 28.9868 11.0645 
15.61 13.1915 31.2003 28.9562 11.0419 
15.0653 14.6779 30.2577 28.5877 11.4114 
15.1751 15.2405 31.5796 26.9882 11.0166 
14.9245 14.5496 33.0452 26.6734 10.8072 
15.5403 15.9099 30.5895 27.6821 10.2782 
15.5049 16.3804 30.7644 27.2388 10.1115 
13.9855 15.9138 32.3198 27.8471 9.9338 
13.8711 15.4966 30.0488 30.7225 9.86108 
14.4752 15.0234 29.3101 31.2343 9.95699 
13.5737 15.3629 29.5311 31.1819 10.3504 
14.38 15.5611 29.8085 30.2041 10.0463 
13.0639 14.6574 33.0991 28.8556 10.324 
14.1727 16.3099 31.8311 27.5645 10.1218 
13.6015 15.5792 31.3701 28.7823 10.667 
14.2569 17.1463 32.2055 26.087 10.3042 
14.5101 16.9297 32.1195 26.2747 10.166 
14.9038 16.1136 31.9238 27.0184 10.0405 
14.6757 16.5554 31.5426 27.2486 9.97777 
14.9093 15.7063 30.1999 29.1957 9.98889 
13.8156 14.9537 31.0763 30.2783 9.8761 
15.5972 16.1663 28.786 29.5266 9.9238 
16.0053 15.9859 27.7669 30.4168 9.82512 
16.2875 14.8243 28.8544 30.1793 9.85442 
16.7152 14.1265 29.57 29.6611 9.92721 
18.3287 13.1326 29.0914 29.5704 9.8769 
18.6088 15.0385 28.8512 27.563 9.93845 
18.7845 14.4 30.3278 26.6255 9.86219 
16.7452 14.1519 30.8056 28.4197 9.87762 
15.9972 13.6742 32.4116 27.9929 9.92415 
15.6673 14.0457 31.5432 28.8737 9.87005 
16.6925 13.6294 32.2881 27.4999 9.88998 
17.9333 11.977 33.5482 26.7293 9.81225 
19.2006 11.544 32.856 26.5226 9.87688 
18.8991 11.8696 32.2816 27.1332 9.81649 
18.5 10.8309 35.7254 24.8426 10.1011 
20.1396 10.3234 32.1265 27.452 9.95854 
21.309 11.2136 29.0315 28.5675 9.8784 
21.1335 11.4451 30.2343 27.3077 9.87932 
21.2274 10.6775 29.3814 28.819 9.89462 
20.366 10.7567 27.3842 31.5922 9.90087 
22.3744 10.3166 27.2724 30.1479 9.88871 
20.9217 10.6155 28.2379 30.2657 9.9591 
21.2856 11.1497 29.7547 27.8476 9.96237 
19.8043 11.1649 31.337 27.7437 9.95013 
18.7759 10.5313 30.8562 29.9128 9.92387 
16.6487 11.5363 34.9 27.0026 9.91243 
17.1953 11.0907 35.0307 26.7271 9.95621 
16.8275 10.8249 35.5278 26.7176 10.1023 
19.4876 11.2849 35.3813 23.9293 9.91694 
19.1482 12.0688 33.2079 25.7577 9.8174 
21.5933 12.2844 32.3091 23.9366 9.87665 
23.0153 11.1261 30.7848 25.1516 9.92225 
21.9172 11.0238 30.7507 26.3983 9.90993 
20.9586 10.7661 33.0025 25.4025 9.87022 
21.397 11.0793 33.5899 24.0937 9.84017 
22.3761 10.8028 30.7752 26.1916 9.8543 
20.8154 12.6995 30.9155 25.6734 9.89609 
21.5727 11.8514 31.3154 25.4581 9.80242 
23.3256 11.0981 30.8615 24.9547 9.76014 
24.1248 11.1722 30.1724 24.7874 9.74329 
24.9195 11.1416 29.5306 24.6159 9.79228 
23.1741 10.6033 31.8108 24.6456 9.76627 
25.3801 10.1606 28.758 25.9592 9.74207 
24.1139 10.3783 30.6042 25.0657 9.83792 
25.3256 10.0435 29.0561 25.8014 9.77333 
26.3274 10.146 28.9691 24.702 9.85561 
28.6589 10.0251 28.0628 23.3733 9.87988 
28.3497 9.91118 28.0517 23.8488 9.83859 
27.2106 10.4913 28.3116 24.0673 9.91929 
25.1195 10.1352 31.5059 23.3901 9.84924 
23.6878 11.3176 31.7591 23.4329 9.80267 
25.1329 11.3067 29.0025 24.6732 9.88472 
24.6354 10.5123 29.5482 25.5028 9.8013 
22.8273 10.1924 29.583 27.5603 9.83695 
21.9309 10.6135 29.9639 27.5733 9.91848 
21.4549 10.2018 30.0169 28.4719 9.85434 
20.8837 10.1009 32.3522 26.736 9.92717 
19.5816 9.88917 32.4844 28.2425 9.8023 
20.9204 10.5924 30.5279 28.0748 9.88454 
20.7749 10.1913 29.5996 29.5968 9.83737 
19.5424 10.5534 29.9406 30.1153 9.84826 
20.6045 10.2767 29.9703 29.2243 9.92413 
21.0046 11.3256 29.5337 28.3245 9.81156 
21.8292 10.5172 29.3299 28.5636 9.76015 
22.7652 10.1287 31.5481 25.8078 9.75021 
22.4937 11.4136 31.0121 25.2848 9.79574 
21.2152 10.7701 31.6453 26.5665 9.80293 
22.0263 10.5753 31.0476 26.605 9.74576 
24.029 10.2083 29.1746 26.7946 9.79351 
23.3564 10.0562 30.8812 25.8574 9.84883 
22.5842 9.89389 31.3802 26.3515 9.79019 
22.3091 11.5571 29.2494 27.0741 9.81035 
23.7396 10.7105 29.5907 26.1221 9.83715 
25.4752 10.7974 29.4212 24.4556 9.85055 
26.1039 10.3492 29.5621 24.109 9.87577 
26.4168 10.835 30.1898 22.7463 9.8121 
27.0196 10.8371 29.7802 22.562 9.80115 
25.5619 10.4674 31.6654 22.5188 9.78657 
28.0407 10.4285 29.7937 21.9737 9.76342 
29.3798 10.2796 29.6027 20.9542 9.78367 
28.6824 9.99055 29.167 22.4174 9.74258 
