5 80000 300 266
20 20 20 20 20 
18.2609 20 23.913 20.2174 17.6087 
16.3751 19.7387 27.5147 21.2726 15.0989 
15.6705 18.2594 29.9705 21.4073 14.6923 
14.7602 18.5194 31.5346 20.0933 15.0926 
15.3166 18.33 31.5269 20.024 14.8026 
15.855 15.8395 33.3279 20.9019 14.0757 
14.6101 16.3923 34.5637 22.1455 12.2885 
15.2455 17.2532 34.2794 22.1149 11.107 
15.5111 14.8159 36.3144 22.8293 10.5292 
15.0575 16.9377 34.9889 22.8008 10.2151 
15.9277 16.3428 34.4236 23.2114 10.0944 
16.0556 16.1424 32.7915 25.0115 9.99891 
14.5496 15.1045 33.7871 26.0607 10.4982 
13.7496 13.9071 36.5578 24.9009 10.8846 
14.2098 15.022 36.2496 24.1864 10.3323 
14.2305 15.3613 35.1538 25.1367 10.1178 
14.9777 14.9288 35.7587 24.3619 9.97292 
15.9816 14.4022 35.8219 23.9035 9.89076 
15.8266 15.4101 34.9508 23.892 9.92051 
15.5541 15.7479 36.2421 22.4018 10.0541 
16.3205 15.2969 34.6477 23.8059 9.929 
15.7991 13.3429 35.2405 25.653 9.9645 
15.6854 13.4841 34.1653 26.6951 9.97009 
14.7734 14.044 34.7807 26.3426 10.0593 
14.3411 15.4153 34.6565 25.6413 9.94572 
13.9502 15.5769 34.8827 25.2904 10.2997 
13.8106 15.3834 34.7831 25.9363 10.0866 
13.9168 15.5078 34.8628 25.7268 9.98582 
13.798 15.5369 35.0022 25.7172 9.94574 
14.4367 16.1855 33.9584 25.547 9.87237 
14.6033 15.1146 35.139 25.2432 9.89986 
13.9343 14.0624 35.6817 26.3971 9.92442 
14.0023 14.4433 34.8007 26.892 9.86171 
14.2347 13.9475 35.5475 26.3902 9.88009 
15.0255 14.4993 34.9932 25.5675 9.91454 
15.6279 13.5324 35.5594 25.3492 9.93109 
14.9922 14.0682 34.8589 26.1647 9.91604 
13.9355 13.9785 36.4951 25.7086 9.88226 
13.4833 13.0799 36.9444 26.5937 9.89864 
14.629 12.0329 35.5145 27.9447 9.8789 
14.1847 11.2327 36.2051 28.4762 9.90128 
12.7574 11.0351 36.206 30.1248 9.87675 
13.2208 11.1754 35.4714 30.194 9.93837 
12.4299 11.526 36.9756 29.1112 9.95731 
12.1735 10.9443 38.436 28.5453 9.90094 
11.5068 11.8407 36.6977 30.1263 9.82852 
11.5976 11.8944 35.1021 31.5566 9.84932 
12.179 11.9368 36.1708 29.7106 10.0028 
13.2324 12.053 36.6039 28.2151 9.89557 
12.0285 11.4389 36.6009 30.0869 9.84469 
12.1985 10.851 37.2478 29.7803 9.92235 
12.2031 12.0489 35.8966 29.4356 10.4157 
12.5152 12.6998 36.5347 28.0686 10.1817 
13.3805 11.9365 36.4238 28.1404 10.1188 
12.2892 12.2183 37.4827 28.0025 10.0073 
14.1446 13.0322 35.5106 27.3859 9.92673 
15.9219 11.9733 34.422 27.8522 9.83062 
13.7965 11.8222 36.1765 28.3823 9.82247 
13.4316 11.3778 37.1549 28.1912 9.84457 
14.3429 12.3273 35.1029 28.3611 9.86579 
15.3906 11.2321 36.3186 27.1943 9.8644 
17.0268 10.9086 35.5688 26.6891 9.80685 
16.1953 10.4408 36.3828 27.0912 9.88995 
18.0675 10.9606 34.9588 26.0833 9.92987 
17.5269 10.9597 35.6986 25.9184 9.89644 
17.029 11.4419 36.142 25.5608 9.82627 
16.3942 11.0218 36.2658 26.534 9.78419 
16.1917 11.0665 36.1546 26.8171 9.77015 
16.0848 10.4919 37.4988 26.0807 9.84375 
16.0179 10.7674 35.7739 27.6109 9.82985 
17.642 10.7354 36.2356 25.5792 9.80789 
16.2452 10.9738 36.7542 26.1229 9.90395 
15.9208 11.4502 35.5025 27.2816 9.84494 
15.2278 12.1204 34.9024 27.885 9.86433 
14.8525 11.8243 34.8775 28.5538 9.89195 
15.5473 12.4408 32.5661 29.5635 9.88228 
14.4132 12.047 34.9822 28.7384 9.81919 
15.0007 11.0235 35.4323 28.6339 9.90959 
16.7413 11.1223 34.0528 28.1783 9.90529 
17.8945 11.0671 34.1395 27.0356 9.86336 
18.6737 10.8527 34.5469 26.1318 9.7949 
17.748 10.7223 36.4324 25.2154 9.88187 
18.8419 10.3451 34.9364 25.9518 9.92486 
17.8051 10.0506 36.828 25.4759 9.84048 
20.1333 9.94837 36.1063 23.9687 9.84332 
18.2965 9.94313 35.755 26.1148 9.8906 
17.9612 11.2665 36.043 24.9279 9.80142 
18.1869 12.2999 35.958 23.7338 9.82134 
19.3171 11.4215 34.2729 25.1257 9.86275 
19.7937 10.9473 35.0419 24.3872 9.83002 
19.2918 11.2061 34.8776 24.7732 9.85132 
17.8277 12.4212 34.257 25.5684 9.92566 
18.6108 11.2106 34.4012 25.8145 9.96283 
19.807 10.7777 35.2257 24.3493 9.84035 
19.7781 10.2478 35.3244 24.8706 9.77911 
20.8318 10.6795 33.9922 24.7248 9.77171 
21.2686 10.3785 36.5697 22.0523 9.73082 
21.2497 11.1892 37.3618 20.4108 9.78848 
21.8976 11.231 35.4082 21.6599 9.80333 
23.977 10.5451 33.7252 21.9215 9.83124 
23.9312 10.2088 34.697 21.3111 9.85193 
21.8982 9.98658 34.5202 23.7869 9.80812 
20.2143 10.5843 34.193 25.1522 9.85614 
20.3875 10.2766 35.165 24.2583 9.91249 
21.6802 10.0369 34.3055 24.1224 9.85489 
24.414 10.0013 32.273 23.4014 9.91027 
22.8382 10.4824 34.4089 22.3319 9.93852 
24.0042 10.1732 35.912 20.0095 9.90123 
25.7521 10.0866 35.0988 19.1119 9.95062 
25.962 9.9261 34.9322 19.3216 9.85812 
26.1039 9.94644 35.7385 18.2987 9.91245 
24.8069 10.1057 37.0746 18.0897 9.92311 
24.5346 9.97087 37.3897 18.2252 9.87959 
24.9132 9.84925 35.4264 20.0075 9.80361 
23.6606 9.77412 35.6062 20.8733 10.0858 
22.9414 10.611 35.1432 21.3794 9.92503 
23.6658 10.1835 34.4705 21.8395 9.84056 
27.127 10.1898 32.7255 20.1355 9.82224 
28.5295 11.3874 33.1995 17.0405 9.84309 
27.0981 10.8604 34.2664 17.8536 9.92155 
27.8348 10.3622 34.3101 17.6003 9.89275 
28.3732 10.1131 34.8421 16.7933 9.87835 
29.2743 9.96881 34.614 16.2914 9.85145 
27.8667 10.6264 34.4276 17.2897 9.78954 
28.407 10.7957 32.5647 18.5133 9.71933 
29.2573 11.1326 34.2035 15.7082 9.69838 
28.7766 11.1933 35.4297 14.7673 9.83311 
29.4089 10.5349 32.9412 17.2602 9.85483 
29.0148 10.2675 32.8499 17.9404 9.92741 
28.9171 9.99484 34.4805 16.7827 9.82482 
28.6095 9.90308 34.0327 17.6366 9.81807 
28.5905 10.3703 32.7799 18.4242 9.83514 
27.3957 10.4253 35.3856 17.0724 9.72106 
27.7489 10.6871 35.7585 16.0179 9.78754 
27.6426 10.6576 33.8213 17.9124 9.96623 
26.8169 11.4962 34.0913 17.7667 9.82893 
27.8821 11.1992 34.1509 16.9661 9.80168 
27.6129 10.4824 35.0442 17.0768 9.78365 
26.9761 10.5984 34.7096 17.9134 9.80254 
26.0897 10.1772 36.867 17.0868 9.77932 
26.9337 10.2168 35.3138 17.7314 9.80419 
29.0406 10.0264 35.2799 15.8329 9.82013 
31.3219 9.87152 34.8464 14.1918 9.76836 
30.4436 10.1532 37.2058 12.3133 9.88418 
28.9659 10.2898 36.6124 14.2135 9.91839 
29.8021 10.6768 33.6253 16.0429 9.85281 
31.1458 10.1907 34.3232 14.5615 9.77873 
28.0729 11.2178 36.2943 14.1685 10.2465 
27.6728 10.8037 33.7315 17.6903 10.1016 
27.6373 10.3792 34.7391 17.2162 10.0282 
27.9898 11.072 33.6797 16.6295 10.6291 
27.8198 10.8355 33.8905 17.3009 10.1532 
27.2762 10.6158 33.2819 18.799 10.0271 
29.2275 10.6311 33.7512 16.4337 9.95652 
26.6691 10.2563 34.8598 18.2959 9.91897 
29.2605 10.1281 32.8003 17.8517 9.95949 
28.1596 9.96602 34.8315 17.1611 9.8817 
28.4548 9.98301 36.1658 15.4556 9.94085 
28.8891 9.87872 35.1881 16.1864 9.85764 
29.7671 10.5845 33.7231 15.6201 10.3052 
27.4567 11.4326 32.0662 18.044 11.0005 
26.7 11.3767 33.2501 18.2201 10.4531 
29.1982 11.2687 34.9286 14.4672 10.1373 
29.7575 10.838 34.2064 15.1521 10.046 
27.2875 13.4482 29.8769 17.0651 12.3223 
26.7688 11.7241 33.4801 16.8659 11.1611 
27.2974 10.862 35.4357 15.8243 10.5806 
29.9278 10.7799 33.9969 15.1214 10.174 
30.1621 10.6763 33.7386 15.4902 9.93282 
28.7582 10.4951 35.9276 14.92 9.89914 
27.3325 10.688 36.0985 15.7502 10.1309 
29.0948 11.6297 32.0493 16.4465 10.7797 
28.0545 11.2651 34.2711 16.0432 10.3662 
28.3565 11.7301 32.0746 16.5582 11.2806 
29.3298 11.4206 32.9565 15.6023 10.6908 
30.1027 11.4707 32.3769 15.8657 10.1841 
28.0691 11.9484 32.7565 16.2169 11.0092 
29.5426 12.1239 30.5494 16.932 10.8522 
29.057 11.9293 31.8563 16.6292 10.5281 
28.2726 10.941 34.1746 16.3715 10.2404 
29.1622 10.6518 33.9267 15.9578 10.3015 
28.7887 11.8833 32.8103 15.9024 10.6152 
28.9877 11.9225 33.1516 15.8459 10.0923 
28.3436 11.3603 33.4772 16.8432 9.97573 
27.3438 11.5941 32.33 18.3678 10.3642 
29.0365 11.7867 31.2692 17.2568 10.6509 
27.7217 11.521 33.1671 17.2864 10.3038 
31.1289 11.4306 31.0165 16.1174 10.3065 
30.4581 10.6089 32.9551 15.9311 10.0469 
31.2217 10.2677 33.5731 14.9508 9.98668 
31.5368 10.1338 33.0829 15.2532 9.99334 
30.391 10.0198 32.815 16.8247 9.9495 
29.1299 10.7476 33.6206 16.0626 10.4392 
28.9518 10.7983 31.6688 18.4087 10.1724 
27.9894 10.5793 32.9515 18.4386 10.0412 
27.8561 10.7352 35.0401 16.3975 9.97108 
29.6688 11.1546 32.7978 16.5321 9.84665 
30.0518 11.0121 32.4315 16.1465 10.3581 
29.7759 11.2561 32.2158 16.5732 10.1791 
30.1511 11.1543 31.6342 16.7077 10.3527 
26.5041 13.0772 30.8171 17.2824 12.3192 
24.7104 13.049 31.294 19.5787 11.3679 
25.6052 12.2745 31.647 19.7894 10.684 
26.0048 12.0361 31.2729 19.7261 10.96 
26.2457 11.964 31.5824 19.3225 10.8854 
28.2604 11.9453 31.8463 17.6888 10.2592 
28.6907 11.7419 32.1319 16.8114 10.6241 
25.8561 13.7846 31.5336 16.3194 12.5063 
26.7212 12.6394 30.422 18.2172 12.0003 
28.5438 11.8171 31.1796 17.2238 11.2357 
29.4893 11.6151 32.4376 15.4054 11.0527 
32.437 11.4486 31.8598 13.6001 10.6545 
29.8346 11.0814 34.4567 14.3893 10.238 
28.6159 12.39 31.2694 15.7563 11.9683 
25.6452 13.1718 33.658 15.727 11.7981 
26.343 12.7083 32.9004 17.0472 11.0011 
27.3506 12.0756 31.3756 18.7226 10.4757 
28.5078 12.0186 30.9988 18.4522 10.0225 
26.9566 12.4958 32.7967 17.3342 10.4167 
28.5351 12.2138 30.887 17.4739 10.8902 
29.189 11.8661 30.365 17.8993 10.6807 
29.1353 11.8004 30.7437 17.8782 10.4424 
28.166 11.3395 33.1543 17.3073 10.0329 
27.1063 11.0186 35.4143 16.5606 9.90017 
25.8338 11.942 33.789 17.637 10.798 
25.8886 11.6314 33.404 18.7242 10.3519 
26.2579 12.3246 31.7907 18.5337 11.0931 
26.2437 12.4464 32.2888 18.01 11.011 
28.3088 11.8307 32.4995 16.9489 10.4121 
29.539 11.6846 32.8363 15.9264 10.0137 
30.8753 11.3711 32.2835 15.6555 9.81455 
30.7289 11.0254 32.8893 15.5947 9.76164 
31.4859 11.1202 32.5662 15.0404 9.78736 
29.2724 12.3248 32.7537 14.579 11.0702 
29.72 12.587 29.7847 16.7867 11.1217 
29.811 11.6856 31.0688 16.9718 10.4628 
26.9308 13.1213 31.9901 16.3973 11.5605 
25.4766 12.9852 34.1515 16.0199 11.3668 
25.9641 13.5894 30.3015 18.0099 12.135 
26.2417 13.1483 28.1342 20.8834 11.5924 
25.8926 12.2807 32.8171 17.7787 11.231 
24.7297 12.8282 32.3321 18.125 11.9849 
25.6627 12.5311 32.1235 18.371 11.3116 
25.1171 12.2656 33.776 17.4712 11.3701 
26.973 11.313 34.2304 16.8437 10.64 
28.7966 10.5014 34.557 15.98 10.165 
27.1434 10.1527 35.906 16.8135 9.98444 
28.3483 10.0592 34.7915 16.826 9.97504 
31.1663 9.91239 33.6067 15.4443 9.87033 
28.8715 9.91115 34.8214 16.5059 9.89012 
30.1445 9.93642 34.0773 15.9158 9.9259 
30.2978 9.85543 33.768 16.2286 9.85017 
27.9195 9.90607 35.0658 17.2052 9.90344 
27.3342 9.89131 35.4341 17.4503 9.88999 
27.5667 9.77191 35.4777 17.4124 9.77125 
27.0839 11.0436 32.7635 19.051 10.058 
26.5363 11.454 32.4834 18.8476 10.6787 
27.3204 12.2629 30.294 18.2473 11.8753 
27.1523 12.4807 30.7555 18.3829 11.2287 
27.1178 11.657 32.6694 17.9415 10.6143 
27.7449 11.4099 35.4045 15.2498 10.1909 
29.1555 10.6106 34.872 15.3607 10.0011 
29.4523 10.144 35.8948 14.6696 9.83926 
29.6198 10.3912 34.7027 15.0476 10.2388 
28.0043 12.14 31.5875 16.2043 12.0638 
25.3815 13.6562 30.9661 17.0677 12.9285 
20 20 20 20 20 
17.565 20.2837 22.8842 22.2931 16.974 
16.5108 19.0411 29.0065 19.6946 15.747 
15.1047 20.8219 29.4576 20.8062 13.8095 
15.389 19.4617 30.4021 21.9925 12.7547 
14.5127 17.9127 33.4965 22.7008 11.3773 
13.708 16.9057 34.7206 23.6776 10.9882 
12.5879 16.251 35.5942 25.1415 10.4253 
12.0771 15.3544 34.7851 27.0286 10.7548 
11.3957 15.2665 34.8033 27.4652 11.0694 
11.079 15.9292 33.7693 28.1945 11.028 
11.8186 15.639 34.5591 27.4693 10.514 
12.2545 16.8297 32.6349 28.0748 10.2062 
11.6954 17.5057 33.5902 26.8783 10.3304 
12.555 16.8017 33.2585 27.2196 10.1652 
11.2664 16.9374 33.1481 28.4657 10.1824 
10.5512 17.8364 32.1478 29.4553 10.0092 
10.264 17.6189 32.7792 28.1847 11.1531 
10.5148 16.7042 34.6911 27.6091 10.4809 
10.7186 15.1482 34.9426 28.2463 10.9443 
12.2558 14.8401 34.4664 28.0394 10.3983 
12.7946 15.1978 34.7887 26.0197 11.1991 
12.5601 14.1105 34.9525 27.3122 11.0647 
14.0107 14.6613 34.4339 26.3743 10.5199 
12.6487 15.6828 34.4856 26.9569 10.2261 
13.3666 15.7052 35.2005 25.685 10.0426 
11.8355 15.1126 35.8672 27.2453 9.93934 
12.5371 13.8211 36.1369 27.5707 9.93421 
12.6971 13.4581 35.0923 27.952 10.8004 
11.2437 13.1393 35.3783 28.6613 11.5774 
11.064 12.8055 36.0565 28.7297 11.3442 
11.9753 11.4285 36.8427 29.1845 10.569 
12.0073 12.9624 34.8833 29.8256 10.3214 
12.3547 13.1787 34.7626 29.578 10.126 
11.7883 12.8237 37.2068 28.1306 10.0506 
10.871 15.6711 36.196 27.2598 10.0021 
10.4943 15.012 35.0392 29.5122 9.94224 
10.789 14.5257 35.0073 29.7807 9.89723 
10.977 13.0881 35.9502 30.0603 9.92434 
10.7333 12.6047 37.0893 29.7155 9.85728 
11.6612 12.7156 35.7656 29.9409 9.91676 
12.03 13.0964 35.1335 29.7952 9.9449 
11.3315 13.0039 36.4275 29.328 9.90916 
11.9471 12.4065 37.058 28.7343 9.85408 
12.4457 12.5484 36.8031 28.3266 9.87628 
11.9715 12.2902 37.3855 28.4681 9.88466 
12.1639 11.6049 37.6583 28.7455 9.82739 
11.7375 12.1006 37.2096 29.1543 9.79801 
10.7682 12.583 35.6902 31.16 9.7985 
10.9692 11.7436 36.8611 30.6066 9.81946 
10.4846 12.4103 35.7382 31.4572 9.90973 
10.8254 11.6642 35.1148 32.478 9.91765 
11.1819 11.7295 35.6343 31.4954 9.95882 
10.5785 13.0967 35.7723 30.5856 9.96694 
12.0667 13.4537 33.9987 30.5102 9.97068 
11.8415 14.5551 33.4135 30.2803 9.90958 
11.0427 14.4727 33.7799 30.7499 9.95479 
11.2221 14.8373 35.8923 28.0828 9.96552 
11.6604 13.9619 35.7239 28.7328 9.92103 
11.7126 13.5317 34.3058 30.5429 9.90704 
11.9206 13.8203 35.7173 28.6378 9.90401 
12.9008 13.4257 35.4224 28.1999 10.0512 
13.7538 12.7522 34.846 28.7067 9.94131 
13.2382 12.3557 35.8708 28.6027 9.93249 
13.5422 12.5881 35.6277 28.2757 9.96624 
13.2478 13.0298 35.4304 28.3866 9.9054 
12.7247 12.881 35.2219 29.3126 9.85986 
12.7193 12.6752 36.5596 27.9815 10.0644 
13.0801 12.386 33.7368 30.6574 10.1397 
13.6647 12.8088 34.5529 28.9419 10.0317 
14.8681 11.7615 35.3887 27.9914 9.99034 
13.2541 10.7749 35.816 30.2655 9.88935 
14.2327 11.0213 33.9644 30.9074 9.87425 
14.0354 12.0381 35.52 28.5085 9.89796 
14.8013 12.0876 34.9104 28.3704 9.83025 
16.3713 11.9262 34.6611 27.1264 9.91512 
15.4991 11.0377 35.241 28.3393 9.88293 
14.1297 10.597 36.3705 29.0134 9.88938 
15.969 10.504 34.6236 29.0272 9.8762 
16.7489 10.137 35.4153 27.8757 9.82316 
15.3665 9.94979 37.2327 27.6582 9.79284 
16.206 11.651 35.9459 26.3291 9.86801 
17.6342 11.4505 35.9417 25.0395 9.93401 
16.946 10.6332 34.9954 27.5504 9.87498 
16.9525 11.0184 35.4801 26.6407 9.90825 
15.4422 10.9271 35.3871 28.3358 9.90769 
14.864 11.7493 36.5507 26.8822 9.95384 
15.0921 11.4457 35.5455 28.0651 9.85157 
15.3586 11.9728 34.4915 28.2513 9.92579 
15.3369 12.8933 35.2638 26.5881 9.91785 
16.143 12.6614 35.9935 25.2997 9.90243 
17.4675 11.1964 35.9498 25.5693 9.81699 
17.5175 10.4969 36.2181 25.9603 9.80714 
18.0725 10.1504 35.5927 26.3789 9.80553 
19.1266 10.0451 34.3626 26.593 9.87265 
16.328 10.6108 34.9754 28.1495 9.93632 
17.1384 10.5938 35.5967 26.735 9.93611 
17.0067 10.2969 36.7046 26.0237 9.96806 
16.9939 10.0227 34.8617 28.2634 9.85824 
16.3839 9.92205 35.1392 28.7151 9.83983 
15.5054 10.4834 35.9278 28.2381 9.84529 
15.0012 10.7151 35.4195 29.0599 9.8043 
16.7482 11.0002 35.1079 27.3826 9.76109 
15.7136 11.1576 35.2909 28.0644 9.77351 
14.8829 11.2977 35.4559 28.5747 9.78872 
17.3274 11.1622 33.8877 27.7854 9.83732 
18.6305 10.5645 33.8874 27.0156 9.90205 
18.2659 10.9921 35.4622 25.3905 9.8893 
18.4312 10.7592 34.7486 26.204 9.85693 
17.9253 10.3796 35.7614 26.0052 9.92846 
19.333 10.7454 34.5474 25.41 9.96423 
18.5812 11.1866 35.2969 25.1081 9.82708 
20.5809 10.432 34.1359 25.0989 9.75225 
21.5354 11.0393 32.329 25.4008 9.6954 
20.1649 11.0161 33.1858 25.821 9.81224 
20.6267 10.6101 34.6201 24.3051 9.83809 
21.0157 10.1545 35.5375 23.5238 9.76854 
20.43 10.5247 36.0567 23.2405 9.74809 
21.3072 11.0644 34.4106 23.395 9.82285 
21.9383 11.7822 33.6984 22.8086 9.77254 
24.0644 11.6451 32.5238 21.9202 9.84659 
23.7477 11.6803 32.7891 22.048 9.73501 
23.7681 11.567 32.9144 22.0372 9.71332 
23.1517 10.9478 34.0628 22.0515 9.78624 
24.0758 11.0989 33.9064 21.0257 9.89312 
23.698 10.8854 35.135 20.3943 9.88727 
24.6641 11.115 34.7944 19.6509 9.77557 
24.9725 11.1755 32.5657 20.7805 10.5058 
27.6025 11.0141 31.5929 19.6926 10.0978 
23.6752 10.5491 35.3343 20.5606 9.88085 
23.6743 10.5807 35.8304 20.0762 9.83839 
24.5356 10.2506 37.1612 18.173 9.87951 
26.0433 10.2274 35.0772 18.7804 9.87173 
26.0731 10.0769 35.1857 18.7652 9.8991 
24.0927 9.98895 34.4245 21.5938 9.90004 
23.9107 9.90973 33.9919 22.3223 9.86528 
24.0982 9.95487 33.246 22.7683 9.93264 
23.8449 9.90701 34.2286 22.1236 9.8959 
23.326 9.86579 32.202 24.746 9.86023 
24.6987 9.93289 32.8867 22.5516 9.93011 
23.5993 9.96645 33.2291 23.2401 9.96506 
24.495 10.0613 34.7786 20.7997 9.86534 
24.7475 9.86938 35.7361 19.8757 9.77138 
26.8579 9.89501 34.7331 18.668 9.84601 
26.6191 11.3892 33.3175 17.3095 11.3647 
25.6807 11.107 31.8649 20.5104 10.837 
23.203 10.7348 34.8444 20.6179 10.5998 
25.555 10.2511 32.771 21.2392 10.1836 
25.0058 11.3756 31.6029 21.2174 10.7983 
26.3616 12.2095 32.1058 18.4891 10.834 
26.249 12.0707 30.8256 19.7559 11.0988 
27.1245 11.5353 32.6628 18.128 10.5494 
24.5741 12.3153 32.1052 19.7783 11.2271 
22.8134 13.0655 31.8421 19.7576 12.5214 
21.4873 14.5973 28.421 21.1691 14.3252 
21.2275 15.3632 25.5008 22.2781 15.6304 
22.2474 13.1271 30.8197 21.04 12.7657 
22.5821 11.7719 33.8994 20.1554 11.5912 
23.6594 11.1491 33.5287 20.604 11.0587 
25.6969 10.4574 32.78 20.6536 10.4122 
25.2358 10.1836 35.0837 19.3358 10.161 
24.9285 10.0161 32.8827 22.1679 10.0048 
25.1454 9.89933 32.9269 22.1347 9.89369 
24.4775 9.90998 34.1222 21.5832 9.90716 
23.1558 9.75849 34.7467 22.582 9.75707 
24.0779 9.77055 34.5835 21.7982 9.76984 
26.0541 9.80952 33.5796 20.7476 9.80916 
27.2606 9.83177 31.7533 21.3227 9.83159 
26.0831 9.82154 31.9144 22.3595 9.82145 
26.4254 9.96128 32.3713 21.2807 9.96123 
26.683 9.77516 34.9071 18.8596 9.77514 
27.259 9.8704 33.0893 19.9109 9.87039 
28.2313 9.80246 34.2438 17.92 9.80245 
28.8429 9.81032 32.7582 18.7782 9.81032 
28.7965 9.90516 32.8375 18.5558 9.90516 
27.961 9.81088 33.8276 18.5896 9.81088 
28.3009 9.75981 33.176 19.0036 9.75981 
27.5145 9.71861 34.0995 18.9488 9.71861 
28.8326 10.1357 33.1302 18.0171 9.88443 
28.9892 10.093 34.4043 16.5462 9.96734 
29.0449 10.602 33.3397 16.7387 10.2747 
27.9104 11.0387 33.6097 16.8393 10.6018 
26.6095 11.6922 33.7802 16.4443 11.4737 
26.8342 11.7285 33.0666 16.7516 11.6192 
29.3049 11.4717 32.1875 16.3197 10.7162 
27.3866 10.792 34.6331 16.9614 10.227 
26.9844 10.2483 36.0929 16.7085 9.96582 
28.5272 10.0193 35.1793 16.3962 9.87801 
28.9188 9.96653 34.1845 17.0343 9.8959 
29.591 9.80783 35.294 15.5347 9.77251 
28.9176 9.86575 34.4409 16.9277 9.84809 
30.1063 9.78899 32.8679 17.4566 9.78016 
29.3389 9.78171 34.667 16.4351 9.7773 
28.5184 9.74697 34.9594 17.0305 9.74476 
29.0319 9.87349 33.1615 18.0607 9.87238 
29.9435 9.76946 34.6105 15.9077 9.7689 
26.654 10.0249 36.4641 17.066 9.79099 
27.7951 9.90607 34.1895 18.3202 9.78911 
27.3478 11.0934 32.2994 18.5168 10.7425 
23.5749 15.4477 26.5458 19.1594 15.2722 
21.7875 16.8543 25.8816 19.1449 16.3318 
23.1888 15.2577 28.2413 19.6818 13.6304 
23.2346 13.9781 32.3746 18.3065 12.1062 
25.121 14.2883 28.961 18.2773 13.3524 
27.7923 14.0978 26.7322 18.0791 13.2987 
27.3395 13.181 30.8189 17.0584 11.6022 
27.6404 14.3111 27.1742 17.7204 13.154 
24.3971 16.7709 24.164 18.4756 16.1924 
23.5975 14.6031 29.1804 18.3051 14.3138 
24.1861 12.7069 31.0317 19.9634 12.1119 
24.7487 11.5402 34.3955 18.2804 11.0352 
26.3186 10.7502 34.3292 18.1044 10.4977 
27.8382 10.6503 34.1371 17.3091 10.0653 
27.6228 13.1029 29.6611 17.1731 12.4401 
28.0971 12.8015 29.4139 17.5151 12.1724 
28.2708 11.2896 31.5958 17.8687 10.9751 
28.4711 12.9875 29.0846 16.9763 12.4806 
27.0092 14.158 28.7759 16.5173 13.5395 
27.9906 13.1538 31.9113 14.5671 12.3773 
29.2731 11.5372 33.8128 14.228 11.1489 
30.6935 10.6466 33.5731 14.6343 10.4525 
31.1801 10.3233 34.2865 13.9838 10.2263 
30.1734 12.4533 29.9905 15.3252 12.0576 
26.9511 15.125 26.4359 16.9847 14.5034 
26.4126 15.2548 25.4557 18.6322 14.2447 
25.075 13.4355 31.1622 17.3969 12.9304 
27.4395 11.6197 33.0321 16.5416 11.3672 
27.4365 11.1196 33.9939 16.8991 10.5508 
26.5754 10.4578 34.1398 18.6536 10.1734 
25.9459 10.0812 35.4243 18.6095 9.93901 
26.0951 10.018 35.8117 18.1283 9.94688 
27.9635 9.84092 35.5529 16.8373 9.80537 
29.18 9.76627 34.076 17.2292 9.7485 
28.1146 13.0799 28.5134 17.2212 13.071 
27.4948 13.7274 28.6317 17.0481 13.098 
27.3838 13.1137 30.7931 16.1945 12.5149 
26.6548 14.3346 27.6188 17.7269 13.6649 
26.2904 14.5747 26.402 18.4931 14.2398 
27.1549 13.0845 30.3508 16.976 12.4339 
25.7061 12.4828 33.9873 16.6563 11.1675 
27.5791 13.7757 28.9799 17.2323 12.433 
28.7642 12.7254 30.4798 16.4842 11.5465 
28.6062 11.9661 33.1278 15.5697 10.7301 
27.4487 11.3821 34.1696 16.705 10.2946 
29.2746 11.4327 32.1565 16.9649 10.1712 
30.0918 10.7163 33.5783 15.5279 10.0856 
28.1607 11.0959 34.0023 16.2339 10.5073 
29.5626 10.6241 34.7676 14.7159 10.3298 
29.6461 10.267 34.7262 15.2409 10.1198 
30.6961 10.6891 33.7652 14.4987 10.3509 
30.6747 10.8722 31.7067 16.5458 10.2006 
29.811 10.2606 32.52 17.4835 9.92486 
28.3076 10.285 35.0744 15.9582 10.3748 
26.4826 11.9918 32.9482 16.5408 12.0367 
26.5391 11.581 32.1656 18.3768 11.3375 
27.4407 11.1381 32.6603 17.4772 11.2837 
29.1489 11.569 31.7587 16.1671 11.3561 
28.8988 11.7305 31.0145 17.2728 11.0835 
28.3531 11.7476 31.8174 17.1925 10.8893 
25.5939 13.7478 29.6882 17.6514 13.3187 
26.2378 12.5191 30.7043 18.5031 12.0357 
25.6189 13.0163 29.5414 19.0489 12.7746 
26.9509 11.8112 30.9323 18.8679 11.4378 
26.2205 12.4415 32.4596 16.6235 12.2549 
27.7737 11.0285 32.8163 17.206 11.1755 
25.804 10.9546 34.802 17.6703 10.7691 
24.9439 10.7129 34.1549 19.5682 10.6202 
20 20 20 20 20 
16.4554 19.6244 23.615 21.9718 18.3333 
15.517 21.2017 25.8166 21.4643 16.0004 
16.2291 20.8362 28.3201 19.791 14.8237 
15.1301 19.5495 30.9752 20.5859 13.7593 
14.9347 20.6591 32.4944 19.3632 12.5486 
16.0798 18.2243 33.8309 19.251 12.614 
16.4722 17.3069 34.4927 19.3642 12.364 
17.1647 17.9392 34.5082 18.4916 11.8963 
16.089 16.7444 35.8868 20.3718 10.9079 
16.5641 14.7968 36.2395 21.9178 10.4819 
16.7327 15.497 36.547 21.0528 10.1705 
15.6503 16.3905 35.1871 22.5017 10.2704 
15.7388 17.4278 33.4209 23.3612 10.0513 
15.7704 17.0866 33.3378 23.8268 9.97848 
15.2169 17.3173 32.8949 24.6538 9.91712 
15.5091 16.4465 34.7319 23.3878 9.9247 
15.0895 16.0472 34.6031 24.4079 9.85233 
13.8095 16.8888 34.0864 25.3245 9.8907 
14.7136 16.3698 35.225 23.8511 9.84046 
14.2318 15.3099 36.1125 24.4255 9.92023 
14.123 13.712 35.9897 25.752 10.4233 
13.9398 13.7343 35.9843 26.2358 10.1058 
14.2258 13.4635 35.6702 26.7063 9.93418 
15.3826 12.7114 36.1557 25.8213 9.92892 
15.6182 13.9167 35.151 25.2277 10.0864 
15.4923 13.4595 36.488 24.316 10.2442 
14.2347 13.6 36.8191 25.2623 10.0839 
13.6011 13.7825 37.1128 25.4741 10.0295 
13.5189 15.5476 34.0603 26.9489 9.9243 
14.3352 16.3597 32.9392 26.4795 9.88639 
13.3545 14.8717 34.0201 27.8862 9.86744 
12.4364 15.6819 33.764 28.2101 9.90754 
13.4682 15.716 33.632 27.2301 9.95377 
11.7341 15.6211 33.5265 29.1413 9.97689 
12.674 14.6175 34.4613 28.3083 9.93894 
12.5155 12.9152 37.0247 27.6553 9.88938 
14.2791 13.2758 34.8225 27.7314 9.89121 
14.2448 13.48 34.5165 27.8131 9.94561 
14.3559 12.8314 35.9131 26.9776 9.92204 
14.448 13.0922 35.464 26.9903 10.0055 
14.1878 14.3456 34.4451 27.1442 9.87742 
15.4702 14.5181 33.7174 26.4587 9.83562 
15.0295 13.4925 35.0285 26.6246 9.82497 
14.6576 13.477 35.5087 26.4991 9.85754 
12.6134 13.6491 35.3695 28.5612 9.80682 
11.7563 14.3177 34.1698 29.9482 9.80804 
11.7047 13.2564 34.0226 31.2343 9.78207 
12.385 11.779 35.4786 30.19 10.1674 
12.1821 10.8374 36.8799 30.069 10.0316 
13.5409 12.1522 35.4887 28.9313 9.88687 
13.8549 11.3895 35.728 29.1796 9.84807 
13.0085 11.6407 36.1072 29.3195 9.92403 
12.5482 11.8643 35.4987 30.1817 9.90707 
13.6124 11.7779 35.411 29.27 9.92866 
12.5997 11.5565 34.9599 31.0078 9.87617 
12.6635 10.8432 36.3111 30.3091 9.87315 
13.5126 10.7407 35.1768 30.7131 9.85679 
14.1589 11.9937 34.991 28.9929 9.86346 
13.5227 11.7958 36.6965 28.1562 9.82864 
14.3033 11.6242 35.946 28.3239 9.80259 
14.5263 11.2693 35.6721 28.7637 9.76855 
13.1786 11.2685 36.5685 29.0298 9.9547 
12.8055 12.391 37.2031 27.623 9.97735 
14.643 13.7374 35.2217 26.521 9.87694 
16.011 12.9941 35.9869 25.0839 9.92423 
16.3887 12.6348 35.9575 25.1168 9.90223 
17.0629 11.9749 34.0338 27.0844 9.84408 
17.0389 11.2113 34.7781 27.1243 9.84741 
14.4107 11.799 34.6096 29.2721 9.9086 
15.1808 11.7277 34.176 29.0532 9.86228 
15.7025 12.0586 34.7871 27.6535 9.79839 
15.5772 11.4229 34.7405 28.404 9.85547 
15.7828 11.2347 34.8121 28.3008 9.86959 
14.1414 12.1391 34.3897 29.5037 9.8261 
15.404 10.9876 36.0473 27.73 9.83108 
14.171 10.4803 36.622 28.8246 9.90206 
15.9979 10.8293 34.6252 28.6117 9.93593 
17.1195 10.6264 34.2507 28.1495 9.85396 
18.9313 10.4215 34.1532 26.6134 9.88054 
18.4627 10.2255 34.9232 26.5811 9.80753 
17.9777 10.2148 35.1001 26.8474 9.86003 
18.0231 10.8706 36.5532 24.6386 9.91444 
18.6152 10.6182 35.6546 25.2766 9.83527 
18.6136 10.1987 34.2311 27.1494 9.80722 
18.2663 10.0127 35.4682 26.436 9.81691 
19.0457 9.96259 35.5183 25.6086 9.86472 
17.6554 9.95118 36.8857 25.6055 9.90224 
18.7965 9.96001 35.7326 25.5753 9.93554 
17.5064 10.3854 35.2837 26.9018 9.92273 
16.8742 10.129 35.9539 27.1452 9.89767 
16.1294 10.0325 35.9257 27.9957 9.91678 
16.0707 10.1522 36.2408 27.593 9.94329 
17.17 10.044 34.6268 28.2196 9.93959 
16.9468 10.4828 34.037 28.6149 9.9186 
16.8067 10.1156 36.2009 27.0433 9.83351 
17.4638 9.92357 35.5501 27.28 9.78253 
17.444 10.0754 34.6311 28.034 9.81551 
17.7973 10.1747 34.9525 27.2019 9.87351 
16.39 10.6623 35.2463 27.8867 9.8148 
17.8588 11.0034 33.5895 27.8089 9.73933 
18.712 11.806 32.8817 26.7305 9.86967 
19.8038 11.4254 34.9483 23.9623 9.86021 
20.5368 10.9508 34.4583 24.2034 9.85074 
20.4874 11.1323 32.7401 25.7878 9.85238 
22.9682 10.9554 34.0347 22.1753 9.86631 
22.9824 10.3557 34.439 22.4117 9.8112 
22.4944 10.3559 34.6952 22.6945 9.75997 
22.5085 10.5833 34.765 22.3082 9.83494 
20.9094 10.2917 34.1066 24.7748 9.91747 
19.5311 10.5598 34.5692 25.4447 9.89504 
18.0695 10.2269 35.1291 26.68 9.89452 
18.4725 9.93274 34.8336 26.9946 9.76654 
19.1263 10.644 35.3655 24.6695 10.1946 
20.0704 11.1191 34.1683 24.6536 9.98862 
20.9941 11.3815 34.5499 23.1145 9.96006 
23.5334 10.6412 34.2716 21.6232 9.93053 
24.4082 10.981 34.4943 20.2456 9.87092 
25.276 11.3728 34.0772 19.4365 9.83742 
25.138 10.8335 33.2151 20.9315 9.88195 
24.1584 11.7081 32.8327 21.3929 9.90786 
25.8528 11.1371 32.6428 20.5078 9.85959 
26.897 10.5318 33.2331 19.4451 9.89303 
26.4522 10.2109 33.6495 19.7958 9.89157 
26.5745 10.0828 32.8881 20.5314 9.92316 
26.2441 10.0248 33.3876 20.3986 9.94497 
26.3088 10.5069 33.3605 19.9062 9.91754 
26.3847 10.4081 33.8624 19.4033 9.94159 
28.3332 10.3097 32.7763 18.6805 9.90037 
27.2785 10.3996 34.0455 18.4312 9.84529 
27.7418 10.1449 33.8726 18.3731 9.8677 
26.5445 9.93354 35.3391 18.3879 9.79496 
25.7723 9.86542 34.7303 19.8359 9.79613 
25.8139 11.0164 35.0458 18.2829 9.84103 
26.0869 10.9475 33.0041 20.2293 9.73223 
26.5318 10.3575 34.1764 19.1844 9.74984 
27.3963 11.9722 31.2187 19.1031 10.3097 
28.0111 10.9479 33.7391 17.1851 10.1167 
29.0819 11.1992 33.8543 15.8445 10.0202 
29.6529 10.8235 35.0242 14.6387 9.86083 
30.4868 10.5061 35.6253 13.5457 9.83608 
31.1055 10.253 34.7092 14.0143 9.91804 
30.8784 10.1074 34.596 14.4784 9.93986 
29.2392 10.0537 35.898 14.8392 9.96993 
29.2962 10.7482 33.6206 16.3748 9.96009 
27.5513 11.1345 35.0131 16.4823 9.81875 
28.4053 10.5672 35.4695 15.6486 9.90938 
28.9526 10.5336 33.7348 16.8243 9.95469 
28.7147 12.5516 30.1124 17.0214 11.5999 
26.8574 12.5258 32.5562 17.2607 10.7999 
28.4677 11.1457 35.4187 14.685 10.2828 
27.9839 11.0729 35.2094 15.3425 10.3914 
30.0206 11.2781 32.9157 15.566 10.2196 
28.6048 10.4777 34.891 15.8475 10.1789 
27.476 11.8257 31.5174 17.804 11.3769 
26.3187 12.687 32.5329 16.3214 12.1401 
28.0787 11.5855 33.2019 16.2252 10.9087 
25.3516 11.2226 35.8317 17.1624 10.4317 
27.2848 10.5496 32.3192 19.6923 10.1541 
27.8994 10.0941 33.027 19.0831 9.89635 
27.4578 9.88574 35.6668 17.2028 9.78688 
28.9799 9.76912 36.5592 14.9721 9.7197 
30.2988 9.8478 35.0076 15.0228 9.82308 
31.0953 10.5996 32.9092 15.079 10.3169 
27.7926 12.4426 30.06 17.7436 11.9612 
27.7198 13.5743 27.9712 18.8718 11.863 
30.1735 11.66 31.5703 15.7918 10.8044 
30.027 10.8101 34.1119 14.6688 10.3823 
27.6605 11.5815 33.8206 15.8638 11.0735 
29.1012 11.4558 31.6886 16.7989 10.9555 
29.7215 11.0698 33.152 15.6644 10.3923 
28.1774 11.565 33.9127 16.1237 10.2213 
27.7758 11.6484 33.1575 16.4417 10.9765 
28.8879 11.6137 32.3682 16.3788 10.7514 
28.9367 11.1209 34.0585 15.6773 10.2066 
29.4401 11.7751 32.2835 15.7483 10.753 
29.1479 11.8577 31.8134 16.5806 10.6004 
29.1088 12.3242 32.4765 14.9763 11.1142 
29.6643 12.2061 30.7987 16.0047 11.3263 
30.5184 11.9854 30.3503 16.3357 10.8102 
28.3433 11.8338 33.1658 16.3454 10.3116 
29.0104 12.6911 28.841 17.205 12.2526 
30.4472 12.3842 30.121 16.0904 10.9572 
29.2861 12.1817 32.248 15.5973 10.6869 
30.3931 11.0908 32.124 16.0486 10.3435 
28.2539 11.9148 31.6671 16.623 11.5412 
28.0445 11.3698 33.1016 16.5589 10.9252 
28.3079 12.0341 31.1011 17.8033 10.7536 
27.3236 11.151 33.4077 17.8302 10.2875 
30.0125 10.5518 32.5806 16.735 10.1201 
32.156 10.5899 31.7492 15.6139 9.89095 
31.8438 10.4751 33.8926 13.888 9.90043 
29.9772 10.7675 33.0754 16.391 9.78892 
29.8876 11.4444 33.4569 15.2662 9.94497 
30.8529 11.5303 32.8901 14.7038 10.023 
27.7976 11.4352 34.744 15.8571 10.1661 
28.3373 12.1347 30.2062 18.6237 10.698 
29.0012 11.5698 31.1318 18.1635 10.1337 
27.9621 11.2794 33.4231 16.7741 10.5614 
25.8345 10.5966 33.5219 19.8095 10.2376 
26.7634 10.2983 34.2609 18.5586 10.1188 
27.2453 10.6037 32.3577 19.7338 10.0594 
29.6227 10.1907 31.9566 18.3114 9.91859 
29.6628 10.7884 33.0575 16.5814 9.90979 
29.1543 10.6026 33.1954 16.8845 10.1632 
27.4638 11.2291 34.3812 16.6897 10.2363 
27.9521 10.6604 34.1631 17.2898 9.93464 
27.4475 10.7706 33.4028 18.2304 10.1487 
28.1846 10.7775 33.8583 17.2034 9.97629 
27.8635 10.8972 33.0308 18.3475 9.86103 
26.1817 10.6986 35.2654 17.9237 9.93051 
25.7532 12.1675 32.5678 18.0528 11.4588 
27.2356 12.7504 30.3864 18.77 10.8576 
25.6178 12.0895 33.4789 17.6707 11.1431 
28.7307 11.6313 31.5439 16.9359 11.1581 
27.0366 12.665 28.1007 19.7693 12.4284 
25.3503 13.9661 26.6458 20.19 13.8478 
26.7163 14.5173 27.364 17.6292 13.7732 
29.1335 12.8736 29.9922 15.4991 12.5016 
29.4604 12.3943 32.0174 14.9836 11.1444 
29.0843 10.9818 35.6259 13.9511 10.3569 
29.348 10.8307 34.3178 15.4707 10.0328 
27.3767 11.3613 33.1048 17.7354 10.4218 
26.9459 10.6049 35.8706 16.4434 10.1351 
27.1826 10.5444 34.0643 18.3024 9.90628 
28.2158 10.2129 33.8306 17.8468 9.89385 
28.1772 10.0848 33.3655 18.4472 9.92528 
29.3149 9.98067 34.3782 16.4253 9.90091 
29.8575 9.99034 33.7891 16.4126 9.95046 
30.5809 9.99517 34.5033 14.9454 9.97523 
27.2259 11.7718 33.3807 16.1824 11.4392 
25.7223 13.6984 29.9716 17.0756 13.5321 
26.8147 12.4306 31.4974 17.6076 11.6498 
27.3224 11.404 33.6732 16.8226 10.7777 
29.5598 11.4624 33.6569 15.0934 10.2276 
29.4264 11.2867 34.0002 15.1224 10.1643 
27.64 11.7409 34.5611 15.8539 10.2041 
27.0968 11.8027 32.5348 17.814 10.7518 
27.9715 11.4302 33.3347 17.0801 10.1836 
28.9017 10.7571 33.0539 17.3636 9.92372 
28.2009 10.7952 32.5686 18.4734 9.96186 
28.4569 10.5956 33.611 17.405 9.93143 
27.2186 10.69 32.4918 19.4868 10.1128 
29.4464 10.5486 32.5355 17.4357 10.0338 
28.8488 10.207 34.6534 16.3412 9.94962 
27.9603 11.4571 33.3488 16.7341 10.4997 
27.9888 11.1165 31.5451 19.1429 10.2067 
26.3681 11.6188 33.7018 18.1573 10.1539 
25.6841 11.6234 34.2928 17.5089 10.8909 
28.4234 11.8582 32.7278 16.6614 10.3292 
30.2686 10.8071 33.6403 15.2413 10.0426 
31.2319 11.0133 32.9177 14.9377 9.89936 
30.5669 11.389 32.8804 15.312 9.85164 
30.435 10.6188 34.2432 14.853 9.85006 
30.9109 10.2364 32.4501 16.5506 9.85204 
30.3253 9.95091 34.4407 15.5244 9.75873 
29.7627 9.97545 32.2203 18.1622 9.87937 
29.5448 10.5166 33.4179 16.7734 9.74738 
28.2724 11.2583 33.7089 16.8867 9.87369 
29.1941 10.4554 32.6846 17.9028 9.7631 
29.5971 10.2277 33.7561 16.5376 9.88155 
28.1065 10.0568 33.9883 17.9646 9.88374 
28.0006 11.081 30.152 20.5613 10.205 
27.4412 10.9169 30.3986 20.7645 10.4789 
25.7896 12.6998 31.0614 18.3133 12.136 
24.0394 12.6752 31.7957 18.7952 12.6945 
27.0443 12.0026 31.1688 18.5109 11.2734 
20 20 20 20 20 
17.9327 18.8942 23.5817 22.0192 17.5721 
17.2628 19.4029 25.3971 21.8503 16.0869 
15.5362 20.0586 26.8652 21.8775 15.6625 
14.7993 18.623 31.0665 20.9834 14.5277 
14.4585 17.1939 34.1215 21.4329 12.7933 
14.846 16.2136 34.5055 22.8786 11.5563 
15.7362 16.0586 34.6021 22.8851 10.7179 
13.7431 15.4043 34.8011 24.8175 11.234 
12.3114 14.2994 35.9191 26.8764 10.5938 
12.6349 15.2181 35.0744 26.8856 10.1869 
12.23 13.5217 36.6889 27.5816 9.97776 
13.0341 13.0272 36.7518 26.454 10.733 
14.4685 13.5217 35.357 26.2998 10.353 
13.3593 14.5108 34.0535 27.8999 10.1765 
14.2883 14.2602 35.1427 25.7857 10.523 
14.5427 13.932 34.8744 26.4967 10.1541 
12.1665 15.008 35.0363 27.2343 10.5549 
12.7335 13.9079 35.7447 27.4103 10.2036 
13.9264 13.1874 36.3074 26.5699 10.0089 
14.7132 13.7187 34.5287 27.0349 10.0045 
14.1859 13.5667 34.8253 27.4199 10.0022 
14.1167 12.9738 34.3174 28.5909 10.0011 
13.8253 13.2538 35.5798 27.328 10.0131 
13.308 14.1851 34.7666 27.6175 10.1228 
13.6277 13.4083 34.7517 28.1509 10.0614 
12.7184 13.4881 35.8432 28.0202 9.9302 
14.7368 12.8611 36.4056 26.1111 9.88531 
13.3366 13.8576 35.1789 27.7771 9.84982 
12.6833 13.0691 35.5093 28.5502 10.1881 
12.0874 12.2803 37.6813 27.967 9.98401 
12.7886 12.2985 36.2893 28.6463 9.97734 
12.7603 12.3827 34.7229 30.2383 9.89583 
12.3584 12.5772 35.568 29.6572 9.83922 
12.4292 13.0194 35.6926 29.0113 9.84749 
12.4015 13.3279 37.1645 27.0056 10.1005 
14.7534 12.4534 35.8191 26.9239 10.0503 
14.1668 13.7576 35.1935 26.5484 10.3338 
15.1397 12.3775 36.5226 25.8061 10.1541 
15.949 11.5459 36.8052 25.6778 10.0221 
15.6772 13.3405 35.4297 25.5416 10.0111 
14.8183 13.9038 33.9585 27.3647 9.95476 
13.8565 13.0045 35.6635 27.4981 9.97738 
13.4609 13.6631 35.1684 27.8194 9.88819 
14.5762 13.8794 35.0044 26.6757 9.86431 
14.4704 13.017 35.8724 26.7356 9.90453 
15.8966 12.1516 36.7026 25.3101 9.93914 
15.2043 12.804 36.9529 25.188 9.85084 
15.6709 12.6189 34.7463 27.1443 9.8196 
14.9021 12.7095 36.1731 26.3721 9.84313 
14.9647 12.6389 36.3926 26.1642 9.8396 
15.0079 12.9521 34.2677 27.878 9.89429 
16.5557 11.3611 34.95 27.0137 10.1196 
14.5599 12.219 35.0391 28.1222 10.0598 
14.629 11.7526 36.2859 27.3157 10.0168 
14.4774 11.7752 37.1036 26.1579 10.4859 
14.4387 11.4876 37.2185 26.6789 10.1763 
13.8256 11.9614 36.2258 27.9768 10.0104 
14.5615 12.6379 35.535 27.3028 9.96272 
15.2808 13.444 35.6425 25.2764 10.3564 
16.4639 12.6043 35.7484 25.1032 10.0801 
18.456 13.1649 36.0815 22.2155 10.0821 
18.2932 12.8148 35.4628 23.4307 9.99855 
17.3883 12.5887 35.8633 24.2153 9.94433 
15.7987 12.5946 35.2239 26.1827 10.2 
14.4567 11.4886 35.6447 28.3919 10.0181 
13.2172 10.8975 36.9031 29.0985 9.88368 
13.0007 11.2726 36.0652 29.7481 9.91343 
13.2027 10.8642 35.3248 30.6917 9.9165 
13.4263 11.8119 34.428 30.4794 9.85439 
13.6537 11.7133 35.3443 29.404 9.8847 
13.1629 12.3305 34.8898 29.7158 9.90103 
14.3214 11.1188 34.0084 30.6474 9.90408 
14.853 10.7792 34.5866 29.8841 9.89709 
14.5288 11.0714 35.7592 28.7205 9.92014 
14.2892 10.4944 36.8879 28.4098 9.91875 
14.4449 10.6191 36.488 28.53 9.91805 
15.4833 11.2516 35.4904 27.8882 9.88656 
16.4373 10.653 36.6311 26.4441 9.83459 
14.9635 10.6051 36.4973 28.0314 9.90263 
16.5591 11.4037 34.4689 27.7062 9.86203 
15.1423 10.8839 35.7219 28.4189 9.83298 
14.9625 10.5144 36.2667 28.4124 9.84402 
15.0155 10.3942 33.8868 30.8158 9.88777 
16.2691 10.9373 33.8618 29.0031 9.92878 
17.198 10.4535 34.6046 27.7946 9.94928 
17.6481 10.7482 35.7072 26.0139 9.88262 
18.199 10.7561 34.3467 26.8958 9.80242 
18.9329 10.7114 34.5067 25.9479 9.90121 
19.2009 10.5179 37.1648 23.2984 9.81786 
19.7334 10.2424 36.6887 23.4432 9.89232 
20.4782 10.8766 34.8911 23.9518 9.80227 
20.2064 10.3402 35.4194 24.2308 9.8031 
18.7181 10.2377 34.7705 26.4735 9.8002 
20.2965 10.2751 34.4165 25.1118 9.9001 
21.3284 10.5723 34.4443 23.736 9.91899 
21.463 10.7595 35.8612 22.0751 9.84115 
20.5322 11.3598 35.8708 22.3332 9.90397 
21.4872 10.7954 35.4271 22.3877 9.90248 
19.8664 10.31 35.9592 24.0009 9.86352 
20.6927 11.2731 32.9585 25.2916 9.78408 
20.0533 10.5816 35.1606 24.3674 9.8371 
20.3715 11.7563 35.0372 22.9596 9.87544 
21.9939 11.0442 34.4928 22.5499 9.91927 
21.4544 12.0581 33.5862 23.0397 9.8616 
20.1922 11.9961 34.2828 23.454 10.0748 
22.104 11.5099 34.0706 22.3569 9.95868 
21.9409 11.0883 33.7019 23.4007 9.86823 
23.0327 10.7971 34.3607 22.0116 9.79793 
23.8759 10.2674 34.5961 21.4927 9.76788 
23.4917 10.1138 34.6287 21.9017 9.86402 
22.447 10.0384 35.58 22.021 9.91356 
21.4425 9.94623 35.3083 23.4192 9.88379 
19.9973 9.95049 33.9437 26.1893 9.91927 
21.2267 9.88753 34.3403 24.6736 9.87192 
20.9174 9.84241 33.7242 25.6814 9.83461 
21.8294 9.90563 33.373 24.9902 9.90173 
21.1154 9.80231 34.245 25.0369 9.80036 
19.7734 9.80312 35.5539 25.0675 9.80214 
20.8532 9.73427 33.7621 25.9166 9.73378 
20.0757 9.77942 33.3723 26.9934 9.77917 
21.1117 9.92327 31.7868 27.4229 9.75536 
21.4933 9.82274 33.6017 25.3434 9.73879 
22.3664 9.84095 32.822 25.1717 9.79897 
22.9369 9.77122 34.508 23.0336 9.75023 
24.2136 10.1797 32.7442 23.0854 9.77708 
24.7174 11.0633 32.965 21.4985 9.7558 
25.8833 10.4497 33.0809 20.7902 9.79593 
25.7718 10.6965 33.5216 20.2064 9.80363 
25.3859 10.3483 35.03 19.334 9.90181 
26.4513 10.0399 35.1325 18.5596 9.81668 
28.2257 10.2051 35.344 16.3168 9.90834 
27.9546 11.5997 33.2087 16.068 11.1689 
28.7921 12.0499 31.8821 16.8303 10.4455 
27.8202 11.2779 34.8127 16.0027 10.0866 
28.9101 10.6389 34.4897 15.918 10.0433 
28.5754 11.338 33.9115 16.2923 9.88276 
28.3165 10.5251 32.6032 18.7577 9.79749 
28.6811 10.4493 34.7663 16.2253 9.878 
28.2409 11.0338 33.5657 17.2413 9.91825 
26.7578 11.5608 35.1895 16.0382 10.4536 
26.1696 11.1293 33.6412 18.9493 10.1105 
25.8299 11.2019 32.5069 20.5041 9.95723 
25.2226 11.7548 31.6381 21.2777 10.1068 
24.6966 11.3276 32.4067 21.5393 10.0297 
26.6027 11.8042 35.063 16.6907 9.83942 
29.5461 11.1763 33.9872 15.5184 9.77203 
28.1877 11.6857 36.018 14.3445 9.76406 
28.0561 10.7485 37.0656 14.3421 9.78769 
28.8569 10.3172 36.2134 14.7756 9.83681 
30.6285 10.7586 34.5067 14.1878 9.91841 
31.7616 10.2039 33.4814 14.7693 9.78376 
28.0167 11.1699 35.43 15.3944 9.98897 
26.2107 13.0254 31.4055 18.1139 11.2445 
24.5339 14.3699 29.9885 18.3426 12.7651 
24.6831 14.5675 29.7593 17.8962 13.094 
24.0238 12.6576 32.6367 19.2285 11.4535 
24.905 13.247 30.7837 19.0482 12.0161 
24.567 12.3504 33.2333 18.9955 10.8538 
25.9587 11.5171 32.856 19.3268 10.3415 
26.5387 10.6314 34.4365 18.3498 10.0436 
26.8844 10.48 32.9459 19.7383 9.95138 
26.4725 11.6037 30.4124 20.1722 11.3393 
25.0952 12.8531 29.6293 20.3425 12.0799 
25.7552 11.8511 32.7392 18.6618 10.9928 
27.7494 11.5666 33.0362 16.7668 10.881 
27.3578 10.6522 33.9339 17.7467 10.3094 
28.611 10.9822 34.3877 15.8869 10.1321 
28.5257 10.9957 34.6251 15.971 9.88256 
28.4043 11.3059 32.7166 17.5815 9.99178 
29.3955 11.7303 30.4467 17.9067 10.5208 
29.5492 11.0632 33.0451 16.1316 10.2109 
29.2076 10.944 34.5638 15.0246 10.2601 
31.0452 10.6522 32.372 15.8456 10.085 
28.6374 11.0638 34.0139 16.3244 9.96053 
30.4803 11.845 30.6433 17.0006 10.0308 
29.7653 11.7884 30.9641 16.8802 10.602 
29.0445 12.2526 31.667 15.9545 11.0813 
25.6668 12.7528 33.0022 16.7122 11.866 
25.5994 13.0253 32.7245 17.3987 11.2521 
27.7766 11.8122 32.4913 17.4551 10.4648 
27.2812 13.049 32.0195 16.4656 11.1848 
28.4647 12.8059 31.8389 16.273 10.6175 
28.7485 13.1234 29.6291 17.8139 10.6851 
28.152 11.895 33.4812 16.2403 10.2314 
26.0552 12.1975 33.9281 17.4951 10.3241 
26.4114 11.9068 34.1358 17.3334 10.2125 
27.293 10.9137 33.5361 18.1905 10.0666 
26.69 10.8917 33.6159 18.3344 10.4681 
