5 10000 300 33
20 20 20 20 20 
18.1301 25.1423 26.4634 15.2846 14.9797 
15.8497 26.6567 29.5296 15.5331 12.4308 
15.1471 29.8098 28.2833 15.5443 11.2154 
14.9238 32.6908 28.0255 13.7613 10.5986 
14.2416 36.3666 24.606 14.5078 10.2781 
13.4882 40.2083 21.4888 14.7695 10.0451 
12.2751 45.2148 18.5984 13.9113 10.0004 
11.1375 49.7665 16.0037 13.092 10.0002 
12.0281 49.644 13.6239 14.7996 9.90442 
12.0036 49.3012 11.7599 17.0352 9.90012 
12.4451 49.5217 10.7768 17.4094 9.84697 
13.3654 48.2674 10.3235 18.1852 9.85855 
13.4947 46.7495 10.0664 19.8555 9.83391 
12.9287 45.9022 9.97824 21.3289 9.86201 
13.9436 44.0037 9.97527 22.1603 9.91715 
13.7025 43.4304 11.7184 21.245 9.90363 
13.4302 43.4988 11.1224 22.026 9.92258 
13.554 42.4181 11.0323 23.1711 9.82451 
13.4338 42.6588 12.025 22.0885 9.79391 
14.2971 41.446 13.1554 21.2483 9.85322 
15.8053 40.723 13.2941 20.3257 9.85199 
18.5445 38.9426 11.5457 21.1426 9.82464 
19.4261 35.1636 13.3113 22.2636 9.8354 
20.6041 37.0537 11.6062 20.8678 9.86819 
22.892 32.0161 12.9973 22.3044 9.79021 
23.946 29.508 14.6653 21.9855 9.89511 
25.5931 29.6286 14.8595 20.1325 9.78626 
25.6255 26.6564 17.2982 20.5926 9.82734 
26.1573 28.0241 13.5477 22.4585 9.81232 
26.9884 28.6737 12.225 22.3195 9.79338 
26.6864 29.8092 13.2786 20.4431 9.78268 
26.9053 29.9373 13.0119 20.3523 9.7933 
27.665 30.7221 11.9854 19.7652 9.8624 
20 20 20 20 20 
16.4626 26.4399 23.4921 17.483 16.1224 
15.6233 27.3396 29.2709 14.7216 13.0446 
16.0319 30.1856 28.9643 13.3185 11.4997 
17.7609 32.4881 26.2308 12.8524 10.6679 
15.8805 36.644 24.6154 12.5262 10.3339 
13.9288 40.5654 23.5244 11.8715 10.1099 
12.6166 41.4783 22.7405 13.1096 10.055 
11.2967 44.173 19.7229 14.7915 10.0159 
12.9654 45.1218 15.688 16.3388 9.88599 
12.7484 46.621 12.7312 18.0692 9.83021 
13.3797 46.6622 11.5854 18.5126 9.86016 
13.4718 47.4002 10.7129 18.5648 9.85029 
14.1827 43.9129 10.5426 21.5164 9.84536 
12.5689 44.4284 10.7488 22.4155 9.83841 
12.4839 43.1037 10.3609 24.1458 9.90573 
14.0908 41.9007 10.1223 23.9915 9.89472 
14.1477 39.8424 10.743 25.348 9.91895 
16.0334 40.0079 10.2848 23.8012 9.87277 
18.5196 38.643 10.6158 22.4035 9.81804 
19.2898 38.6329 10.5474 21.6808 9.84914 
19.8088 38.6607 11.3393 20.3486 9.8426 
20.5962 37.4121 11.8017 20.3944 9.79552 
22.8394 36.8579 11.0164 19.4381 9.84825 
25.2128 33.6327 12.4047 18.9667 9.78306 
25.9397 33.0068 11.123 20.1183 9.81217 
25.8363 35.0702 11.5876 17.7139 9.79208 
27.5563 32.6667 11.5504 18.3964 9.83025 
27.5537 35.381 11.2174 16.0009 9.8471 
28.4373 35.5917 11.4729 14.6363 9.86182 
27.1874 35.7646 11.2052 15.9119 9.93091 
29.2289 33.3546 11.6287 15.9364 9.85145 
30.4291 33.2907 12.8431 13.5593 9.8778 
29.9111 32.6198 11.8529 15.7253 9.89098 
20 20 20 20 20 
17.7283 22.6464 21.3583 22.6464 15.6206 
16.5413 27.1696 20.5217 21.8547 13.9127 
18.4725 29.5041 19.1173 21.017 11.8891 
16.2709 33.0421 17.6756 22.0886 10.9229 
14.6471 34.8931 17.675 22.3234 10.4614 
12.4517 37.8526 16.9572 21.7386 11 
11.192 41.8382 15.9278 20.5759 10.4661 
11.5112 43.1289 16.6692 18.5469 10.1438 
11.4895 44.6149 17.6236 16.2688 10.0031 
10.7231 46.2252 15.63 17.4418 9.97989 
10.6884 49.1417 12.7787 17.4376 9.95363 
11.1182 49.018 11.3033 18.6697 9.89082 
11.4717 47.7738 10.536 20.3888 9.82973 
13.3982 45.5752 10.2031 20.9736 9.84993 
12.9491 46.0434 10.0434 21.0973 9.86682 
13.0837 45.5792 9.90675 21.6119 9.81847 
14.1713 44.1792 9.85801 21.9776 9.81387 
14.9879 43.785 10.6761 20.7589 9.79199 
15.0149 42.6446 10.2127 22.3572 9.77065 
17.4463 41.5058 9.99932 21.2703 9.77829 
18.3505 38.2995 10.9003 22.5917 9.85809 
20.8711 38.5942 10.8595 19.7754 9.8998 
24.3966 35.6932 10.2999 19.7903 9.82003 
26.3253 33.5609 10.388 19.8951 9.83065 
28.5221 32.3033 10.096 19.2613 9.81729 
27.9991 33.7235 10.0001 18.4166 9.86072 
30.5075 33.211 10.0794 16.3512 9.85099 
31.5224 32.8741 9.96507 15.7875 9.85087 
32.0112 32.0621 11.0763 14.925 9.92544 
31.343 32.7488 11.6731 14.3643 9.87069 
32.6682 33.0411 10.7871 13.6178 9.88584 
32.1757 31.8671 10.8391 15.2247 9.89342 
32.971 32.979 11.426 12.8072 9.81684 
20 20 20 20 20 
18.4726 23.0072 27.1838 16.4439 14.8926 
17.3929 23.6569 29.742 16.7864 12.4218 
15.6451 27.9161 29.3725 15.8705 11.1958 
13.563 30.5138 29.9941 15.3396 10.5896 
11.7257 32.402 31.9827 13.6507 10.239 
10.9236 37.1524 28.9468 12.8982 10.079 
10.383 42.6904 25.2017 11.7641 9.96076 
11.4137 45.6785 20.9342 11.9931 9.98038 
11.3424 46.7002 18.7405 13.3107 9.90626 
10.5991 50.6337 15.3799 13.5063 9.88101 
12.1301 49.7704 12.608 15.6329 9.85854 
14.2172 47.3037 11.467 17.1915 9.82057 
15.2387 46.1451 10.6116 18.2163 9.78834 
15.4062 45.2037 10.2238 19.3541 9.8122 
15.6266 43.2303 10.0299 21.2891 9.82413 
16.5852 40.9134 9.98573 22.6328 9.88283 
16.3308 40.6202 10.3062 22.8968 9.84605 
17.332 40.1712 10.1531 22.4206 9.92302 
19.2232 36.6545 10.795 23.3804 9.94685 
20.8079 36.272 10.3055 22.7331 9.8814 
22.5578 34.9053 11.1527 21.5204 9.86378 
26.5694 33.5077 10.7751 19.3229 9.82485 
25.7847 34.9637 10.9431 18.4577 9.8507 
28.8093 33.9178 10.3159 17.1874 9.76964 
32.238 33.6256 10.1579 14.0937 9.88482 
29.0527 36.0557 10.9149 14.1446 9.832 
30.3328 34.4795 11.1026 14.1691 9.916 
31.4639 34.0119 11.4057 13.2554 9.86306 
32.0396 31.929 11.8567 14.32 9.85461 
32.3597 30.9972 11.4839 15.3299 9.82927 
33.7785 30.6302 11.3341 14.4084 9.84884 
33.0657 31.8184 11.7128 13.5767 9.82638 
35.0947 30.7921 11.8765 12.474 9.76269 
20 20 20 20 20 
17.4153 24.9364 21.5466 21.1229 14.9788 
16.0726 26.8708 23.9484 20.6269 12.4812 
13.8751 28.4848 25.5433 20.922 11.1748 
13.2368 31.6636 22.9094 21.6815 10.5087 
11.5771 34.7368 23.3349 20.1383 10.213 
10.7445 38.9543 19.2666 20.9722 10.0625 
10.7776 39.4096 18.0792 21.7474 9.98618 
10.3448 43.0528 16.859 19.7944 9.94904 
10.2819 45.0057 16.0937 18.6563 9.96235 
10.1285 46.1936 14.5307 19.1785 9.96871 
10.4732 44.7327 13.9936 20.9349 9.86562 
12.3232 42.5763 13.1648 22.016 9.91969 
14.8321 40.7968 12.2182 22.2797 9.87314 
15.1606 41.4582 11.408 22.1453 9.82787 
15.46 41.2162 11.0049 22.534 9.785 
16.3702 41.0047 11.0265 21.7486 9.85001 
16.7251 41.3012 10.4719 21.6181 9.88368 
17.7375 39.8268 10.2076 22.3147 9.91343 
18.6109 39.6842 9.97484 21.9023 9.82778 
18.9731 39.0264 10.8787 21.2231 9.89878 
19.3922 38.8528 10.7852 21.1461 9.8236 
20.5935 35.7726 11.6426 22.1115 9.87975 
22.1389 33.3468 12.5647 22.0755 9.87409 
23.1216 35.5659 12.3084 19.1811 9.82304 
23.2046 34.3925 11.12 21.4056 9.87727 
24.6742 35.8237 10.4619 19.1995 9.8406 
24.8371 33.8929 10.9272 20.5175 9.82536 
25.6199 31.6329 10.9091 21.9749 9.86318 
26.9738 30.8335 10.574 21.7383 9.88039 
27.7956 28.9216 11.0748 22.2839 9.92412 
27.1053 27.0394 12.6129 23.4061 9.83627 
28.8837 28.8507 13.9719 18.4975 9.79619 
30.6963 28.0296 13.6998 17.7293 9.84509 
