5 80000 300 266
12 12 12 12 12 12 12 12 
17.3035 11.499 14.4521 14.554 10.277 8.95316 8.95316 12.0081 
16.6356 12.9672 15.2906 14.6963 11.0256 7.46045 7.46045 13.4638 
16.887 14.699 16.2145 13.0085 11.1732 6.71765 7.11073 13.6894 
16.6276 16.3862 14.6716 14.2195 10.8722 6.34263 6.53917 14.0911 
16.6321 17.3251 13.3485 14.0718 10.6802 7.01399 6.25331 14.5501 
16.6494 16.8107 14.6835 14.4896 11.3123 7.11811 6.08962 12.7843 
16.4674 17.3715 15.8504 16.6227 10.6882 6.85274 6.01828 10.0975 
14.6291 17.2129 16.8399 15.4334 12.9991 7.93218 5.96456 8.97319 
13.4408 16.4292 17.2324 16.0108 13.7569 8.2545 5.95118 8.91638 
12.2653 16.2667 17.8255 17.1182 14.6412 8.46669 5.96498 7.44758 
11.8133 16.7523 16.993 17.4719 15.0091 8.15107 5.96976 7.8374 
10.1714 19.3566 16.1436 17.9026 14.4654 9.07554 5.97508 6.9089 
9.91803 18.9485 17.6379 17.4819 14.6784 8.97564 5.94612 6.41303 
11.1789 17.3335 17.6907 17.468 15.5359 8.0558 5.96245 6.7745 
12.4601 16.6908 17.1703 18.2626 15.6416 7.48828 5.9401 6.34613 
14.3744 16.8506 15.0285 18.0488 16.5321 6.73383 5.95974 6.47203 
13.398 17.6633 16.6478 18.3146 14.8945 6.34186 5.95482 6.78508 
14.199 17.5571 16.4612 17.5397 15.0943 6.79838 5.96761 6.38273 
11.7552 17.6534 16.281 18.8571 15.9856 7.37591 5.9421 6.14966 
11.4764 17.3467 16.271 19.0683 16.2693 7.5828 5.94086 6.04465 
11.1797 15.1415 16.5544 18.8771 16.8102 9.43822 5.94784 6.05107 
8.99557 16.6527 18.0995 19.0634 15.7101 9.55623 5.93542 5.98704 
8.17283 16.2084 18.0923 18.4292 16.7042 10.4358 5.96578 5.99158 
8.27689 17.628 17.57 18.9289 15.4473 10.1703 5.98289 5.99579 
7.61916 18.1743 17.2045 18.9188 15.2966 10.8706 5.95476 5.96121 
7.51328 17.1118 17.0543 19.241 16.0054 11.1333 5.96883 5.97206 
7.91525 18.3238 18.3434 18.0344 15.2561 10.1605 5.98248 5.98409 
7.71257 18.5493 17.5709 18.701 15.9284 9.62569 5.95567 5.95647 
7.78556 18.7049 17.2334 18.1914 16.6086 9.52797 5.9739 5.97431 
6.86058 19.3122 18.5765 17.5967 16.6041 9.08994 5.95476 6.00526 
8.62182 19.3335 18.6128 17.1149 15.2073 9.18207 5.95117 5.97642 
8.86086 18.8656 18.5547 16.5693 15.022 9.19044 5.94294 6.99415 
10.8053 18.1864 18.0309 15.8489 15.9316 8.73414 5.96862 6.49422 
11.4696 18.2459 16.1807 17.2864 15.8633 8.76037 5.96548 6.22828 
11.1535 17.3003 17.0559 16.8205 16.9464 8.32107 5.93841 6.46389 
10.832 15.7072 17.2366 16.5184 18.6834 8.91529 5.92216 6.1849 
10.6871 15.7853 17.8051 17.2451 17.8758 8.62431 5.92293 6.0543 
11.8631 15.6442 16.7054 17.8115 17.7675 8.26493 5.93888 6.00456 
10.9315 17.2983 17.1622 18.2391 16.0742 7.84675 5.96944 6.47847 
10.7316 16.5729 17.7085 18.598 16.011 8.23631 5.9436 6.19811 
9.15366 16.9228 17.4401 18.8444 15.5308 8.31008 5.9516 7.84653 
9.44225 17.2088 17.3122 18.2732 14.5459 9.38278 5.92611 7.90877 
8.39085 18.6452 17.6775 17.5973 15.4789 9.38048 5.91922 6.91055 
8.59581 17.6398 19.2353 17.5027 15.4764 9.13898 5.95768 6.45334 
8.96112 18.1463 19.8767 17.4042 14.7848 8.71457 5.93221 6.18004 
9.96079 18.7907 16.944 17.6852 17.2229 7.35164 5.96045 6.08437 
8.54092 19.8226 17.0681 17.3878 18.1232 7.13462 5.93038 5.99234 
8.57574 17.3477 17.9763 18.5765 18.5528 7.04089 5.94953 5.98051 
7.31207 17.7968 18.5144 19.2681 17.6937 7.09907 5.94856 6.36727 
8.17813 17.8398 17.9931 17.9588 18.148 7.50637 5.95475 6.42105 
9.62098 17.4306 19.0497 18.5539 15.8293 7.37021 5.9561 6.18925 
7.84859 18.19 19.3601 17.8763 16.823 7.85606 5.96466 6.08124 
8.57776 17.2633 18.5414 18.7896 17.7184 7.14585 5.95263 6.01091 
9.80069 16.9978 19.1132 16.9736 17.2254 8.00206 5.92907 5.95821 
9.48704 18.2267 18.0748 16.7025 17.4332 8.1845 5.93833 5.9529 
9.68115 17.7932 18.185 16.9791 16.4609 9.02988 5.93174 5.93903 
10.0598 19.0741 17.5476 17.9885 15.0154 8.42934 5.94082 5.94446 
9.97989 18.087 18.4738 18.5943 14.9077 7.66467 5.97041 6.32223 
10.7631 18.1672 17.7936 19.2971 15.0312 6.82203 5.9749 6.15081 
11.6859 17.5075 17.3751 19.4855 15.4504 6.45449 5.97658 6.06453 
11.0259 17.2395 18.5453 18.1777 15.9569 6.83497 5.98626 6.23349 
10.8645 17.8538 18.5066 16.539 17.16 6.82777 5.98368 6.2647 
12.1876 17.0652 18.881 16.5674 16.0268 7.19048 5.97057 6.11107 
13.1682 16.0858 18.3235 16.9007 16.4177 7.10588 5.96401 6.03426 
11.7868 15.5456 18.4717 17.1579 17.6283 7.49598 5.93929 5.97441 
10.9835 15.9382 19.151 16.7444 17.7219 7.5656 5.93889 5.95645 
10.1395 16.1394 19.3602 17.8634 17.3247 7.25638 5.95379 5.96257 
11.3135 18.0898 18.3407 16.837 16.9202 6.59899 5.94769 5.95208 
11.4892 17.6192 18.642 17.3417 16.3863 6.53977 5.96487 6.01692 
9.6106 18.5003 19.4756 17.5884 15.7189 7.13587 5.97213 5.99815 
9.33044 19.753 19.0116 18.0679 15.0103 6.91989 5.94696 5.95997 
8.98954 19.0657 20.3706 16.4394 16.4241 6.8113 5.94645 5.95296 
8.97317 17.5413 19.9324 16.9657 17.4323 7.30449 5.9237 5.92695 
8.25228 19.2309 18.5959 17.2172 17.7643 7.05183 5.94302 5.94465 
7.99058 19.4846 19.5239 19.1318 15.4814 6.49856 5.94416 5.94498 
8.67398 19.7198 20.9795 17.6831 14.7869 6.23688 5.95968 5.96009 
9.07837 20.959 19.4876 18.486 13.8051 6.0818 5.9432 6.15892 
9.75091 19.9258 18.9729 18.1463 14.9373 6.24394 5.95749 6.06535 
9.47376 19.9523 18.4717 19.1155 14.4982 6.55749 5.93857 5.9925 
9.48102 19.9975 19.7902 17.9799 13.5924 7.22331 5.95436 5.98133 
7.9388 20.4998 19.7032 18.7981 13.406 7.71613 5.96226 5.97574 
7.65655 18.2946 20.6337 19.9577 14.7477 6.81896 5.94202 5.94876 
9.71375 17.7899 19.9669 18.1443 15.4332 7.01499 5.94026 5.99665 
9.19021 17.395 20.5946 19.461 14.8833 6.5075 5.97013 5.99833 
11.0395 17.8086 19.0195 18.4527 14.8305 6.86486 5.98506 5.99916 
11.9245 17.6233 18.2288 18.6451 14.735 6.93082 5.9527 5.95975 
10.4285 17.1995 20.0076 18.0916 15.8097 6.51552 5.97199 5.97552 
10.404 16.189 19.7136 19.0346 15.4384 6.88499 5.94359 6.39178 
11.2889 16.2467 21.1612 18.9195 13.6431 6.43163 5.96092 6.34806 
10.5321 15.3705 19.3446 20.9204 15.5294 6.19334 5.95799 6.15156 
10.8523 16.922 20.6236 20.1394 13.351 6.0834 5.96572 6.06251 
11.9738 15.7229 21.1452 20.9626 12.2112 6.01789 5.95905 6.00744 
10.6354 16.3082 21.4569 22.2727 11.4344 6.01348 5.92737 5.95157 
10.7387 16.4586 21.6281 20.0752 13.1566 6.00559 5.96253 5.97463 
11.1744 17.6488 19.4121 20.3333 13.5882 5.96008 5.93855 5.9446 
11.9122 15.0948 18.9209 21.4535 14.7003 5.97895 5.96818 5.97121 
12.3822 18.314 17.2395 19.3513 13.7763 6.99173 5.97169 5.9732 
11.3324 17.2361 18.9022 20.4101 13.1593 6.99869 5.9802 5.98095 
11.1279 17.0077 20.5435 18.1442 14.7441 6.48358 5.97433 5.97471 
11.7204 17.4797 19.4202 18.3356 14.8519 6.23373 5.97911 5.9793 
11.8927 16.5705 19.2809 18.7966 15.1986 6.36513 5.94779 5.94789 
11.9777 14.6785 20.3159 19.1088 15.8623 6.19825 5.92926 5.92931 
12.0962 16.6429 19.9753 18.6868 14.6663 6.06716 5.93267 5.93269 
12.0593 17.254 20.4371 16.7591 15.5916 6.01111 5.94386 5.94387 
12.6244 17.38 18.7317 17.5522 15.7694 6.00316 5.96953 5.96954 
12.0383 16.8954 20.1687 18.8115 14.2601 5.95317 5.93636 5.93636 
12.2691 15.8802 21.1204 18.0769 14.7877 5.96082 5.95241 5.95242 
13.5465 14.9875 22.1033 17.6654 13.8337 5.95732 5.95312 5.95312 
15.0665 15.186 20.8473 19.4697 11.6645 5.92337 5.92127 5.92127 
14.6428 14.2364 22.8945 18.243 11.8346 5.93371 5.93266 6.28231 
13.5934 15.0314 24.5774 18.9105 9.84459 5.95631 5.95578 6.13061 
15.465 13.9228 24.4746 19.2542 9.00521 5.93041 5.93015 6.01756 
16.2332 13.3871 24.6202 18.5963 9.38882 5.91032 5.91019 5.9539 
16.2634 12.6637 24.7479 20.1191 8.23918 6.06461 5.94017 5.96202 
14.9179 13.2461 26.3304 20.6229 7.06453 5.97725 5.91503 5.92595 
14.8882 12.3424 25.2525 22.6935 7.07 5.93674 5.90563 5.91109 
15.3004 11.835 23.5276 24.7451 6.76277 5.95253 5.93698 5.93971 
15.024 10.316 25.3472 23.6274 7.84452 5.95169 5.94391 5.94528 
12.9689 11.6301 25.5543 23.4254 8.55424 5.95808 5.95419 5.95487 
12.067 12.7932 26.066 22.635 8.58537 5.95234 5.9504 5.95074 
14.2568 11.5587 24.3175 22.7821 9.3347 5.91735 5.91637 5.91654 
14.1522 11.4341 24.8969 23.5934 8.11973 5.93486 5.93438 5.93446 
15.5121 10.1505 24.2095 23.2499 8.80125 6.23098 5.92285 5.9229 
13.849 9.91195 25.6098 22.743 9.99107 6.06775 5.91369 5.91371 
15.0377 8.47799 27.3961 23.2583 7.95151 6.05274 5.91282 5.91283 
15.9353 11.0345 25.6058 21.4172 8.09047 6.01889 5.94893 5.94893 
14.7888 12.1398 24.6572 22.894 7.62139 5.98958 5.9546 5.9546 
15.717 12.0054 24.135 22.2857 8.00425 5.96253 5.94504 5.94504 
14.8859 11.8485 22.7019 23.8294 8.85287 5.96634 5.95759 5.9576 
15.2434 11.4229 21.8369 25.0221 8.71032 5.92435 5.91997 5.91997 
16.2204 10.807 22.1923 24.9951 7.92204 5.9558 5.95362 5.95362 
17.1005 9.96782 24.3742 23.1476 7.55715 5.95162 5.95053 5.95053 
17.3948 9.7628 23.528 24.4839 6.91695 5.97153 5.97099 5.97099 
17.0082 10.2192 21.0883 25.2825 8.52604 5.95874 5.95847 5.95847 
17.9315 8.46157 23.3933 23.8144 8.66246 5.91233 5.91219 5.91219 
17.8273 10.1169 24.8273 20.316 9.11778 5.93159 5.93152 5.93152 
18.5473 8.04355 25.8465 21.4199 8.29023 5.95087 5.95083 5.95083 
20.0641 8.28777 23.9019 22.0023 7.65829 5.92399 5.92397 6.23765 
20.1543 7.33682 23.0243 24.656 6.81828 5.95113 5.95112 6.10796 
19.5474 8.70152 21.2473 24.7783 7.78 5.9557 5.95569 6.03411 
16.4002 9.17004 23.475 26.3115 6.83511 5.92296 5.92296 5.96217 
17.1534 7.7376 24.1587 26.2705 6.8854 5.92491 5.92491 5.94451 
18.4824 6.83376 24.3435 25.1299 7.41844 5.92741 5.92741 5.93722 
19.9745 6.48355 24.2384 23.6983 7.70922 5.96371 5.96371 5.96861 
18.439 7.00598 23.6249 25.4145 7.61881 5.96481 5.96481 5.96726 
19.6271 6.70532 23.8212 25.1527 6.7934 5.96639 5.96639 5.96762 
19.6008 8.45904 23.4709 24.0657 6.51727 5.96192 5.96192 5.96253 
19.8979 8.68635 23.5042 23.732 6.25306 5.97539 5.97539 5.9757 
17.5247 10.266 21.5317 24.2627 8.5673 5.94913 5.94913 5.94928 
16.63 9.25067 23.9276 24.2637 8.18071 5.91574 5.91574 5.91582 
15.6267 10.5338 23.9284 24.835 7.33999 5.91208 5.91208 5.91212 
15.0747 10.2461 25.5188 23.9666 7.40443 5.92976 5.92976 5.92978 
14.7723 9.34943 26.1548 24.0893 7.92858 5.90184 5.90184 5.90185 
14.4695 9.67471 25.7857 25.2391 7.01984 5.93703 5.93703 5.93704 
15.7516 8.28816 24.4935 27.3038 6.44678 5.90537 5.90537 5.90538 
16.1517 8.97167 22.8674 28.0657 6.18891 5.9182 5.9182 5.91821 
17.9965 8.05726 23.9734 26.2551 6.03096 5.89561 5.89561 5.89561 
20.3422 9.23094 23.6196 23.0986 5.97791 5.91023 5.91023 5.91023 
21.9176 9.17498 24.7928 20.5138 5.92558 5.89175 5.89175 5.89175 
22.5442 8.01737 24.2867 21.4612 5.93535 5.91843 5.91843 5.91843 
25.7521 9.76868 24.3833 16.0906 6.24768 5.91922 5.91922 5.91922 
30.9033 7.86053 25.2869 12.0419 6.10003 5.9358 5.9358 5.9358 
30.8423 9.47714 26.1591 8.98969 6.72189 5.93665 5.93665 5.93665 
29.2054 7.73515 31.3158 7.49142 6.35752 5.9649 5.9649 5.9649 
33.1262 6.82059 28.8123 7.30276 6.13178 5.93547 5.93547 5.93547 
29.6583 6.68411 31.4448 7.81805 6.56291 5.94393 5.94393 5.94393 
33.044 6.31738 29.3654 7.17463 6.25678 5.94729 5.94729 5.94729 
33.6453 7.33677 28.0389 7.14896 6.0736 5.91885 5.91885 5.91885 
35.8467 6.63868 27.1736 6.54478 6.0071 5.92972 5.92972 5.92972 
31.0554 6.26878 31.3537 7.62632 5.95299 5.9143 5.9143 5.9143 
29.7485 6.96556 31.8457 6.80017 6.80766 5.94416 5.94416 5.94416 
31.4935 6.46573 31.0507 6.73815 6.38679 5.95504 5.95504 5.95504 
31.963 6.20584 31.0659 6.74746 6.16637 5.95049 5.95049 5.95049 
30.4244 6.54171 32.383 6.81252 6.04054 5.9326 5.9326 5.9326 
32.0155 6.20801 30.6041 7.50462 5.95743 5.90346 5.90346 5.90346 
32.9967 6.14268 28.907 8.24126 5.94833 5.92134 5.92134 5.92134 
34.3168 6.05237 28.0714 7.77917 5.95519 5.9417 5.9417 5.9417 
32.0288 5.95934 30.8843 7.50486 5.91075 5.904 5.904 5.904 
29.4631 6.70803 33.1519 6.74844 6.08454 5.94801 5.94801 5.94801 
33.1782 6.33598 30.1682 6.42554 6.02424 5.95597 5.95597 5.95597 
29.7715 6.164 33.5927 6.54166 6.00812 5.97399 5.97399 5.97399 
31.4615 6.90192 30.8482 7.09075 5.93721 5.92015 5.92015 5.92015 
33.065 6.42057 29.1672 7.61996 5.93822 5.92969 5.92969 5.92969 
34.0725 6.19427 28.9213 7.01231 5.9531 5.94883 5.94883 5.94883 
29.4466 7.11435 33.3272 6.44733 5.91773 5.91559 5.91559 5.91559 
31.4411 6.54797 32.001 6.21446 5.94966 5.94859 5.94859 5.94859 
28.4179 8.2082 33.5663 6.06776 5.93536 5.93482 5.93482 5.93482 
30.7816 7.06602 32.439 5.9958 5.9296 5.92933 5.92933 5.92933 
28.4276 6.52381 35.2379 5.9887 5.9556 5.95546 5.95546 5.95546 
27.8183 7.18897 34.3791 6.92142 5.9231 5.92303 5.92303 5.92303 
29.2017 6.58651 33.413 6.98464 5.95357 5.95354 5.95354 5.95354 
28.2801 6.72991 32.4747 8.14192 6.54821 5.94173 5.94173 5.94173 
28.0378 6.32023 30.9338 10.7004 6.22938 5.92614 5.92614 5.92614 
28.2757 6.67363 29.5885 11.5664 6.08766 5.93604 5.93604 5.93604 
26.0866 6.32401 31.1527 12.54 6.03103 5.95522 5.95522 5.95522 
25.8159 6.12151 30.3739 13.9024 5.97502 5.93711 5.93711 5.93711 
29.0784 6.24073 28.1098 12.7699 5.9645 5.94555 5.94555 5.94555 
27.1821 6.12036 30.0549 12.7421 5.98225 5.97278 5.97278 5.97278 
31.717 6.20918 28.7755 9.36643 5.98652 5.98178 5.98178 5.98178 
32.2808 6.03714 30.0036 7.90902 5.99912 5.92344 5.92344 5.92344 
33.5561 5.96801 29.5383 7.25507 5.949 5.91116 5.91116 5.91116 
30.4521 5.95362 32.5178 7.28776 6.01317 5.92519 5.92519 5.92519 
27.5987 5.9608 34.4539 8.15625 5.99058 5.94658 5.94658 5.94658 
29.7253 5.94336 31.8936 8.67072 5.95825 5.93626 5.93626 5.93626 
28.5813 6.03575 30.3619 11.1599 5.97355 5.96256 5.96256 5.96256 
25.1666 6.01057 32.4072 12.5142 5.97948 5.97398 5.97398 5.97398 
24.8941 5.96265 33.3976 11.9655 5.9471 5.94435 5.94435 5.94435 
27.5619 6.04255 30.2192 12.2965 5.971 5.96962 5.96962 5.96962 
29.9193 5.97516 27.5736 12.7765 5.93939 5.9387 5.9387 5.9387 
31.5302 5.94147 27.5476 11.2874 5.92359 5.92324 5.92324 5.92324 
28.7103 7.01183 29.1163 11.5341 5.907 5.90683 5.90683 5.90683 
27.9051 6.43777 32.6247 9.4913 5.88535 5.88527 5.88527 5.88527 
31.3339 6.2051 31.0137 7.73187 5.92889 5.92885 5.92885 5.92885 
29.7912 6.06865 32.1735 8.24446 5.93055 5.93053 5.93053 5.93053 
28.974 6.00965 33.2856 7.96839 5.9406 5.94059 5.94059 5.94059 
30.5277 5.97822 32.2923 7.42707 5.9437 5.94369 5.94369 5.94369 
28.282 6.81035 32.9855 8.11768 5.95112 5.95112 5.95112 5.95112 
28.6685 6.3671 31.5139 9.70059 5.93748 5.93748 5.93748 5.93748 
31.118 6.13299 28.3974 10.6789 5.91818 5.91818 5.91818 5.91818 
30.8864 6.56352 27.8892 10.9198 5.93528 5.93528 5.93528 5.93528 
27.8863 6.24079 27.2223 14.944 5.92667 5.92667 5.92667 5.92667 
27.109 7.15388 27.5381 14.4735 5.93137 5.93137 5.93137 5.93137 
29.1199 6.5138 25.2962 15.46 5.90254 5.90254 5.90254 5.90254 
27.2223 6.17898 28.6384 14.467 5.87335 5.87335 5.87335 5.87335 
27.5043 6.90628 29.51 12.4243 5.91377 5.91377 5.91377 5.91377 
29.5805 6.41172 29.2521 11.0938 5.91547 5.91547 5.91547 5.91547 
28.9044 6.13379 30.5419 10.8772 5.88566 5.88566 5.88566 5.88566 
30.7261 7.19061 29.1885 9.34142 5.88834 5.88834 5.88834 5.88834 
31.5395 6.53648 27.5199 10.8627 5.88535 5.88535 5.88535 5.88535 
29.449 6.2332 29.0565 11.2939 6.24456 5.90763 5.90763 5.90763 
32.7821 6.06624 27.262 10.1074 6.07192 5.90346 5.90346 5.90346 
29.3382 6.01438 32.7963 8.03494 6.01722 5.93299 5.93299 5.93299 
29.2996 6.17461 33.8944 6.95865 5.94979 5.90767 5.90767 5.90767 
29.2617 6.43586 34.1466 6.44736 5.94293 5.92187 5.92187 5.92187 
31.5011 6.19503 32.3405 6.20078 5.94856 5.93804 5.93804 5.93804 
34.0839 6.63085 29.3036 6.10039 5.97428 5.96902 5.96902 5.96902 
33.062 6.26083 30.5282 6.42663 5.93254 5.92991 5.92991 5.92991 
33.1135 6.07654 27.722 9.44227 5.9124 5.91108 5.91108 5.91108 
32.1201 6.77066 29.4948 7.81973 6.05479 5.91329 5.91329 5.91329 
34.9901 6.33458 28.1219 6.85911 5.97664 5.90589 5.90589 5.90589 
31.0644 6.11714 31.8338 7.33811 5.93817 5.9028 5.9028 5.9028 
32.8161 7.14808 29.883 6.60115 5.90119 5.8835 5.8835 5.8835 
29.7414 6.51977 33.9337 6.24631 5.89633 5.88749 5.88749 5.88749 
32.0803 6.23439 31.9102 6.09766 5.92267 5.91825 5.91825 5.91825 
35.2653 6.11427 28.7475 6.04591 5.95841 5.9562 5.9562 5.9562 
30.496 6.03679 33.6325 6.0026 5.95886 5.95775 5.95775 5.95775 
29.5634 6.9603 32.5839 7.08152 5.95315 5.9526 5.9526 5.9526 
28.4249 6.47865 33.0086 8.18844 5.97508 5.9748 5.9748 5.9748 
29.7492 6.20543 28.9337 11.2976 5.95364 5.9535 5.9535 5.9535 
28.0247 6.22307 30.2172 11.7409 5.94859 5.94852 5.94852 5.94852 
28.3602 6.08255 29.6738 12.1023 5.94531 5.94527 5.94527 5.94527 
28.2936 6.02 31.2199 10.6611 5.95138 5.95136 5.95136 5.95136 
29.7069 7.50516 29.8561 8.85752 6.22603 5.9494 5.9494 5.9494 
27.6704 6.71033 34.2238 7.52735 6.07076 5.93245 5.93245 5.93245 
31.7356 6.31613 31.0419 7.12841 5.99635 5.92719 5.92719 5.92719 
29.9486 7.00422 32.5353 6.62809 5.99687 5.96229 5.96229 5.96229 
34.9169 6.44329 28.678 6.25522 5.93961 5.92232 5.92232 5.92232 
34.3206 7.32722 28.1953 6.06016 6.41555 5.89371 5.89371 5.89371 
30.4196 6.62657 32.9865 6.06712 6.17074 5.90982 5.90982 5.90982 
30.3029 6.30531 33.1156 6.35803 6.07739 5.94693 5.94693 5.94693 
30.4915 6.11937 32.6938 6.86932 6.00541 5.94018 5.94018 5.94018 
29.0884 6.00976 34.4256 6.76295 5.95278 5.92017 5.92017 5.92017 
28.5858 6.6453 32.5174 8.50777 5.94816 5.93185 5.93185 5.93185 
29.6438 6.31972 30.9517 9.22465 5.97116 5.963 5.963 5.963 
31.7737 6.11476 27.762 10.5999 5.94048 5.9364 5.9364 5.9364 
29.077 7.58192 29.9086 9.59442 5.96104 5.959 5.959 5.959 
12 12 12 12 12 12 12 12 
13.971 13.2464 13.8157 15.4203 11.9524 8.95031 8.95031 11.6936 
14.3338 15.1695 13.098 16.536 12.5656 7.47036 7.47036 12.3564 
17.0369 14.9365 13.1696 17.6912 10.6289 7.87815 6.70025 11.4584 
18.2526 15.53 13.3172 16.693 11.0606 6.89791 6.30896 11.6898 
18.3277 16.4456 13.9069 16.81 10.9122 6.44375 6.14927 10.8796 
18.9156 16.0242 13.7354 17.3589 10.8196 6.19173 6.04449 10.8476 
18.1065 15.895 15.0208 16.6074 10.9053 6.20397 5.99522 11.2346 
17.8293 14.826 15.2429 15.8938 12.3786 6.61242 5.98622 11.215 
17.256 15.1276 15.2396 16.2401 14.0967 6.2956 5.9825 9.75409 
17.2487 15.1007 15.5016 16.2974 14.0927 7.03943 5.94692 8.76867 
15.9583 16.0241 16.8687 17.118 14.2317 6.49295 5.9467 7.35758 
14.3253 16.8101 18.2901 18.1263 12.6447 6.90032 5.95412 6.94802 
15.8604 16.0338 18.6203 17.6637 11.7159 7.72616 5.9411 6.43805 
14.1555 17.009 18.7469 17.1323 12.7256 8.11209 5.93498 6.18345 
15.6546 15.7618 19.741 16.8131 12.1592 7.8732 5.93639 6.06062 
17.4688 16.5049 17.8647 14.9472 13.5408 7.76412 5.92362 5.98574 
16.7942 16.071 17.9092 15.823 14.4442 6.87434 5.95409 6.12993 
16.7752 17.3266 15.3993 18.0082 14.1501 6.39098 5.93086 6.01878 
15.673 15.6493 17.0809 18.0859 14.61 6.1895 5.95944 6.75191 
13.7889 17.2989 16.725 18.3188 14.9935 6.46777 5.95591 6.45135 
12.2125 17.8443 17.8555 19.1991 13.8089 6.91182 5.96006 6.20778 
9.60481 17.7657 18.3058 20.8727 13.6586 7.05163 5.94407 6.7968 
10.0755 17.3574 17.8158 20.135 13.4206 8.13975 5.93814 7.1178 
10.0079 17.9232 17.6057 20.0576 14.4141 7.4993 5.95118 6.54101 
10.105 16.6384 17.6917 20.3823 15.3384 7.63854 5.95539 6.2503 
9.38972 16.7013 17.2767 20.0839 17.0746 7.42551 5.9504 6.09786 
8.95228 17.9546 16.9057 19.2994 17.2502 7.67315 5.9455 6.01923 
7.97231 18.7953 17.9356 19.0367 16.8147 7.52431 5.9421 5.97896 
9.00474 18.1802 19.005 18.2079 16.4929 7.20082 5.94503 5.96346 
9.2462 16.6802 17.8991 18.6865 17.7341 7.82242 5.96113 5.97034 
9.04746 16.7607 18.8449 18.3823 16.907 8.0977 5.97771 5.98232 
10.133 16.5525 18.1265 17.0248 17.1092 9.07786 5.98692 5.98922 
9.19586 16.3359 19.511 17.9154 15.3208 9.71306 5.97853 6.02944 
8.45535 16.127 21.6696 18.0397 13.7151 9.93466 5.96778 6.09089 
9.52238 17.4041 19.2763 18.6103 13.401 9.76253 5.98089 6.04245 
9.63556 17.2448 18.5829 19.2046 13.9869 9.20287 5.95527 6.18705 
11.2354 16.6205 17.6248 19.995 13.9379 8.57653 5.94698 6.06288 
10.3866 17.3073 17.6128 19.732 15.1302 7.82809 5.97251 6.03045 
9.77499 17.8668 17.8203 18.631 16.5791 7.3503 5.9743 6.00328 
10.3104 18.8339 16.8704 17.8229 16.1005 8.10301 5.97223 5.98671 
10.6611 18.2463 16.5701 17.7408 15.6395 9.21024 5.9623 5.96955 
10.7427 18.6068 17.4211 16.6162 15.4662 9.22279 5.9603 5.96392 
11.5066 18.5304 17.1647 15.9409 15.7041 9.20077 5.97532 5.97713 
9.96486 18.9616 18.3766 15.5611 14.3163 10.8687 5.97493 5.97583 
10.8589 17.7477 18.2521 14.3542 15.8235 11.0121 5.97551 5.97596 
10.7866 17.5048 18.0546 16.3537 15.1538 10.2183 5.96395 5.96417 
12.9121 17.399 19.8759 14.7827 15.042 8.06298 5.93579 5.9896 
13.3242 17.4358 17.6302 15.0836 17.0814 6.99852 5.93493 6.51129 
12.8993 17.3068 16.6372 15.5173 17.692 7.58924 5.9327 6.42538 
12.0052 16.8147 16.9715 16.3624 18.0889 7.58026 5.96537 6.21171 
10.3439 15.3435 18.2662 16.8139 17.9766 8.08155 5.97669 7.19767 
9.61752 15.4639 19.3229 16.7486 17.1801 8.63618 5.98535 7.04539 
9.55653 17.2275 19.0581 17.6226 14.8215 8.86804 5.96003 6.8857 
8.45986 18.6635 19.4295 16.8212 15.1719 8.86188 5.96509 6.62693 
9.55447 19.3723 18.4876 16.8792 13.9754 9.45122 5.97443 6.30535 
11.1362 17.9939 19.6541 16.1319 14.0134 8.98202 5.96158 6.12703 
11.146 18.5949 20.5305 16.3072 13.0871 8.36036 5.94561 6.02834 
10.2173 19.673 20.1961 15.5646 12.7688 9.66437 5.93723 5.9786 
10.3202 18.9696 19.7988 16.8638 12.628 9.47615 5.96139 5.98207 
12.0893 18.757 20.1187 14.7131 12.8942 9.47387 5.97172 5.98206 
13.3164 19.1449 19.242 15.0529 10.5342 10.0979 5.95826 6.65345 
14.0411 18.8393 20.0589 13.28 10.5624 11.0062 5.93229 6.27988 
12.8494 19.4731 19.2808 14.6614 11.217 10.4229 5.9608 6.13459 
15.3837 18.8457 18.4992 16.2396 9.11202 9.96619 5.93335 6.02025 
15.0916 17.4393 18.8077 17.2154 10.26 9.24825 5.94715 5.9906 
15.6974 15.4694 20.7226 17.59 10.4779 8.15476 5.93308 5.9548 
12.8236 17.3327 21.2156 17.2372 10.5153 8.54974 5.93136 6.39449 
13.4391 18.8787 20.9718 17.4154 9.45382 7.71269 5.94849 6.18005 
12.5717 16.8829 21.5229 18.3586 10.2711 7.80912 5.95166 6.63212 
11.4714 17.5572 21.7876 18.568 11.1399 7.28884 5.92343 6.26366 
13.5386 16.7868 18.748 19.6536 12.2435 6.98117 5.93913 6.10924 
14.849 17.7848 18.608 15.5456 12.5226 8.31745 5.96012 6.41244 
14.5437 16.729 19.2378 16.3269 11.5593 8.7393 5.96019 6.90379 
15.3983 16.6038 16.5602 17.3056 14.3575 7.36062 5.97107 6.44287 
15.0788 16.858 17.8523 16.3534 14.9863 6.67496 5.98019 6.21609 
12.8441 18.1356 17.1654 17.3189 15.7888 6.66705 5.98106 6.09901 
12.6066 17.8204 18.7504 18.3031 13.8693 6.32095 5.97795 6.35139 
11.5288 17.051 19.1112 19.8226 14.1404 6.24078 5.95927 6.14599 
11.4599 19.5879 18.0989 19.4403 13.3681 6.07767 5.93692 6.03028 
10.3675 19.6021 17.7914 18.9419 13.667 7.67636 5.95353 6.00021 
11.4213 19.8809 17.778 17.8043 13.2706 7.8302 5.97078 6.04402 
10.6617 20.9306 18.3014 18.0969 13.1097 6.90748 5.97777 6.01439 
10.4507 20.2692 16.4492 18.9068 14.0712 7.70211 5.98453 6.16624 
9.13502 19.2205 17.751 20.4116 14.6347 6.82462 5.96583 6.05669 
8.72103 20.2307 17.8135 19.7747 14.0997 6.82977 5.97976 6.55095 
8.43541 19.6968 18.7085 19.3587 14.7591 6.82898 5.96345 6.24904 
7.20656 20.9933 17.6623 20.2163 14.3704 7.46717 5.97058 6.11338 
6.59384 20.2553 19.3243 20.1292 14.7928 6.88154 5.97585 6.04724 
6.73084 19.701 18.6112 21.0427 14.7845 7.13484 5.95358 6.04131 
6.80292 19.6422 18.6285 20.5734 15.2568 7.16117 5.94554 5.98941 
7.18021 19.3501 19.7195 19.4324 14.5835 7.63316 5.93005 6.17104 
9.60761 19.7954 20.0895 18.086 13.6922 6.77063 5.91908 6.03957 
10.2833 18.9072 20.4768 17.631 14.4857 6.33579 5.91001 5.97026 
11.5389 18.0956 19.2732 18.187 14.8747 6.14208 5.92919 5.95932 
10.0142 18.4193 19.4492 20.5599 13.6116 6.04789 5.94144 5.9565 
8.60189 19.0136 19.6374 21.7723 12.9605 6.07405 5.96636 5.9739 
8.6304 18.5353 20.8008 22.5018 11.3377 6.31052 5.93989 5.94365 
8.59298 19.7121 20.7337 21.9176 10.9466 6.15526 5.96994 5.97183 
7.95503 19.9606 21.0521 21.586 11.2224 6.32966 5.94664 5.94759 
8.44861 20.1221 22.4126 20.1169 10.2459 6.709 5.97223 5.9727 
8.15949 21.1143 21.6809 20.4172 10.3313 6.42163 5.9375 5.93774 
9.55461 22.1214 19.6672 20.5438 10.026 6.17171 5.92965 5.98563 
10.7999 21.7884 18.1774 20.7487 10.5964 6.03441 5.91338 5.94137 
11.0976 22.464 17.8678 21.1302 9.48426 6.0986 5.92181 5.9358 
11.1557 22.099 18.9339 21.1431 8.84618 5.99728 5.90888 5.91588 
9.56631 22.4368 20.334 20.8606 9.04737 5.94662 5.90242 5.90592 
8.40043 21.7202 19.2685 21.9822 10.8247 5.9488 5.9267 5.92845 
7.69265 22.7343 20.6354 19.8968 11.2331 5.94297 5.93192 5.9328 
8.18422 21.6411 20.5917 19.8228 11.8951 5.93952 5.934 5.99151 
10.8457 19.9438 19.3598 20.0417 11.9902 5.93185 5.92908 5.95784 
10.2864 18.5128 21.0085 20.9936 11.3925 5.93152 5.93014 5.94452 
11.577 18.6314 19.5729 20.9135 11.5786 5.90694 5.90625 5.91344 
10.6042 19.1849 18.2882 21.1583 12.9831 5.92612 5.92578 5.92937 
10.0556 20.5666 17.9469 20.3209 13.123 6.07339 5.95585 5.95764 
11.0409 19.6297 19.5617 19.1147 12.836 5.97787 5.9191 5.92 
10.291 19.2955 20.4693 20.91 11.2489 5.94787 5.91849 5.91894 
8.69999 18.534 20.8981 21.9479 12.1411 5.93602 5.92133 5.92155 
8.62196 19.6762 22.6633 20.0594 11.245 5.91627 5.90892 5.90903 
9.11393 19.6903 22.908 19.6972 10.8565 5.9138 5.91012 5.91018 
10.708 18.9194 22.9643 18.4966 11.0921 5.94106 5.93923 5.93926 
12.604 19.0847 23.2947 16.8108 10.296 5.97053 5.96961 5.96963 
14.4217 19.0662 21.5985 17.9903 8.99417 5.97672 5.97626 5.97627 
15.4785 17.079 20.1825 19.4282 9.81205 5.94112 6.13774 5.94089 
15.6729 19.1176 18.4553 18.6317 10.2566 5.92259 6.0209 5.92247 
16.3294 19.0096 19.3171 18.192 9.4067 5.89871 5.94787 5.89866 
15.3637 18.3399 18.4936 20.7452 9.34995 5.89438 5.91896 5.89435 
16.1206 17.8197 20.8502 19.8663 7.62856 5.90078 5.91307 5.90076 
14.9462 18.153 20.971 21.3475 6.79195 5.92806 5.9342 5.92805 
13.775 17.3868 23.2279 21.1308 6.65082 5.94187 5.94494 5.94186 
13.285 16.0226 24.409 22.1182 6.30678 5.9523 5.95384 5.9523 
13.4342 14.609 26.3054 21.5378 6.25818 5.95157 5.95234 5.95157 
15.7516 11.3734 27.3596 21.2516 6.43943 5.9413 5.94169 5.9413 
15.4452 10.9645 25.277 22.4314 7.31694 5.95676 5.95695 6.65121 
17.6716 10.5843 22.2048 23.907 7.35745 5.97583 5.97593 6.32305 
18.0844 10.4945 24.903 21.8524 6.64115 5.95034 5.95039 6.12395 
19.6065 9.90602 23.7376 21.9498 6.9295 5.92793 5.92795 6.01473 
18.3381 7.94021 24.5999 24.4173 6.80757 5.95116 5.95117 5.99456 
17.8787 9.51849 23.6548 24.7248 6.37153 5.94332 5.94333 5.96502 
17.285 9.11671 26.9677 22.1851 6.65696 5.92587 5.92587 5.93672 
16.7805 9.18075 26.3745 23.4624 6.32327 5.95773 5.95773 5.96315 
18.9647 8.11518 26.3726 22.6972 6.09897 5.9162 5.9162 5.91891 
19.7968 9.65507 26.0165 20.7826 6.00546 5.91408 5.91408 5.91543 
19.8984 8.38814 26.4931 20.9216 6.56334 5.91158 5.91158 5.91226 
18.0095 8.78123 25.894 23.0427 6.55821 5.90468 5.90468 5.90502 
17.1608 7.36934 27.4151 23.9327 6.25783 5.93106 5.93106 6.00215 
17.2789 6.67272 27.3862 24.4498 6.31616 5.95358 5.95358 5.98912 
17.9604 7.7305 26.3429 23.876 6.15409 5.97279 5.97279 5.99057 
19.9993 6.85888 24.7001 24.4221 6.07067 5.98003 5.98003 5.98891 
21.0178 6.84646 23.6471 24.3449 6.17341 5.98862 5.98862 5.99306 
22.7059 6.37777 23.4145 23.4603 6.19277 5.94886 5.94886 5.95108 
24.0951 6.39306 25.5671 19.8524 6.22604 5.95505 5.95505 5.95616 
26.1535 6.30911 25.2339 18.3368 6.09315 5.95766 5.95766 5.95821 
27.6601 6.14067 24.1447 18.1267 6.03269 5.96494 5.96494 5.96522 
28.9428 6.60417 23.4257 17.334 5.94867 5.9148 5.9148 5.91494 
28.7138 6.86269 25.6523 14.9549 6.0804 5.91195 5.91195 5.91202 
28.5505 6.41522 30.4068 10.7839 6.02407 5.93984 5.93984 5.93988 
29.0928 6.63826 30.6778 8.38465 7.3186 5.96262 5.96262 5.96264 
32.0842 6.27649 29.3692 7.83744 6.61666 5.93867 5.93867 5.93868 
32.4743 6.59093 29.6462 7.30747 6.24951 5.91051 5.91051 5.91052 
29.8542 6.27419 33.3338 6.63246 6.10348 5.93398 5.93398 5.93398 
32.2322 6.10935 30.2072 7.60949 6.024 5.93925 5.93925 5.93925 
30.7864 6.21753 29.4374 9.79398 5.97297 5.93059 5.93059 5.93059 
32.596 6.04583 26.3271 11.4005 5.92355 5.90236 5.90236 5.90236 
29.7487 6.75531 30.3466 8.65799 6.76459 5.90893 5.90893 5.90893 
32.33 6.33623 27.5254 9.7284 6.34088 5.91304 5.91304 5.91304 
31.3532 6.12511 30.8326 7.82119 6.12743 5.91351 5.91351 5.91351 
33.0295 6.73902 29.3869 6.85177 6.29901 5.89793 5.89793 5.89793 
34.1074 6.31564 29.4241 6.37201 6.09563 5.89509 5.89509 5.89509 
35.2922 6.41718 27.8188 6.16798 6.51522 5.92952 5.92952 5.92952 
35.8473 6.1831 27.8613 6.05849 6.23212 5.93926 5.93926 5.93926 
36.4343 6.07027 27.5477 6.00797 6.09478 5.94835 5.94835 5.94835 
33.5028 6.03514 30.4881 6.00398 6.04739 5.97418 5.97418 5.97418 
35.5014 5.98149 28.6461 6.03034 5.98761 5.95101 5.95101 5.95101 
30.3974 7.16284 32.0545 6.01387 6.44883 5.9742 5.9742 5.9742 
27.5264 6.56764 35.7822 5.99315 6.21063 5.97332 5.97332 5.97332 
29.2611 6.22912 34.0903 6.57301 6.05062 5.93196 5.93196 5.93196 
32.6081 6.11082 29.9665 7.40636 6.02156 5.96223 5.96223 5.96223 
33.1175 5.99227 29.5941 7.59451 5.94764 5.91797 5.91797 5.91797 
31.8249 5.93731 31.5337 7.08857 5.915 5.90016 5.90016 5.90016 
34.6974 5.90162 29.2445 6.61691 5.89046 5.88304 5.88304 5.88304 
36.1385 5.89667 28.0777 6.33393 5.89109 5.88738 5.88738 5.88738 
30.3533 7.45889 32.273 6.14201 6.01656 5.91874 5.91874 5.91874 
31.9935 6.65737 31.7521 5.99894 5.93621 5.8873 5.8873 5.8873 
29.2814 6.32139 34.6352 5.99217 5.96081 5.93635 5.93635 5.93635 
32.9555 6.15512 31.0363 5.99051 5.97483 5.9626 5.9626 5.9626 
33.1444 6.06367 30.4487 6.46748 5.97353 5.96741 5.96741 5.96741 
35.3222 5.98127 27.1625 7.79835 5.9362 5.93314 5.93314 5.93314 
31.887 6.47739 29.6901 8.08327 5.96671 5.96518 5.96518 5.96518 
34.8582 6.18443 28.2559 6.98737 5.92909 5.92833 5.92833 5.92833 
32.3557 6.02859 31.5831 6.43007 5.90092 5.90054 5.90054 5.90054 
32.9128 5.95146 31.4336 6.15219 5.88762 5.88743 5.88743 5.88743 
30.8259 5.90828 33.6787 6.08196 5.87636 5.87627 5.87627 5.87627 
31.9158 5.90358 32.6399 5.99042 5.88762 5.88757 5.88757 5.88757 
33.4613 6.41176 30.4312 5.98028 5.92888 5.92886 5.92886 5.92886 
29.7376 6.14294 33.6072 6.90623 5.9015 5.90149 5.90149 5.90149 
27.1693 6.06349 34.6892 7.57545 6.67416 5.94277 5.94277 5.94277 
29.6299 6.02775 31.9918 8.11529 6.33308 5.96739 5.96739 5.96739 
29.7619 6.8075 30.4117 9.06523 6.12557 5.94272 5.94272 5.94272 
27.6367 6.3369 32.5319 9.785 5.99594 5.90451 5.90451 5.90451 
30.1388 6.13581 28.7289 11.2723 5.96533 5.91962 5.91962 5.91962 
29.9286 6.44819 30.5616 9.36856 5.94041 5.91755 5.91755 5.91755 
31.5206 6.20423 26.953 11.5551 5.95034 5.93891 5.93891 5.93891 
32.848 6.07388 26.9237 10.3838 5.94694 5.94122 5.94122 5.94122 
29.4172 6.4383 28.836 11.4504 5.96667 5.96381 5.96381 5.96381 
33.4688 6.15553 27.6317 9.06941 5.91971 5.91828 5.91828 5.91828 
35.9271 6.04317 26.8307 7.50011 5.92526 5.92455 5.92455 5.92455 
35.4325 6.20481 27.7011 6.70037 6.2235 5.91258 5.91258 5.91258 
31.4498 6.06293 32.3538 6.31071 6.07228 5.91682 5.91682 5.91682 
31.8119 5.98799 32.3508 6.11188 5.99266 5.91493 5.91493 5.91493 
32.9372 6.43149 30.8629 6.02469 5.96508 5.92622 5.92622 5.92622 
34.8434 6.144 28.9746 6.45305 5.9108 5.89137 5.89137 5.89137 
35.5068 6.05073 28.2462 6.20525 6.21781 5.92441 5.92441 5.92441 
31.4852 6.01405 32.4591 6.09131 6.0976 5.95089 5.95089 5.95089 
34.2077 5.97055 29.9834 6.00918 6.01232 5.93897 5.93897 5.93897 
35.8625 5.95079 28.44 5.97011 5.97168 5.935 5.935 5.935 
31.4905 5.90298 33.0952 5.91264 5.91342 5.89508 5.89508 5.89508 
31.8864 5.87942 32.8389 5.88425 5.88464 5.87547 5.87547 5.87547 
34.3332 6.4109 29.7872 5.89633 5.89653 5.89194 5.89194 5.89194 
35.3045 6.17097 28.4798 6.39644 5.91378 5.91149 5.91149 5.91149 
35.593 6.0496 26.4084 8.26842 5.92101 5.91986 5.91986 5.91986 
34.3213 6.00353 28.0269 7.89308 5.93923 5.93866 5.93866 5.93866 
29.5011 5.98049 33.2333 7.49264 5.94834 5.94805 5.94805 5.94805 
28.5944 5.93575 32.596 9.19551 5.91968 5.91953 5.91953 5.91953 
27.6709 6.73132 32.2926 9.63808 5.91683 5.91676 5.91676 5.91676 
28.8072 6.33176 30.6237 10.5394 5.92452 5.92448 5.92448 5.92448 
30.488 6.14987 27.4662 12.111 5.94625 5.94623 5.94623 5.94623 
27.336 6.85832 30.4987 11.5451 5.94048 5.94047 5.94047 5.94047 
27.4662 6.39652 30.0119 12.3749 5.9376 5.9376 5.9376 5.9376 
26.9912 6.30122 29.745 12.6755 6.49489 5.93072 5.93072 5.93072 
27.7264 6.15061 29.2571 12.7224 6.24745 5.96536 5.96536 5.96536 
29.019 6.3331 29.0762 11.602 6.09823 5.95718 5.95718 5.95718 
29.531 6.3139 28.9158 11.5234 5.98187 5.91135 5.91135 5.91135 
31.1909 6.12367 25.4564 13.5041 5.95765 5.92239 5.92239 5.92239 
28.0955 6.00769 30.3238 11.9272 5.92469 5.90706 5.90706 5.90706 
29.5998 5.95875 29.7809 11.018 5.91724 5.90843 5.90843 5.90843 
30.7023 5.93795 28.7218 10.9824 5.9172 5.91279 5.91279 5.91279 
29.9596 7.78825 28.2916 10.3858 5.89535 5.89314 5.89314 5.89314 
28.102 7.43862 30.0583 10.6982 6.03968 5.88775 5.88775 5.88775 
26.9104 6.67458 31.4828 11.2596 5.97511 5.89915 5.89915 5.89915 
31.6651 6.26939 29.9389 8.56191 5.91965 5.88167 5.88167 5.88167 
33.5745 6.06725 28.6792 8.16659 5.89238 5.87339 5.87339 5.87339 
34.5152 6.00034 27.5089 8.35247 5.9129 5.90341 5.90341 5.90341 
35.4832 5.95753 27.7847 7.13359 5.91381 5.90906 5.90906 5.90906 
36.6191 5.9671 26.6475 6.99245 5.94524 5.94287 5.94287 5.94287 
33.8634 6.77718 28.8017 6.45526 6.31101 5.93046 5.93046 5.93046 
30.863 6.3466 32.7215 6.18564 6.11352 5.92325 5.92325 5.92325 
32.1247 6.11448 32.0205 6.034 5.99794 5.9028 5.9028 5.9028 
33.9627 6.82575 29.5365 5.97797 5.95994 5.91237 5.91237 5.91237 
31.5922 6.34973 32.2426 6.21953 5.91683 5.89304 5.89304 5.89304 
31.6987 6.68489 30.9494 7.12122 5.89538 5.88348 5.88348 5.88348 
29.2693 6.51705 32.7907 7.81747 5.90584 5.89989 5.89989 5.89989 
30.043 6.18611 31.5725 8.68531 5.8805 5.87753 5.87753 5.87753 
30.8651 6.11089 30.6697 8.80082 5.8895 5.88801 5.88801 5.88801 
32.7458 6.00085 28.9124 8.78259 5.89015 5.88941 5.88941 5.88941 
27.876 5.99122 31.4041 10.9864 5.93587 5.9355 5.9355 5.9355 
27.695 6.55706 31.135 10.8703 6.04056 5.90071 5.90071 5.90071 
28.8261 6.27425 28.335 12.7105 6.016 5.94608 5.94608 5.94608 
27.0025 6.06989 30.3334 12.9361 5.94076 5.9058 5.9058 5.9058 
31.0585 6.01204 29.7469 9.44513 5.94748 5.93 5.93 5.93 
28.5827 5.98312 33.3467 8.31035 5.95084 5.9421 5.9421 5.9421 
30.1234 5.93707 32.4318 7.83706 5.92093 5.91656 5.91656 5.91656 
29.2113 5.90109 32.7848 8.5373 5.89302 5.89083 5.89083 5.89083 
27.0056 5.91054 36.2324 7.22865 5.90651 5.90542 5.90542 5.90542 
28.4742 5.89223 35.5231 6.55129 5.89022 5.88967 5.88967 5.88967 
28.2669 5.93119 35.4481 6.63385 5.93018 5.92991 5.92991 5.92991 
31.7051 5.90677 32.5054 6.2581 5.90627 5.90613 5.90613 5.90613 
12 12 12 12 12 12 12 12 
13.0056 13.1751 11.7062 15.322 14.4181 8.99435 8.99435 12.3842 
13.4291 13.5548 10.9351 15.6528 16.0615 7.48898 7.48898 14.3888 
14.1041 13.8457 12.3752 14.7742 16.3038 6.9975 7.47943 13.6201 
15.7128 14.2604 12.6431 14.6445 15.289 6.46587 6.70684 14.0274 
15.2501 14.8012 13.2069 15.9175 14.992 6.23663 6.3109 13.1597 
15.5546 14.9777 13.0352 16.3728 15.822 6.11391 6.15105 11.9103 
16.2239 17.052 12.1972 16.3418 15.5809 6.01812 6.03669 10.5182 
15.7816 16.8347 12.6866 18.1512 14.2801 6.64721 6.01736 9.58557 
14.4709 16.5731 11.904 18.6215 16.7786 7.77217 5.97439 7.89751 
11.3661 18.7092 10.9952 20.2617 16.6506 8.5931 5.9651 7.455 
9.78296 20.7589 12.4722 19.8858 15.4412 8.53783 5.95145 7.16765 
9.53117 20.0043 14.627 18.9755 16.0128 8.36566 5.93722 6.54533 
7.88459 19.5991 14.3193 20.7162 15.7799 9.50912 5.94366 6.24771 
7.43066 20.0786 13.1596 20.8697 17.1923 8.70805 5.94857 6.61223 
8.28311 21.2377 13.0631 19.816 17.0441 7.93949 5.97036 6.646 
8.52579 21.6534 13.1818 18.8243 18.325 6.97467 5.94084 6.57423 
8.07969 21.8954 14.1154 17.3183 19.4133 6.48624 5.96933 6.72223 
8.30638 20.9189 13.4336 17.1922 21.6434 6.21532 5.95686 6.33331 
8.25625 20.6217 13.4916 18.6629 20.8408 6.06567 5.93645 6.12467 
8.01917 19.9898 14.1874 19.5455 20.2939 5.99976 5.93515 6.02926 
7.86334 21.3585 12.8743 19.2589 20.5719 5.96431 5.932 6.17669 
6.88996 19.3117 14.1481 21.1231 20.6157 5.94045 5.92429 6.04664 
6.40615 19.2189 14.5013 20.5616 20.8904 6.41683 5.92331 6.08157 
6.1845 21.5352 15.364 18.1498 20.4159 6.38534 5.94308 6.02221 
6.37321 20.6105 16.6469 19.2875 18.7107 6.47363 5.92903 5.96859 
6.80565 17.7814 17.4187 19.5485 19.4506 7.04634 5.96451 5.9843 
6.37607 17.4636 19.1157 20.131 17.9513 7.04151 5.9555 5.96539 
6.1492 16.7415 18.5384 20.5024 18.4902 7.69551 5.93891 5.94386 
6.19655 16.1268 19.4156 19.2268 19.3427 7.79897 5.94507 5.94754 
6.09091 15.6141 19.6065 19.6963 18.7874 8.27334 5.96517 5.9664 
6.00629 16.7373 20.3095 19.2082 17.4644 8.38691 5.94342 5.94404 
6.5676 15.644 19.9204 18.442 18.5466 8.97861 5.95023 5.95054 
7.47572 16.7109 19.6571 18.4129 17.1016 8.73173 5.95491 5.95507 
7.10001 17.7215 18.9064 18.4764 16.9562 8.92878 5.95536 5.95544 
7.33353 18.2956 17.4034 17.5236 17.3861 10.1636 5.94703 5.94707 
9.05991 18.0692 16.615 17.0784 17.7152 9.5677 5.94731 5.94732 
9.7456 18.4127 16.2313 16.6134 17.0823 10.0496 5.93253 5.93254 
8.55288 18.8236 16.2118 16.7954 17.9621 9.73532 5.9594 5.9594 
9.15449 18.7289 17.5693 16.105 17.3225 9.20913 5.95531 5.95531 
9.85068 18.1535 17.9643 16.0115 17.1574 8.95027 5.95617 5.95617 
10.3933 18.4364 16.9625 16.4787 17.1501 8.71159 5.93375 5.93375 
8.87388 17.543 18.1339 17.4324 17.5638 8.59481 5.92908 5.92908 
8.51066 16.9674 18.5238 17.5426 16.5899 10.02 5.92283 5.92283 
7.20828 17.0923 19.5722 18.7813 15.2018 10.0651 5.91437 6.16462 
8.34682 18.1324 17.0515 17.7156 15.8754 10.8852 5.93398 6.0591 
8.55084 18.3075 16.551 16.8344 17.1789 10.6469 5.93391 5.99648 
8.03941 18.7163 16.5665 16.1487 17.0839 10.766 5.91711 6.76223 
7.43122 18.7931 17.7715 16.3899 17.0174 9.64737 5.94363 7.00585 
6.92619 17.6591 18.4703 17.8267 16.3935 10.3006 5.94632 6.47743 
6.46309 18.1295 17.9351 17.4633 17.3468 10.0003 5.97316 6.68871 
8.16982 18.1557 19.1808 14.9045 19.3356 7.97432 5.96077 6.31854 
7.71351 18.2561 18.1817 17.3242 19.433 6.97542 5.96864 6.14753 
7.67318 17.9686 18.028 16.778 20.9725 6.53119 5.97949 6.06894 
9.3421 17.4428 18.3233 16.9976 19.5453 6.21855 5.9427 6.18762 
10.1905 17.1629 19.273 16.7085 18.5853 6.07773 5.93981 6.06227 
10.6624 18.3109 18.5855 17.2512 16.993 6.00453 5.93557 6.25694 
10.7312 18.1055 18.2428 17.2756 16.9965 6.00226 5.96778 6.67847 
9.40032 18.5011 19.3359 17.6266 15.9038 6.98479 5.9461 6.30144 
8.93214 18.237 17.9751 18.3744 17.8265 6.57494 5.95111 6.12878 
8.14102 19.0564 17.6832 18.504 18.3335 6.23778 5.92586 6.11822 
8.63526 18.7639 17.9711 18.1161 17.2878 7.25902 5.93533 6.03151 
7.61434 18.6227 18.1264 18.4986 16.9856 7.92521 5.96467 6.26251 
7.40639 18.6012 18.8881 18.0528 16.5667 8.43731 5.94926 6.09818 
8.02161 18.0935 19.0174 18.2876 16.556 8.06881 5.94029 6.01475 
8.17747 17.7866 18.6551 18.3409 16.3573 8.7092 5.96811 6.00534 
7.59127 18.6395 18.7691 17.3431 17.7218 7.80638 5.97898 6.14988 
6.75422 19.3789 18.4576 17.4487 18.279 7.70003 5.94807 6.03352 
7.53095 17.6895 18.9211 18.5705 17.3959 7.95258 5.94839 5.99112 
7.07209 18.4139 18.8293 19.0047 17.716 7.0825 5.93011 5.95147 
7.23605 18.1069 19.5146 19.7523 16.508 6.94125 5.96505 5.97574 
8.4888 17.6519 19.0019 19.0213 17.1506 6.75094 5.96463 5.96998 
9.47214 18.2462 19.0247 16.1877 18.1509 6.9469 5.93263 6.03882 
8.53354 19.4079 19.2698 16.8491 16.7231 7.21818 5.9199 6.07848 
9.15122 18.4224 19.6664 16.3027 16.975 7.49564 5.95365 6.03294 
10.149 19.2327 18.4077 15.9756 16.794 7.55275 5.92431 5.96395 
13.2116 18.2887 17.2338 15.8036 16.6411 6.77423 5.96001 6.0869 
12.6285 18.5194 18.1624 16.6518 15.7069 6.39848 5.93455 5.998 
12.3534 17.5295 18.9288 15.7253 16.7762 6.73569 5.95966 5.99138 
12.2047 17.3762 19.9596 17.5505 14.2546 6.75859 5.94 5.95586 
13.1915 17.9255 19.432 16.1866 14.5387 6.87016 5.92381 5.93174 
12.3858 19.0818 18.3199 16.9678 14.9533 6.41127 5.9381 5.94206 
14.3586 17.2924 18.8049 17.2413 14.2814 6.16422 5.92763 5.92961 
14.7181 17.5708 18.826 16.8246 13.6263 6.51892 5.95716 5.95815 
14.4623 16.9985 19.9013 16.4034 13.084 7.19952 5.97525 5.97575 
14.7393 17.422 19.6895 15.6011 12.6356 7.95232 5.98001 5.98026 
12.4839 18.7219 19.6924 16.9409 11.9761 7.83905 5.98239 6.36336 
13.0964 18.0219 20.6857 16.7064 11.8329 7.5327 5.96675 6.15724 
11.9034 19.776 20.5614 16.4953 11.5995 7.31826 5.9342 6.41195 
13.3449 20.7314 19.9193 15.9147 11.3857 6.61642 5.92438 6.16326 
13.6479 19.5175 21.79 14.4863 12.1661 6.43321 5.91978 6.03922 
15.7093 17.3823 20.4113 14.1307 13.8117 6.21345 5.95674 6.38449 
