5 80000 300 266
14 14 14 14 14 14 14 
14.5726 15.5062 16.2324 16.1286 14.6763 10.9419 10.9419 
14.8513 16.0273 16.0358 16.9296 16.9126 9.37166 9.37166 
14.664 16.9224 16.4812 16.594 17.9218 8.58338 8.58338 
13.8796 16.6755 18.4787 18.5351 15.8657 8.22026 8.22026 
12.692 17.1873 18.5314 18.5596 16.7824 8.09243 8.09243 
12.2984 18.5936 18.3133 18.2084 16.6055 7.97479 7.97479 
10.7353 19.6995 17.4341 19.395 16.9157 7.90238 7.90238 
10.5831 18.2398 18.9211 19.6748 16.7345 7.91945 7.91945 
10.5606 17.1916 21.6803 19.1423 15.6542 7.88349 7.88349 
11.1214 16.4229 20.1859 20.4357 16.0047 7.91371 7.91371 
11.9975 17.6367 20.093 18.8385 15.7035 7.8649 7.8649 
10.8233 19.4543 18.1605 19.3973 16.4044 7.87982 7.87982 
11.881 20.9114 18.0715 17.8127 15.5487 7.88728 7.88728 
11.031 19.053 19.443 18.0692 16.5979 7.90291 7.90291 
10.9679 18.9232 20.5104 19.3594 14.4474 7.89577 7.89577 
10.9342 19.1773 20.0893 19.2769 14.8067 7.85784 7.85784 
10.7423 19.6804 21.7419 19.2715 12.9079 7.828 7.828 
11.6359 20.7149 20.6818 18.9738 12.3641 7.81471 7.81471 
12.4062 20.5927 20.1056 19.8398 11.2409 7.90736 7.90736 
10.7055 20.1305 20.1239 19.754 13.5588 7.86363 7.86363 
10.4432 19.4544 20.1298 19.3793 14.8111 7.89109 7.89109 
10.8632 19.7936 19.3569 17.9861 16.1445 7.92785 7.92785 
11.1029 19.619 18.1275 18.3681 16.9843 7.89911 7.89911 
11.2757 18.2207 18.2927 19.5812 16.7865 7.92152 7.92152 
9.71027 18.2733 18.083 19.6322 18.4611 7.92003 7.92003 
8.97278 18.1955 19.7474 18.0514 19.1129 7.96002 7.96002 
9.12215 19.8041 18.9245 17.635 18.6072 7.95352 7.95352 
10.4763 18.3842 18.3908 17.0764 19.9063 7.88301 7.88301 
11.0386 19.7489 18.2441 17.3549 17.8418 7.88582 7.88582 
10.7945 20.5396 17.9523 18.1958 16.8337 7.84199 7.84199 
10.8985 19.8053 19.6119 18.3889 15.6296 7.83298 7.83298 
11.1701 17.5685 20.9043 19.2631 15.4807 7.80665 7.80665 
10.4574 18.297 20.429 18.1002 17.0211 7.84764 7.84764 
10.5528 16.4402 21.9043 19.351 16.0337 7.85901 7.85901 
11.6466 14.5903 23.6925 19.2909 14.988 7.89585 7.89585 
11.0417 14.0913 23.254 21.66 14.2901 7.83142 7.83142 
12.1156 14.2399 21.9388 21.9811 13.9796 7.87254 7.87254 
11.9401 16.0611 21.9106 20.8729 13.3427 7.93627 7.93627 
11.7172 17.9156 20.1507 20.5514 13.9127 7.87618 7.87618 
12.5337 17.522 21.4104 19.8475 13.0017 7.84237 7.84237 
12.2576 18.8993 21.9955 18.6795 12.4916 7.83824 7.83824 
11.6323 18.2318 23.1757 19.7613 11.398 7.90038 7.90038 
10.3954 18.5219 22.7265 20.7717 11.7634 7.91059 7.91059 
11.2691 17.5943 23.268 19.9097 12.1912 7.88387 7.88387 
10.6705 18.2696 23.0249 20.6263 11.6112 7.89877 7.89877 
11.4554 17.9108 21.2122 21.3986 12.2721 7.87548 7.87548 
11.6313 17.871 21.4495 21.5427 11.6782 7.91364 7.91364 
11.9582 17.535 21.167 21.705 11.8588 7.88803 7.88803 
11.1434 16.7487 22.3206 21.2985 12.6195 7.93462 7.93462 
11.6476 15.3364 21.7932 21.9151 13.525 7.89136 7.89136 
11.5695 15.6144 23.6105 20.004 13.4862 7.85766 7.85766 
11.7254 15.6042 22.4488 20.1505 14.2926 7.88923 7.88923 
11.4317 16.2767 20.0622 20.9711 15.3787 7.93977 7.93977 
12.4791 14.9016 21.5045 20.9928 14.2111 7.95539 7.95539 
11.8646 15.0758 20.7523 21.7464 14.6056 7.9777 7.9777 
11.3616 15.3662 22.3711 22.6156 12.4795 7.90299 7.90299 
10.9177 15.6631 22.5322 23.5273 11.4767 7.94152 7.94152 
9.97104 14.0511 25.1685 23.4709 11.592 7.8732 7.8732 
10.2422 14.116 24.5647 24.9384 10.4415 7.84858 7.84858 
10.2935 14.9398 24.2282 24.2919 10.5163 7.86518 7.86518 
10.7023 13.278 23.604 25.2772 11.445 7.84673 7.84673 
10.7128 15.3672 23.5227 23.8606 10.71 7.91339 7.91339 
10.0665 15.1715 25.1671 22.7998 10.9106 7.9422 7.9422 
11.6583 13.7108 24.9586 22.8999 10.8303 7.9711 7.9711 
12.0791 12.9752 26.1512 21.8666 11.1443 7.8918 7.8918 
12.0963 14.9927 23.3849 23.4333 10.2113 7.94075 7.94075 
11.6037 15.6359 22.8035 22.957 11.3072 7.84634 7.84634 
11.5801 16.1906 23.7838 22.4455 10.3706 7.81468 7.81468 
10.6713 16.1428 24.0291 22.9642 10.4623 7.86512 7.86512 
12.5692 16.5739 22.9283 22.2689 9.9266 7.86657 7.86657 
12.0635 16.2015 23.7757 20.6822 11.6216 7.82776 7.82776 
13.6298 14.841 23.2849 21.0029 11.5706 7.83545 7.83545 
11.2119 16.3401 22.6977 23.0642 11.0617 7.8122 7.8122 
11.9969 14.937 24.8827 22.0584 10.5434 7.79081 7.79081 
12.5476 13.6398 26.1693 21.2307 10.8132 7.79969 7.79969 
13.8769 12.2323 27.2599 20.7958 10.0458 7.89469 7.89469 
14.4803 11.4234 26.6188 22.1297 9.63184 7.85796 7.85796 
15.3953 10.2571 26.9458 23.097 8.69292 7.80598 7.80598 
16.072 9.80838 27.3891 22.2628 8.77996 7.84388 7.84388 
15.4828 10.0904 28.1892 21.7697 8.6453 7.9113 7.9113 
15.1488 10.3362 26.2639 23.9801 8.42318 7.9239 7.9239 
15.8854 10.396 26.5368 23.3841 8.09899 7.84935 7.84935 
14.6532 10.198 26.2947 25.1131 7.99686 7.87204 7.87204 
15.2487 9.25484 27.5629 24.3747 7.89454 7.83213 7.83213 
15.1662 8.81736 27.6083 24.8969 7.85788 7.82668 7.82668 
15.9608 9.32889 26.3041 23.6186 8.98213 7.9027 7.9027 
15.9025 10.2489 25.1001 23.8872 9.16639 7.84745 7.84745 
15.7349 10.9292 26.6662 22.1019 8.80483 7.88151 7.88151 
15.0867 11.0796 27.2368 22.1472 8.81418 7.81776 7.81776 
14.4642 11.6132 24.9178 23.0793 10.1981 7.86368 7.86368 
13.4476 11.6077 26.6854 23.28 9.38079 7.79924 7.79924 
13.3536 10.3619 27.5692 24.3472 8.83404 7.76703 7.76703 
14.224 10.437 26.1835 24.5725 8.99923 7.79187 7.79187 
14.3327 11.0768 26.4433 23.3217 9.13177 7.84689 7.84689 
15.5233 11.3458 26.8194 22.0008 8.53189 7.88945 7.88945 
16.095 10.5579 27.9212 21.0579 8.71997 7.82404 7.82404 
16.7733 11.0961 27.534 20.7782 8.2381 7.79013 7.79013 
17.753 10.0935 27.8166 19.8933 8.6645 7.88956 7.88956 
17.2098 10.6023 28.075 20.2244 8.22114 7.83367 7.83367 
16.9864 10.0699 27.7658 20.8058 8.73485 7.81857 7.81857 
16.6622 10.8096 27.404 20.6846 8.73362 7.85295 7.85295 
16.3644 11.3605 25.7519 21.9767 8.93745 7.80459 7.80459 
14.5244 10.5475 24.8228 24.4102 9.92595 7.8846 7.8846 
15.0871 10.9767 25.4088 23.6109 9.07438 7.92108 7.92108 
14.2491 10.7361 26.2612 24.4877 8.47305 7.8964 7.8964 
14.2879 11.242 26.7409 23.9917 8.10472 7.81639 7.81639 
14.6001 11.3228 25.2126 24.4227 8.73072 7.85557 7.85557 
14.9808 10.6313 25.8593 23.356 9.48584 7.84345 7.84345 
14.3356 10.524 26.7689 23.5827 9.20721 7.79077 7.79077 
13.6707 10.7533 27.2573 23.9301 8.79436 7.79712 7.79712 
13.2493 10.4787 27.9144 24.2099 8.47881 7.83442 7.83442 
13.5944 9.7848 26.5329 25.5898 8.78486 7.8566 7.8566 
12.6376 9.16591 28.7935 24.6183 8.95083 7.91691 7.91691 
14.3078 8.57744 27.4822 24.8436 8.88313 7.95294 7.95294 
15.6583 8.68755 27.2308 24.0054 8.54714 7.93542 7.93542 
17.9538 8.86091 29.5033 19.6351 8.32341 7.86179 7.86179 
17.037 8.52881 29.2325 21.293 8.12346 7.89264 7.89264 
17.6094 8.2038 27.0405 23.3737 8.00112 7.88572 7.88572 
18.3432 8.25575 25.2126 24.3023 8.00056 7.94286 7.94286 
17.058 9.01746 26.9596 23.0344 8.10123 7.91465 7.91465 
16.4237 9.30749 28.1857 22.5079 7.92058 7.82729 7.82729 
16.8106 10.227 27.1502 22.082 7.94118 7.89454 7.89454 
17.7601 9.14576 28.0912 21.5249 7.84156 7.81824 7.81824 
18.1554 8.63085 29.1181 20.3276 8.12368 7.82216 7.82216 
17.3373 8.7402 28.2758 21.8157 8.04414 7.89338 7.89338 
16.7975 9.43145 28.5551 21.3373 8.0098 7.93442 7.93442 
17.3494 9.03671 28.0121 22.0884 7.86292 7.82524 7.82524 
15.728 8.43685 29.2098 22.9564 8.0067 7.83111 7.83111 
16.1194 8.73556 28.1563 23.472 7.89743 7.80964 7.80964 
17.8457 8.34332 27.0751 22.7452 8.23006 7.88035 7.88035 
19.5726 8.50379 27.978 19.8563 8.26665 7.9113 7.9113 
20.094 8.25189 29.0659 18.5436 8.13333 7.95565 7.95565 
20.4446 8.10148 28.906 18.599 8.0422 7.95336 7.95336 
22.0566 9.52411 26.4353 18.0273 8.01518 7.97076 7.97076 
23.1198 8.84702 28.4137 15.8764 7.92916 7.90695 7.90695 
22.9837 8.72815 28.4453 16.0508 7.93809 7.92698 7.92698 
21.4366 9.75081 27.3442 17.6939 8.11269 7.8309 7.8309 
21.7943 9.30579 28.0708 17.0748 8.01204 7.87114 7.87114 
20.6456 9.05541 28.0291 18.6003 7.93684 7.86639 7.86639 
20.2353 9.48397 27.7172 18.6296 8.19582 7.86905 7.86905 
20.3028 9.9889 27.9018 18.2654 7.95594 7.79255 7.79255 
18.5852 9.81373 27.8063 20.2773 7.89363 7.81194 7.81194 
17.2194 9.02272 27.0129 23.096 7.91023 7.86938 7.86938 
17.8454 8.65149 26.723 23.0129 7.93601 7.91558 7.91558 
17.256 8.32574 27.6948 22.6731 8.13467 7.95779 7.95779 
15.8835 8.89473 27.2544 23.7971 8.32601 7.92211 7.92211 
16.7296 8.84131 27.7181 22.5046 8.40543 7.90045 7.90045 
17.4557 8.46106 28.5055 21.69 8.24312 7.82228 7.82228 
18.3125 8.22414 28.1505 21.3881 8.11517 7.90475 7.90475 
19.3972 8.02773 27.9307 20.935 7.97325 7.86804 7.86804 
20.1825 7.88483 27.5137 20.9514 7.85759 7.80499 7.80499 
19.0143 8.09626 26.8338 22.3218 7.9288 7.90249 7.90249 
19.6711 7.98256 27.3513 21.3249 7.89882 7.88567 7.88567 
18.7313 8.28576 28.553 20.4784 8.09052 7.93057 7.93057 
19.4618 8.4698 28.6996 19.8546 7.89141 7.81144 7.81144 
20.8589 8.19832 27.612 19.6834 7.90912 7.86913 7.86913 
20.827 8.07469 27.7204 19.6276 7.9301 7.9101 7.9101 
21.3932 8.0914 29.5696 17.2462 8.0191 7.84019 7.84019 
20.5692 8.02659 28.9568 18.655 7.99044 7.90098 7.90098 
20.1683 7.93771 29.4493 18.7752 7.91964 7.87491 7.87491 
21.0842 8.13552 27.2247 19.7209 7.95982 7.93746 7.93746 
22.0805 7.91392 26.823 19.7267 7.82606 7.81488 7.81488 
21.6901 7.92808 27.3104 19.4301 7.88415 7.87856 7.87856 
21.456 9.43028 28.7678 16.9498 7.8006 7.7978 7.7978 
21.857 8.7474 28.2548 17.8297 7.77127 7.76987 7.76987 
20.4896 8.60567 28.3907 19.103 7.80413 7.80343 7.80343 
21.1272 8.42048 28.9013 17.9338 7.87265 7.8723 7.8723 
23.1834 8.20385 27.7094 17.1139 7.92994 7.92976 7.92976 
23.1302 8.26859 28.5983 16.5698 7.81112 7.81103 7.81103 
21.9397 8.02479 28.2761 18.3713 7.79605 7.79601 7.79601 
21.6406 8.43312 27.2478 19.0942 7.86144 7.86142 7.86142 
23.1365 8.4445 28.6974 16.1647 7.97484 7.791 7.791 
22.309 8.48151 32.3117 13.4527 7.87631 7.78439 7.78439 
23.0189 8.61929 31.8338 12.9411 7.89296 7.847 7.847 
23.5465 8.16767 29.6515 15.2668 7.8045 7.78152 7.78152 
23.5202 8.4513 28.8318 15.7659 7.81791 7.80642 7.80642 
23.3103 8.17702 28.2457 16.6976 7.86032 7.85458 7.85458 
22.0447 8.47163 27.2722 18.7384 7.82627 7.82339 7.82339 
21.3061 8.31383 29.9481 16.816 7.99115 7.81241 7.81241 
21.3012 8.32358 29.7889 17.2043 7.8536 7.76423 7.76423 
21.986 8.35434 29.0249 17.2978 7.80879 7.7641 7.7641 
21.9519 8.11552 27.1837 19.2653 7.84275 7.82041 7.82041 
20.1455 8.037 28.1247 20.0133 7.90061 7.88944 7.88944 
21.3903 7.90364 28.2515 18.9593 7.83544 7.82986 7.82986 
22.2598 7.86338 28.7516 16.9627 8.50956 7.82649 7.82649 
22.241 7.92475 29.1328 16.6411 8.24783 7.9063 7.9063 
22.8367 7.92277 29.2528 16.0763 8.08431 7.91355 7.91355 
22.8801 8.11421 30.4072 14.6827 8.02887 7.94348 7.94348 
23.2413 7.93909 29.4893 15.7264 7.89642 7.85373 7.85373 
24.4585 8.0236 28.9338 15.1267 7.83335 7.812 7.812 
23.9176 7.9079 29.0773 15.6802 7.81278 7.8021 7.8021 
23.6575 8.76164 29.122 15.2119 7.75254 7.74721 7.74721 
22.43 9.28589 29.4344 15.3591 7.83197 7.8293 7.8293 
24.4909 8.60846 27.9931 15.2658 7.8815 7.88017 7.88017 
23.9642 8.83548 28.3715 15.1329 8.00325 7.84633 7.84633 
24.084 9.19481 29.3132 13.6174 7.98252 7.90406 7.90406 
25.3331 8.5531 27.7895 14.5619 7.94695 7.90773 7.90773 
25.1666 8.1227 27.6768 15.6143 7.81963 7.80002 7.80002 
24.5398 8.09862 28.7452 15.2605 7.7918 7.782 7.782 
25.8775 8.00501 28.7713 13.8012 7.8516 7.84669 7.84669 
26.7046 8.11643 27.6768 13.8626 7.8815 7.87904 7.87904 
25.117 8.32292 28.3972 14.4313 7.91134 7.91011 7.91011 
24.9409 8.39343 27.3648 15.6796 7.87416 7.87355 7.87355 
26.1218 8.14409 27.3337 14.7477 7.88445 7.88414 7.88414 
25.6367 8.01144 26.8487 15.8587 7.88162 7.88147 7.88147 
25.6997 8.07352 27.8311 14.5395 8.1781 7.83904 7.83904 
24.5968 7.95242 29.277 14.4987 8.00471 7.83518 7.83518 
25.057 7.94173 29.4661 13.4562 8.3127 7.88311 7.88311 
26.4507 7.86308 28.9546 13.0155 8.04857 7.83377 7.83377 
27.1515 8.29396 29.7458 11.3735 7.88334 7.77595 7.77595 
28.6084 8.06855 29.7422 10.0985 7.86324 7.80954 7.80954 
28.0921 7.97367 30.7802 9.29169 8.17404 7.84416 7.84416 
26.6643 8.56097 30.0589 10.955 8.03024 7.8653 7.8653 
27.3805 8.35903 30.5883 10.0092 7.94261 7.86014 7.86014 
27.7928 8.02567 30.198 10.6136 7.81746 7.77623 7.77623 
27.168 8.33382 29.9138 11.3253 7.76675 7.74614 7.74614 
24.7961 8.10631 28.8963 14.7536 7.82277 7.81246 7.81246 
24.643 8.28056 27.8592 15.6858 7.84725 7.84209 7.84209 
23.7693 8.01233 28.5761 16.2604 7.79568 7.7931 7.7931 
24.1171 7.9817 28.6611 15.6226 7.87337 7.87208 7.87208 
24.4395 7.9591 28.1401 15.7478 7.90494 7.9043 7.9043 
24.1463 8.71961 28.7489 14.6017 7.92801 7.92768 7.92768 
23.11 8.20596 30.0935 15.1604 7.81016 7.81 7.81 
22.3242 8.10298 29.2006 16.6571 7.90508 7.905 7.905 
22.8288 7.99088 26.57 18.9346 7.89193 7.89189 7.89189 
22.4034 8.5742 30.5011 15.145 7.79212 7.7921 7.7921 
23.1649 8.27483 30.4346 14.4743 7.88379 7.88378 7.88378 
21.9483 8.25327 28.7844 17.2981 7.90531 7.9053 7.9053 
21.5173 8.12024 28.7692 17.7545 7.94627 7.94626 7.94626 
22.8656 7.99094 27.7494 17.6823 7.90395 7.90395 7.90395 
21.4947 7.86544 29.3546 17.8195 7.82194 7.82194 7.82194 
19.0555 8.16233 28.2724 20.9943 7.83846 7.83846 7.83846 
20.2538 8.70163 28.8227 18.583 7.87963 7.87963 7.87963 
22.5063 8.20933 28.2377 17.6516 7.79834 7.79833 7.79833 
21.3396 7.99516 27.6635 19.6327 7.78966 7.78966 7.78966 
20.3365 8.16425 27.8318 19.983 7.89483 7.89483 7.89483 
20.8494 7.95209 27.693 20.0534 7.81738 7.81738 7.81738 
21.4073 8.1668 28.1528 18.8417 7.81043 7.81043 7.81043 
20.673 8.37788 28.1869 19.0834 7.89294 7.89294 7.89294 
20.4358 8.16245 28.1663 19.4755 7.91998 7.91998 7.91998 
21.1857 8.11348 27.4702 19.7377 7.83096 7.83096 7.83096 
20.7467 8.36443 28.1967 18.9458 7.91548 7.91548 7.91548 
20.1294 8.3634 28.5583 19.4032 7.96471 7.79049 7.79049 
20.4814 8.02785 28.8625 19.317 7.82851 7.7414 7.7414 
21.7314 7.89591 27.9405 18.82 8.1068 7.75269 7.75269 
21.1883 7.81893 28.9703 18.6035 7.92437 7.74731 7.74731 
21.7243 8.70398 28.1838 17.8634 7.90054 7.81201 7.81201 
21.8044 8.91126 28.8335 16.8344 7.90164 7.85737 7.85737 
20.4997 8.3256 28.813 18.3243 8.43998 7.79866 7.79866 
21.2928 8.15053 27.5967 18.9781 8.20772 7.88706 7.88706 
21.3047 8.1505 28.2184 18.58 8.02236 7.86202 7.86202 
22.5065 9.09045 27.1791 17.4967 7.96255 7.88238 7.88238 
22.5866 8.54522 27.4229 17.5817 7.98127 7.94119 7.94119 
22.2567 8.25932 28.9938 16.5981 7.97735 7.95731 7.95731 
21.2245 7.97582 31.0033 16.3119 7.83483 7.82481 7.82481 
22.517 7.95616 28.0413 17.8385 7.88567 7.88066 7.88066 
21.3892 7.89965 28.2364 18.8866 7.8644 7.8619 7.8619 
19.7269 7.82079 31.0537 17.9917 7.80317 7.80192 7.80192 
18.7631 8.27933 30.4136 19.19 7.78508 7.78445 7.78445 
19.7853 8.02165 28.2503 20.6198 7.77453 7.77421 7.77421 
19.6829 7.85698 28.9853 20.275 7.73342 7.73326 7.73326 
18.792 8.71244 29.3074 20.014 7.72473 7.72466 7.72466 
18.79 8.29561 28.1386 21.3706 7.80176 7.80172 7.80172 
21.2456 8.04391 28.6797 18.6399 7.79698 7.79696 7.79696 
20.6228 8.02196 28.0541 19.6056 7.89849 7.89848 7.89848 
19.9089 7.88095 28.2685 20.4839 7.81922 7.81921 7.81921 
14 14 14 14 14 14 14 
15.9056 13.2232 16.5494 16.3348 15.0472 10.97 10.97 
16.4861 14.7449 17.4747 14.9674 16.8569 9.48498 9.48498 
14.6358 15.9341 18.4405 16.1595 17.1043 8.73792 8.73792 
15.6889 17.5824 18.1569 14.9802 16.8101 8.32824 8.32824 
14.1508 19.2642 18.5379 15.2604 16.5131 8.10556 8.10556 
14.186 19.7901 17.5082 15.8695 16.6087 8.00312 8.00312 
13.5895 19.6398 20.007 15.8234 15.0329 7.94587 7.94587 
12.6434 19.4529 19.9806 16.5126 15.6586 7.87202 7.87202 
14.1068 18.2791 20.7359 14.9449 16.1627 7.88338 7.88338 
14.7185 18.4556 20.3915 15.963 14.803 7.8332 7.8332 
13.8615 17.6359 21.7429 16.2775 14.8006 7.84037 7.84037 
13.2236 17.1703 20.8257 19.1227 14.0365 7.81034 7.81034 
12.4284 18.093 20.0325 18.7336 15.0719 7.82016 7.82016 
12.3147 17.1805 21.4995 18.697 14.5934 7.85745 7.85745 
12.3039 17.4555 21.9791 17.9773 14.6253 7.82943 7.82943 
11.9946 17.8289 20.203 19.6628 14.616 7.8473 7.8473 
11.8521 17.8137 19.5863 20.0188 14.9193 7.90492 7.90492 
11.0166 17.391 21.8972 20.5297 13.342 7.91173 7.91173 
12.4048 16.6265 21.4084 20.035 13.7974 7.86391 7.86391 
12.7399 16.1825 21.3579 21.2766 12.5888 7.92711 7.92711 
11.8645 15.2341 23.5361 20.1987 13.3274 7.9196 7.9196 
12.0982 14.3435 22.7546 20.5254 14.5112 7.88357 7.88357 
11.9247 13.969 22.898 20.7466 14.7441 7.85883 7.85883 
12.0403 14.2093 24.5224 20.2357 13.3353 7.8285 7.8285 
12.4678 13.9173 22.1152 22.04 13.8453 7.80719 7.80719 
10.8595 14.4476 21.41 22.9143 14.6319 7.86835 7.86835 
10.3021 14.7644 22.1899 22.942 14.0445 7.87849 7.87849 
10.4384 14.2788 22.4743 24.1147 12.9993 7.84729 7.84729 
9.30799 15.0833 22.1016 24.5574 13.1585 7.89561 7.89561 
9.25305 16.7398 21.8999 23.7174 12.7113 7.83931 7.83931 
8.83445 16.5382 21.4697 24.9775 12.42 7.88005 7.88005 
8.3458 15.412 22.9968 25.1078 12.4005 7.8686 7.8686 
8.76347 14.1576 24.8979 24.2164 12.1556 7.90452 7.90452 
9.14918 13.2416 26.5187 24.2012 11.0778 7.90575 7.90575 
9.53995 13.0873 26.4233 23.9944 11.1971 7.87897 7.87897 
9.64802 13.8607 26.1385 24.3143 10.3546 7.84192 7.84192 
9.53865 15.6152 23.6152 23.6956 11.753 7.89119 7.89119 
10.0833 16.0202 23.0395 22.1135 12.8813 7.9311 7.9311 
10.6225 14.9577 22.7954 23.3574 12.3632 7.95188 7.95188 
10.4999 16.3232 23.1901 22.5278 11.7241 7.86745 7.86745 
10.4387 16.6522 23.2696 20.9337 13.0554 7.82523 7.82523 
10.7749 16.1965 22.9774 21.578 12.7777 7.8478 7.8478 
11.7576 17.1126 21.3445 21.9669 12.0379 7.89025 7.89025 
11.1546 18.1487 22.5427 21.535 10.8151 7.90196 7.90196 
10.2002 19.9016 21.247 21.8381 11.1253 7.84392 7.84392 
9.8795 20.3675 21.0402 22.4386 10.5872 7.84353 7.84353 
8.99703 19.3723 23.1693 21.8398 10.9022 7.85971 7.85971 
9.93061 18.4516 22.3254 22.1545 11.377 7.88047 7.88047 
10.5484 16.794 21.5845 22.4916 12.7605 7.91046 7.91046 
10.2125 17.4094 21.4095 22.3569 12.8 7.90585 7.90585 
10.0285 17.3834 22.2333 20.764 13.9129 7.83893 7.83893 
10.5698 16.4931 23.6462 20.6657 12.9848 7.82018 7.82018 
11.7687 14.6057 24.2919 20.3079 13.2256 7.90011 7.90011 
12.332 14.8454 22.2433 21.8328 13.0605 7.843 7.843 
12.2227 15.4124 21.9464 20.1947 14.3911 7.91635 7.91635 
12.2826 16.2704 20.9228 20.6767 14.1225 7.86245 7.86245 
11.9403 15.996 22.8325 20.6476 12.7313 7.92607 7.92607 
12.1296 16.0898 24.0974 19.7441 12.042 7.94854 7.94854 
13.1342 14.9858 24.5166 19.8978 11.548 7.95885 7.95885 
13.5524 15.0909 23.1652 21.1008 11.2887 7.90099 7.90099 
12.5203 15.77 22.157 20.8637 12.9551 7.86695 7.86695 
12.5556 16.8438 20.4005 21.812 12.5308 7.92863 7.92863 
12.1601 16.8618 20.8141 20.3689 13.938 7.92851 7.92851 
11.5148 17.1266 21.2766 20.3294 13.8531 7.94976 7.94976 
11.0074 15.5633 23.1383 21.4147 12.9265 7.97488 7.97488 
11.6734 14.7225 23.0087 21.7613 12.89 7.97202 7.97202 
11.7403 15.795 23.4321 20.6397 12.4691 7.96191 7.96191 
10.8574 14.5471 24.7595 21.573 12.3727 7.94515 7.94515 
11.7431 14.6189 23.5911 22.2556 11.8564 7.96742 7.96742 
11.3261 16.1406 23.7436 21.7771 11.2529 7.87981 7.87981 
12.5641 15.6224 21.8978 21.4354 12.7879 7.84616 7.84616 
12.8643 15.6593 20.9489 22.1101 12.7231 7.84713 7.84713 
12.2014 16.2912 22.2693 22.5935 10.8487 7.89792 7.89792 
13.0804 15.2522 21.7946 22.4643 11.6426 7.88297 7.88297 
11.997 14.0982 22.4455 24.0494 11.6589 7.8755 7.8755 
10.9604 14.301 22.8004 24.8746 11.3002 7.88177 7.88177 
10.3025 14.7647 23.0753 23.7317 12.376 7.87489 7.87489 
10.3751 16.3376 23.478 22.1892 11.785 7.91755 7.91755 
11.1086 16.0635 22.5284 22.8051 11.682 7.90614 7.90614 
11.5439 16.4953 23.3736 22.2099 10.6587 7.85932 7.85932 
11.8326 17.2008 22.2929 21.9865 10.839 7.92415 7.92415 
11.9272 17.0704 22.6218 22.4686 10.0643 7.92382 7.92382 
11.3837 17.2073 23.9125 20.7194 10.9942 7.89145 7.89145 
11.9094 16.3757 23.8734 21.4996 10.6785 7.83174 7.83174 
12.7482 15.253 24.5726 21.4835 10.2305 7.85609 7.85609 
13.0968 12.6685 26.4319 22.6465 9.457 7.84961 7.84961 
13.5945 11.2123 25.6821 24.1959 9.60655 7.85434 7.85434 
13.8794 9.57216 27.0054 24.9875 8.76928 7.89318 7.89318 
14.7207 9.82931 25.7505 24.3093 9.71605 7.83708 7.83708 
13.3713 9.55946 25.99 26.0891 9.22961 7.88029 7.88029 
12.6856 8.77973 26.7283 26.5112 9.41481 7.94014 7.94014 
12.952 9.13125 27.4446 25.1809 9.59246 7.84938 7.84938 
14.0357 9.34016 25.9239 24.9247 9.96864 7.90347 7.90347 
14.7719 9.21553 26.5983 24.8955 8.86133 7.82874 7.82874 
14.9068 8.50749 28.0624 23.4505 9.44459 7.81409 7.81409 
15.4534 9.53946 26.7455 23.7253 8.7223 7.90705 7.90705 
14.85 10.1122 27.4823 23.2325 8.47074 7.92613 7.92613 
16.0955 11.1255 25.1573 23.0324 8.85965 7.8648 7.8648 
16.5463 11.0868 25.3266 21.7145 9.52897 7.8984 7.8984 
17.5324 11.2312 26.0231 20.5133 8.86502 7.91746 7.91746 
17.973 10.0066 25.6178 21.1632 9.39001 7.92473 7.92473 
18.3615 9.46756 26.3505 20.1054 10.0522 7.83141 7.83141 
16.5671 10.1315 26.1014 21.8425 9.57153 7.89298 7.89298 
17.1661 10.2233 26.9476 21.3797 8.65396 7.81468 7.81468 
17.1091 9.73595 28.6472 20.3719 8.51773 7.80908 7.80908 
18.1863 9.40055 27.9213 19.8177 8.93309 7.87054 7.87054 
18.7422 9.67104 28.8729 18.5346 8.41391 7.88264 7.88264 
19.31 10.3401 28.045 18.1358 8.3354 7.91686 7.91686 
19.6849 9.06227 28.5435 18.1996 8.80842 7.85064 7.85064 
20.0248 8.93843 26.4298 20.498 8.35558 7.87669 7.87669 
19.7094 8.56012 26.6997 20.4005 8.87476 7.87774 7.87774 
20.2045 9.23633 26.6152 19.8212 8.37324 7.87473 7.87473 
20.9846 9.47111 25.8076 18.7342 9.18662 7.90795 7.90795 
22.0308 9.19709 26.5961 16.5978 9.67023 7.95398 7.95398 
21.1381 9.50652 27.4085 17.1946 8.82285 7.96472 7.96472 
21.8436 9.32842 27.5931 15.9503 9.47678 7.90393 7.90393 
21.398 9.58485 27.9235 15.5942 9.65903 7.92022 7.92022 
20.876 8.92222 30.0385 14.8767 9.40178 7.94241 7.94241 
19.1658 8.45519 29.9601 17.7934 8.69498 7.96529 7.96529 
19.4069 8.33317 28.1765 19.4539 8.74631 7.94159 7.94159 
18.865 8.66969 27.9081 20.1307 8.72098 7.85278 7.85278 
18.8166 8.29379 29.0567 19.7428 8.31944 7.88534 7.88534 
20.2234 9.63279 28.008 18.0218 8.39169 7.86116 7.86116 
20.3491 8.67396 28.0989 19.0999 8.20178 7.78815 7.78815 
20.9648 8.28835 26.8154 20.1883 8.05226 7.84544 7.84544 
22.5768 9.89639 26.0921 17.6163 8.00843 7.90502 7.90502 
21.7459 10.3404 28.0787 15.5075 8.57938 7.87408 7.87408 
20.7514 9.72945 29.085 16.4164 8.24106 7.88841 7.88841 
22.2525 9.41018 27.8856 16.5659 8.07947 7.90315 7.90315 
20.9724 9.16663 27.0197 17.5137 9.42435 7.95157 7.95157 
19.3572 8.93815 28.5099 17.4665 10.0348 7.84675 7.84675 
18.4749 8.63574 27.2179 21.2333 8.8754 7.7814 7.7814 
16.9661 9.52292 27.1736 21.9731 8.69638 7.83392 7.83392 
16.4959 10.2102 26.7278 22.8455 8.19434 7.76311 7.76311 
16.8288 9.2305 27.7204 21.9838 8.55262 7.84195 7.84195 
15.8582 9.25008 28.7478 22.0874 8.34934 7.85356 7.85356 
16.6248 8.68301 28.287 22.493 8.23264 7.83982 7.83982 
15.6653 9.40687 28.1958 23.0112 8.03789 7.84148 7.84148 
17.5003 9.68833 26.3335 22.8349 7.94644 7.84823 7.84823 
17.6459 10.0589 26.2036 22.307 7.96095 7.91185 7.91185 
16.442 9.79135 26.7526 23.217 7.94873 7.92418 7.92418 
14.8041 9.75461 26.229 25.5583 7.89286 7.88058 7.88058 
14.0032 8.80989 26.4572 27.105 7.87901 7.87288 7.87288 
14.4519 8.37845 27.467 25.9697 7.91302 7.90995 7.90995 
15.5316 8.34205 27.687 24.6128 7.94322 7.94168 7.94168 
14.6672 8.11469 28.2097 25.2641 7.91527 7.9145 7.9145 
15.1767 8.63251 27.1767 25.3772 7.8792 7.87882 7.87882 
15.5429 8.21236 27.5494 25.1886 7.83571 7.83551 7.83551 
16.4316 8.02775 27.9904 24.0322 7.83942 7.83933 7.83933 
15.6938 7.97282 27.6316 24.6261 8.31854 7.87861 7.87861 
15.8341 7.98002 27.2343 24.9328 8.15288 7.93291 7.93291 
15.657 8.32437 27.7038 24.6955 7.94641 7.83643 7.83643 
14.2388 8.15079 27.3847 26.4503 7.96181 7.90682 7.90682 
15.4527 8.48716 26.9276 25.4801 7.90247 7.87498 7.87498 
14.9139 8.14983 26.7451 26.6463 7.85749 7.84374 7.84374 
15.0917 7.96713 26.8456 26.6465 7.82096 7.81408 7.81408 
16.4619 8.35419 26.7095 25.2114 7.75663 7.7532 7.7532 
17.1837 8.23115 27.8818 23.4165 7.76345 7.76173 7.76173 
18.3183 8.06694 26.7068 23.4104 7.83309 7.83223 7.83223 
17.4925 8.03988 30.5009 20.6795 7.7627 7.76227 7.76227 
18.2399 7.97564 29.8074 20.4664 7.83705 7.83683 7.83683 
18.5751 7.83397 28.6857 21.2909 8.08519 7.76457 7.76457 
18.2814 8.6426 28.6721 20.554 8.15845 7.8457 7.8457 
18.936 8.26867 26.9092 22.1191 8.02659 7.87022 7.87022 
18.7629 7.98049 26.5956 23.239 7.85945 7.78126 7.78126 
19.7148 8.15691 27.6311 20.6195 8.09639 7.89063 7.89063 
18.6715 8.56563 28.8797 20.4059 7.89435 7.79147 7.79147 
19.974 8.18353 30.0427 18.359 7.84788 7.79644 7.79644 
19.7176 7.98398 28.195 20.7064 7.81616 7.79044 7.79044 
18.0886 8.18454 29.7807 20.4464 7.94535 7.77721 7.77721 
19.8059 8.06578 29.2943 19.1636 7.94618 7.86211 7.86211 
20.6285 7.97611 28.5273 19.2032 7.91631 7.87427 7.87427 
21.9214 7.8571 27.8053 18.679 8.12482 7.80618 7.80618 
23.3353 7.7747 28.7856 16.6974 7.90856 7.74925 7.74925 
24.6173 8.02404 28.7813 15.0034 7.91112 7.83146 7.83146 
22.5533 8.75208 29.2224 15.7586 7.93109 7.89126 7.89126 
23.6591 8.29454 27.6206 16.8134 7.88404 7.86413 7.86413 
22.4308 8.10296 28.209 17.5839 7.89772 7.88776 7.88776 
21.4601 8.02702 26.4898 20.2599 7.92439 7.91942 7.91942 
19.7239 8.12936 26.9644 21.4104 7.92561 7.92312 7.92312 
19.1454 8.46208 25.8601 22.9202 7.8716 7.87036 7.87036 
20.5204 8.15261 25.8385 21.9176 7.85737 7.85675 7.85675 
20.4454 7.93433 27.2711 20.9897 7.78671 7.7864 7.7864 
19.7906 7.97951 27.3701 21.6059 7.75138 7.75122 7.75122 
20.4304 8.00313 29.0697 19.3314 7.72184 7.72177 7.72177 
21.1297 8.27885 29.4316 17.6303 7.84322 7.84318 7.84318 
20.5648 8.72959 28.6502 18.3233 8.01997 7.85602 7.85602 
19.4929 8.31216 27.483 21.0038 7.95735 7.87538 7.87538 
19.6211 8.70154 27.6913 20.3765 7.89717 7.85618 7.85618 
20.15 8.67176 27.7346 20.0648 7.80661 7.78612 7.78612 
21.9269 8.40995 28.3117 17.625 8.16256 7.78195 7.78195 
22.5152 8.51532 28.6386 16.5711 8.0468 7.85649 7.85649 
21.6179 8.16156 27.8328 18.7961 7.9273 7.83215 7.83215 
20.71 8.53623 27.2827 19.7941 7.92405 7.87647 7.87647 
20.8165 8.26811 27.6414 19.4355 7.96202 7.93824 7.93824 
21.8634 8.00403 27.7526 18.8509 7.85098 7.83909 7.83909 
22.3868 7.87198 28.5822 17.6298 7.95026 7.78951 7.78951 
22.3045 7.85756 27.8532 18.4554 7.8967 7.81632 7.81632 
24.0972 7.81227 27.8424 16.8329 7.83184 7.79166 7.79166 
24.3098 7.88703 28.2524 15.9005 7.89681 7.87672 7.87672 
24.2297 8.19522 29.2623 14.753 7.85997 7.84992 7.84992 
26.0221 8.07112 29.6974 12.5089 7.9035 7.89847 7.89847 
26.6889 7.98693 28.6785 12.9414 7.90312 7.9006 7.9006 
26.5458 7.95386 29.0257 12.7413 7.91195 7.9107 7.9107 
26.7033 7.86042 29.076 12.6813 8.00128 7.83884 7.83884 
26.0875 7.86103 28.8462 13.5734 7.93146 7.85024 7.85024 
26.345 7.77667 28.6859 13.838 7.81188 7.77127 7.77127 
23.9097 7.73449 29.0865 16.0536 7.7521 7.73179 7.73179 
25.7531 7.72481 28.1931 15.1485 7.73361 7.72346 7.72346 
23.3704 7.72043 28.6027 17.1421 7.72483 7.71976 7.71976 
25.05 7.79103 27.3517 16.4327 7.79323 7.7907 7.7907 
24.7513 8.0926 29.5518 14.0558 8.0937 7.72746 7.72746 
24.9831 7.91449 30.5352 13.1883 7.91504 7.73193 7.73193 
26.8249 7.95725 29.9343 11.5942 7.95752 7.86596 7.86596 
27.0488 7.93757 28.4569 12.8352 7.93771 7.89193 7.89193 
26.8257 7.81494 29.4528 12.5073 7.81501 7.79212 7.79212 
26.3109 8.0476 29.8538 12.1454 7.88839 7.87695 7.87695 
27.7857 7.88232 28.4317 12.5036 7.80272 7.797 7.797 
27.6183 7.86273 29.9021 11.1537 7.82293 7.82007 7.82007 
28.0027 8.44749 28.6607 11.5446 7.78243 7.781 7.781 
27.5545 8.8025 29.8981 9.98476 8.28682 7.73665 7.73665 
26.2772 8.56792 31.6157 9.33266 8.48369 7.86138 7.86138 
26.5392 8.31854 31.8021 9.56546 8.13233 7.82118 7.82118 
27.8593 8.11064 29.5789 10.7098 8.01753 7.86196 7.86196 
28.3559 7.98975 28.8878 11.0926 7.94319 7.86541 7.86541 
28.8838 8.25958 27.5321 11.5757 7.94219 7.90329 7.90329 
26.619 8.37333 30.1867 10.9539 8.21463 7.82618 7.82618 
26.4852 8.0718 31.9853 9.86885 7.99245 7.79823 7.79823 
26.7041 8.02998 29.898 11.5912 7.99031 7.8932 7.8932 
27.4004 7.94248 28.6952 12.2911 7.92265 7.87409 7.87409 
26.1613 7.86532 28.9893 13.4664 7.8554 7.83113 7.83113 
25.3784 7.81616 28.2487 15.1474 7.8112 7.79906 7.79906 
23.5154 8.18158 28.7967 15.8358 7.8942 7.88813 7.88813 
24.6508 8.02161 26.977 16.7229 7.87792 7.87488 7.87488 
22.8033 7.8711 29.2973 16.6335 7.79925 7.79774 7.79774 
22.8437 8.79448 28.912 15.997 7.81812 7.81736 7.81736 
23.7169 8.33167 27.8986 16.5231 7.84349 7.84311 7.84311 
24.9914 8.12153 27.2404 16.0147 7.87744 7.87725 7.87725 
25.6859 8.20187 26.0435 16.2896 7.92645 7.92636 7.92636 
25.4187 8.04033 28.7793 14.0539 7.90262 7.90257 7.90257 
27.1503 7.90215 28.6754 12.7723 7.8333 7.83327 7.83327 
28.3711 7.86264 28.6234 11.6582 7.82821 7.8282 7.8282 
28.7487 7.81482 30.1693 9.87443 7.7976 7.7976 7.7976 
27.3774 7.77738 29.9453 11.5936 7.76877 7.76877 7.76877 
27.8044 7.80025 30.1087 10.8988 7.79595 7.79595 7.79595 
27.1587 7.79062 29.8959 11.7895 7.78846 7.78846 7.78846 
27.8861 7.87761 28.6647 11.9419 7.87653 7.87653 7.87653 
28.0664 7.99725 29.5921 10.8411 7.83437 7.83437 7.83437 
28.0596 7.95902 29.9776 10.371 7.87758 7.87758 7.87758 
27.8997 8.6028 28.8587 11.0074 7.87715 7.87715 7.87715 
24.9735 8.23841 33.1301 9.44073 8.46613 7.87558 7.87558 
26.9039 8.10693 30.062 10.8553 8.2208 7.92552 7.92552 
27.573 7.94396 30.3048 10.1827 8.28907 7.85325 7.85325 
28.2275 7.85397 30.3698 9.90502 8.02652 7.80861 7.80861 
28.523 7.81747 28.8736 11.2926 7.90375 7.7948 7.7948 
27.7999 7.90874 28.4368 12.1078 7.95188 7.8974 7.8974 
26.1549 8.36613 30.8851 10.9559 7.89751 7.87027 7.87027 
26.9859 8.05631 30.2313 11.2878 7.82199 7.80837 7.80837 
27.4151 7.92037 29.7863 11.4822 7.80321 7.7964 7.7964 
28.1421 7.82923 29.4765 11.2471 7.77065 7.76725 7.76725 
27.3298 7.90823 28.636 12.4925 7.87894 7.87723 7.87723 
26.9561 7.90981 28.5585 12.8918 7.89516 7.89431 7.89431 
26.6964 7.83421 28.3597 13.4861 7.97057 7.82647 7.82647 
25.5556 8.76661 29.7317 12.5959 7.83144 7.75939 7.75939 
27.1765 8.339 28.6317 12.3106 7.87142 7.83539 7.83539 
27.1968 8.14503 29.9122 11.0483 7.91124 7.89323 7.89323 
14 14 14 14 14 14 14 
14.4844 11.5738 17.8108 17.8108 15.42 10.9501 10.9501 
12.7844 12.7749 17.7006 19.6283 17.71 9.45096 9.45096 
12.5848 12.2361 19.2861 19.4472 18.9467 8.62456 8.62456 
11.36 13.5505 20.4538 19.7461 18.2572 8.25372 8.25372 
11.1198 13.7197 21.801 19.4795 17.6934 8.06205 8.06205 
11.0655 14.2756 19.7769 20.0768 18.8467 7.96361 7.96361 
11.667 14.5452 20.1894 19.8764 17.8724 7.91699 7.91699 
12.1256 15.9243 19.87 19.264 17.0261 7.89108 7.89108 
12.3128 15.8862 20.4261 21.1276 14.5398 7.85179 7.85179 
10.552 15.6354 22.4108 20.4539 15.182 7.88194 7.88194 
11.3434 16.2447 21.5425 19.7775 15.3438 7.87355 7.87355 
11.8527 16.6212 22.9125 18.7188 14.0737 7.91029 7.91029 
11.7539 16.3526 22.412 20.6647 12.9809 7.91785 7.91785 
10.5855 18.266 21.5199 21.5431 12.32 7.88269 7.88269 
10.2223 19.6964 21.5581 20.396 12.2633 7.93196 7.93196 
11.0414 20.6621 21.9418 18.8026 11.713 7.91947 7.91947 
11.0242 20.1671 21.9779 19.1203 11.8284 7.941 7.941 
11.4672 20.3083 22.0002 19.5601 10.858 7.90308 7.90308 
12.445 19.8857 21.8502 18.8405 11.2456 7.86653 7.86653 
11.2112 20.3737 21.2426 19.7377 11.6319 7.90152 7.90152 
11.2617 21.6122 21.5941 17.6743 12.0376 7.91004 7.91004 
12.0862 22.6606 20.4215 17.1705 11.77 7.94563 7.94563 
11.7276 22.9312 20.1875 17.518 11.8015 7.91713 7.91713 
10.8638 21.7037 19.6176 19.9495 12.0912 7.88714 7.88714 
11.0003 20.9447 19.5536 20.2996 12.4261 7.88788 7.88788 
11.3335 20.1152 18.7054 20.2688 13.8321 7.87251 7.87251 
10.8069 19.8707 20.5676 19.7139 13.2245 7.90822 7.90822 
10.3195 19.8874 21.9145 18.0104 14.0463 7.91094 7.91094 
9.80263 19.2294 22.2668 18.6481 14.285 7.88404 7.88404 
11.2259 18.6839 21.5153 19.5866 13.2284 7.87997 7.87997 
11.1302 18.7672 20.1829 20.253 13.9705 7.84803 7.84803 
10.6933 17.1925 21.863 20.8491 13.6286 7.88672 7.88672 
10.3094 16.7848 21.1052 21.5908 14.3826 7.91358 7.91358 
11.208 16.0195 19.8746 22.6598 14.3341 7.95195 7.95195 
11.4097 16.7775 19.0605 22.2304 14.75 7.88593 7.88593 
9.96016 16.7812 21.2324 20.6897 15.6492 7.84367 7.84367 
9.5972 17.9627 20.4135 20.1421 16.158 7.86328 7.86328 
9.82252 17.833 21.0919 20.4778 15.0168 7.87901 7.87901 
8.8527 17.0246 21.9198 23.1893 13.2516 7.88095 7.88095 
9.19962 17.4622 22.5351 22.2152 12.8311 7.87842 7.87842 
9.68456 16.1161 22.5266 23.4563 12.3477 7.93437 7.93437 
10.7701 14.2436 24.4076 22.6817 11.9728 7.96203 7.96203 
10.9936 14.6397 23.3017 22.7967 12.4303 7.91896 7.91896 
10.8366 14.7228 24.7576 22.078 11.919 7.84298 7.84298 
10.3055 14.7549 24.4089 22.3172 12.6011 7.8062 7.8062 
12.2623 15.769 22.8105 21.6481 11.7784 7.8658 7.8658 
11.8812 15.0095 23.1553 22.3241 11.7642 7.9329 7.9329 
11.3426 15.9218 24.643 21.7148 10.656 7.86092 7.86092 
10.8822 16.2736 24.1081 21.7755 11.1593 7.90068 7.90068 
10.1627 16.2482 24.6448 21.2994 11.754 7.9455 7.9455 
11.5651 14.4832 24.5419 21.3729 12.1114 7.96277 7.96277 
12.1277 14.0944 25.2151 20.8387 11.8933 7.9154 7.9154 
11.1507 13.2507 24.7664 24.3151 10.6613 7.92792 7.92792 
12.1743 12.7167 24.3121 24.2134 10.7875 7.89797 7.89797 
12.5664 11.8596 24.87 23.1091 11.873 7.86097 7.86097 
13.1534 11.9094 25.4121 22.6233 11.1528 7.8745 7.8745 
12.5564 11.9344 25.3015 23.0165 11.4288 7.88127 7.88127 
12.3349 11.895 25.0219 24.3948 10.4824 7.93548 7.93548 
11.1302 12.2751 24.5457 25.721 10.4521 7.93796 7.93796 
10.6542 12.7533 25.5044 24.947 10.3151 7.913 7.913 
9.77735 13.7065 25.5794 25.1698 10.0005 7.8832 7.8832 
10.2458 12.6866 26.004 25.7992 9.52406 7.87017 7.87017 
10.9124 13.1854 26.9494 23.8207 9.36729 7.88245 7.88245 
12.3484 12.3571 26.382 23.0632 10.1974 7.82594 7.82594 
11.4306 12.076 27.2935 23.9675 9.45769 7.88733 7.88733 
12.6207 11.281 26.946 24.0042 9.33243 7.90786 7.90786 
12.6717 10.6023 26.7046 24.2158 10.0097 7.89795 7.89795 
12.0539 11.2852 25.5863 25.6718 9.52614 7.93834 7.93834 
12.0372 11.7807 25.3251 25.1121 9.87816 7.93336 7.93336 
12.1883 12.5742 24.8734 24.1242 10.3375 7.95126 7.95126 
12.6045 12.5371 24.2856 23.5204 11.2886 7.88188 7.88188 
13.9553 12.391 23.6224 23.2398 11.0014 7.89502 7.89502 
12.86 13.2287 22.425 23.5125 12.1503 7.9117 7.9117 
12.8684 13.1897 23.2673 22.8521 11.9656 7.92846 7.92846 
12.1043 12.9093 23.8759 22.6374 12.555 7.95907 7.95907 
12.882 14.7021 23.407 20.4682 12.5919 7.97438 7.97438 
12.6279 14.2955 24.0773 20.9664 12.2303 7.90133 7.90133 
13.1432 13.3673 24.5996 21.7027 11.481 7.85311 7.85311 
13.5797 14.6351 22.2728 22.1721 11.6704 7.83491 7.83491 
14.9359 14.1996 22.9342 21.7602 10.47 7.85004 7.85004 
14.4233 14.5801 25.5091 19.5415 10.2219 7.86203 7.86203 
14.7401 13.256 24.2602 21.8446 10.0825 7.90829 7.90829 
15.4033 12.9992 24.0415 22.4182 9.4734 7.83226 7.83226 
15.1039 13.4828 23.8922 22.2426 9.62497 7.82674 7.82674 
14.7367 13.6329 23.6763 22.4116 9.79782 7.87232 7.87232 
14.0613 13.7718 24.8303 21.7045 9.88579 7.87317 7.87317 
14.6223 13.6922 26.0277 20.2763 9.65494 7.86328 7.86328 
15.9222 14.0683 24.5416 20.2771 9.54969 7.82053 7.82053 
14.536 14.3736 24.6561 21.3006 9.362 7.8858 7.8858 
16.2866 12.6245 24.1318 20.9951 10.1187 7.92168 7.92168 
15.1835 11.772 26.0027 20.6987 10.6628 7.84015 7.84015 
15.2948 10.788 26.3067 21.6939 10.2334 7.84164 7.84164 
15.215 11.0697 26.2614 21.5226 10.2518 7.83974 7.83974 
15.8428 11.8584 24.4542 21.7907 10.273 7.89046 7.89046 
15.3862 10.4362 27.2975 21.4587 9.64352 7.88889 7.88889 
16.1653 10.9126 27.2599 21.0071 8.98843 7.83333 7.83333 
16.5334 10.6675 26.5877 21.6303 8.86041 7.86033 7.86033 
16.9372 9.81354 26.7332 22.5204 8.33194 7.8319 7.8319 
16.3257 10.7639 26.938 21.9745 8.16597 7.91595 7.91595 
14.9749 10.6953 27.6379 22.2951 8.5789 7.90893 7.90893 
14.6303 9.40928 26.7041 23.8927 9.61158 7.87603 7.87603 
14.7737 8.98641 27.0261 24.9298 8.67319 7.80542 7.80542 
14.6273 8.86479 27.0376 25.1698 8.57157 7.86446 7.86446 
14.1125 8.96497 26.9749 25.7577 8.39343 7.89823 7.89823 
14.7705 9.48249 26.4875 25.0217 8.33957 7.94912 7.94912 
14.6276 10.3123 25.0822 25.6028 8.62661 7.87428 7.87428 
14.7786 10.7899 26.6256 23.6465 8.39781 7.8808 7.8808 
15.4818 10.3083 26.4631 22.9504 9.1122 7.84214 7.84214 
16.2703 10.1541 25.4374 23.8281 8.52669 7.89166 7.89166 
15.6352 9.34177 25.2187 24.5611 9.4104 7.91642 7.91642 
14.9198 9.92657 24.5412 24.4965 10.245 7.93548 7.93548 
12.4443 9.94771 26.9123 25.6439 9.32809 7.86182 7.86182 
11.8244 9.5957 27.6018 25.1469 10.1262 7.85248 7.85248 
12.0098 9.06614 27.0631 26.7503 9.33141 7.88965 7.88965 
14.181 8.77835 26.8963 24.8531 9.53992 7.87564 7.87564 
14.213 9.37493 27.2658 24.5348 8.75856 7.92643 7.92643 
15.5402 8.90433 27.4883 24.0144 8.29494 7.87888 7.87888 
14.677 8.95667 27.4078 25.2204 8.05138 7.84334 7.84334 
14.1304 8.9581 28.5883 24.7489 7.92742 7.82341 7.82341 
14.7691 9.01077 27.7383 24.4591 8.34438 7.83919 7.83919 
15.3114 8.92612 28.1984 23.6625 8.1356 7.88301 7.88301 
16.3383 8.35527 27.5723 23.8073 8.25942 7.83372 7.83372 
16.0039 8.30869 28.1736 23.5845 8.11831 7.90546 7.90546 
17.7811 8.25529 27.4937 22.6756 8.00237 7.89595 7.89595 
17.5225 8.52504 27.7534 22.5756 7.90998 7.85677 7.85677 
17.4755 8.26252 28.1624 22.2878 7.95499 7.92838 7.92838 
19.0656 8.72142 27.5238 20.98 7.91192 7.89862 7.89862 
19.7399 8.35479 27.5193 20.4012 8.09797 7.94339 7.94339 
19.4914 8.43607 26.2202 21.3993 8.62312 7.91491 7.91491 
18.5434 8.91012 27.7729 20.3771 8.56376 7.9164 7.9164 
19.7078 8.81643 28.8397 18.5998 8.33172 7.85228 7.85228 
20.7962 8.51156 28.5536 18.2664 8.11723 7.87751 7.87751 
20.251 8.96166 28.1003 18.8391 8.0292 7.90934 7.90934 
20.1255 8.37914 27.779 19.0806 8.92986 7.85298 7.85298 
21.157 8.14094 27.5673 18.9628 8.4163 7.87786 7.87786 
22.0589 8.60219 27.6809 17.3364 8.58881 7.86642 7.86642 
21.7987 8.76263 28.6097 16.6682 8.29441 7.93321 7.93321 
21.1642 9.18264 26.8876 18.7646 8.12071 7.94012 7.94012 
20.647 8.48742 28.7036 18.1485 8.28114 7.86616 7.86616 
20.8265 8.68158 28.1092 18.3938 8.13465 7.92716 7.92716 
21.1383 8.41934 26.5924 20.073 7.99482 7.89107 7.89107 
20.5061 8.62607 27.9649 19.1848 7.94063 7.88875 7.88875 
21.9582 8.93731 27.8553 17.6849 7.87205 7.84611 7.84611 
22.2446 9.09829 27.1993 18.1017 7.79405 7.78108 7.78108 
22.2001 8.89046 27.6715 17.7335 7.93894 7.78276 7.78276 
21.8251 8.37272 26.2224 20.045 7.89696 7.81887 7.81887 
21.3671 9.64091 26.293 19.1134 7.88788 7.84883 7.84883 
22.8314 9.75003 28.1113 15.8947 7.81718 7.79765 7.79765 
24.0355 9.66735 28.1132 14.4969 7.9022 7.89244 7.89244 
25.2079 8.97478 28.9339 13.0767 7.93883 7.93395 7.93395 
25.9673 8.39129 28.4309 13.5954 7.87332 7.87088 7.87088 
25.3349 8.51112 28.2035 14.5358 7.80571 7.80449 7.80449 
23.7461 8.19142 28.0959 16.4516 7.83871 7.8381 7.8381 
22.709 8.58487 27.6703 17.6685 7.78933 7.78902 7.78902 
22.8003 8.2081 27.3893 18.1716 7.81033 7.81017 7.81017 
23.7054 8.77695 27.8691 16.2509 7.79924 7.79917 7.79917 
24.9368 8.43832 27.7975 15.4463 7.7937 7.79366 7.79366 
24.3496 8.17955 29.2453 14.6539 7.85725 7.85723 7.85723 
24.2438 8.16501 28.259 15.6341 8.00386 7.84711 7.84711 
25.4654 8.07024 28.7001 13.952 7.98966 7.91128 7.91128 
24.5383 8.02817 30.8431 12.358 8.33511 7.9487 7.9487 
24.6885 8.20764 30.4215 12.9532 8.03852 7.84532 7.84532 
26.4685 8.05862 28.3464 13.3975 7.97406 7.87746 7.87746 
27.4037 7.9381 28.0168 13.0505 7.89583 7.84753 7.84753 
27.6441 7.81521 28.5917 12.615 7.79407 7.76992 7.76992 
26.3662 8.8546 30.1969 10.3711 8.66735 7.77188 7.77188 
27.0814 8.83408 30.1832 10.1008 8.23198 7.78425 7.78425 
27.483 8.26319 30.7967 10.0184 7.96214 7.73828 7.73828 
29.4042 8.04726 28.9526 10.1297 7.89673 7.7848 7.7848 
29.495 8.01771 29.713 9.05891 7.94245 7.88648 7.88648 
27.9419 8.00191 29.4398 10.7795 7.96428 7.9363 7.9363 
27.6502 7.93177 29.3426 11.3646 7.91296 7.89897 7.89897 
25.9056 8.99944 29.6042 11.7226 8.15111 7.80854 7.80854 
26.7588 8.79077 29.7275 10.712 8.3666 7.82218 7.82218 
26.7334 8.27737 30.8575 10.4802 8.06529 7.79308 7.79308 
27.3307 8.19274 28.642 12.2972 7.93655 7.80044 7.80044 
27.1912 8.04774 28.1508 12.9875 7.91964 7.85159 7.85159 
26.2844 7.95136 27.2174 14.953 7.88731 7.85329 7.85329 
