5 80000 300 266
20 20 20 20 20 
15.6818 22.8788 22.1212 19.9747 19.3434 
13.5098 24.4779 24.4393 19.6246 17.9484 
12.0883 24.239 25.2196 20.7012 17.752 
11.8045 24.7923 26.0891 20.8345 16.4797 
11.1831 25.0928 28.2131 20.4172 15.0938 
12.4208 22.7903 30.448 19.4769 14.864 
13.392 22.7773 30.1292 19.7656 13.936 
12.1505 22.2977 30.649 22.0906 12.8122 
12.6137 21.7899 29.5553 21.4299 14.6112 
13.433 20.9417 29.4973 22.2804 13.8477 
12.324 21.4521 29.9355 21.5374 14.7509 
12.6736 20.261 30.7817 22.0478 14.2359 
11.729 20.0569 31.935 22.4209 13.8582 
10.8413 19.9822 31.7082 23.5947 13.8735 
11.1563 19.5921 31.9389 23.8921 13.4206 
12.0125 19.7156 30.8488 23.8764 13.5467 
11.8337 18.8322 31.6249 23.5932 14.116 
11.7848 18.9515 30.7269 25.4885 13.0482 
11.2193 17.7082 33.5232 26.0615 11.4878 
10.9365 16.3602 33.4686 27.3164 11.9182 
10.3843 18.7316 32.2019 27.4472 11.2349 
10.1685 18.8445 32.9256 27.1122 10.9492 
11.1702 18.7301 33.2886 25.6086 11.2025 
11.7866 19.8302 31.1146 25.595 11.6736 
12.4723 19.1256 31.8252 23.6827 12.8942 
11.4925 17.6397 32.7075 26.5849 11.5753 
11.1128 19.1602 32.3223 25.8579 11.5468 
12.1484 17.9134 31.9572 26.7349 11.246 
12.2611 18.1739 33.024 25.9937 10.5473 
12.2844 17.2921 34.0761 25.6892 10.6582 
11.4613 16.0928 34.6504 27.5018 10.2937 
11.564 15.4075 34.4085 28.0565 10.5635 
10.9234 15.4158 34.2994 29.0668 10.2946 
11.7431 15.9994 33.607 28.2269 10.4237 
11.5563 16.1392 33.4702 27.4209 11.4134 
12.4121 17.2834 33.9341 25.7498 10.6207 
12.1174 17.0161 33.7158 26.7911 10.3596 
11.4607 17.302 33.8177 26.084 11.3356 
10.8298 16.6112 34.9437 26.3505 11.2648 
11.5374 16.4689 34.3815 26.7321 10.8802 
12.1278 14.7182 34.5224 27.0818 11.5498 
11.6889 15.2341 34.7612 27.2909 11.0249 
11.299 15.5391 35.0429 27.6714 10.4475 
11.1482 15.4422 34.4013 28.7973 10.211 
10.764 16.2021 33.7829 29.0822 10.1688 
10.3698 16.6169 35.018 27.9231 10.0722 
11.5708 16.7323 34.3568 27.4126 9.92742 
10.7726 16.8061 33.2909 28.2843 10.8461 
10.2959 17.7054 33.5705 28.0957 10.3326 
11.0222 17.5959 31.676 29.485 10.2209 
11.3006 17.0874 33.338 28.1635 10.1105 
11.715 16.8995 33.9197 27.4241 10.0418 
12.1578 17.0288 33.1797 27.519 10.1147 
11.4805 17.7942 31.6868 28.8565 10.182 
11.4655 17.1668 33.1462 26.8964 11.3251 
12.0169 16.7801 32.1469 27.246 11.8101 
13.461 15.1651 32.7401 27.3086 11.3251 
12.7561 14.8903 34.8316 25.7056 11.8164 
12.8646 15.0127 35.2536 25.9609 10.9082 
13.7776 16.1404 34.5083 25.2227 10.351 
12.8948 16.4786 33.3202 26.4252 10.8812 
13.1934 16.9695 32.5331 26.9692 10.3348 
14.0292 15.782 34.2395 25.7819 10.1674 
14.5081 16.0305 34.0448 25.1649 10.2517 
14.8338 14.9302 36.0384 23.7526 10.445 
15.0594 15.7552 34.3404 24.7002 10.1448 
14.9823 15.3302 34.7854 24.6807 10.2214 
16.2823 13.9838 34.9751 24.703 10.0558 
15.3619 13.8039 34.245 26.6567 9.93252 
15.4934 12.4417 35.3043 25.1181 11.6424 
16.5939 13.0573 34.4082 24.4893 11.4512 
15.5413 14.4832 34.1075 25.1708 10.6972 
16.7677 14.1738 33.7204 25.1223 10.2159 
17.7769 14.3123 32.7562 25.1334 10.0212 
15.4225 15.963 33.4235 25.2087 9.9822 
15.2257 15.4959 35.2089 24.1651 9.9044 
16.3699 15.2338 33.1412 25.3594 9.8957 
15.7816 15.0755 35.4932 23.7294 9.92023 
15.8964 15.8243 33.8983 24.2243 10.1567 
16.4468 15.1359 34.088 24.2934 10.0359 
16.5567 14.7519 34.1417 24.6467 9.903 
15.9271 15.8745 32.7932 25.4962 9.90901 
14.7624 15.7276 32.6856 26.9124 9.91201 
15.0955 15.721 32.3428 26.8848 9.956 
14.1849 14.3502 34.313 27.3067 9.84526 
13.5394 13.9086 35.0648 27.6935 9.79369 
13.615 12.6091 34.0503 29.9182 9.80756 
12.0273 11.9364 36.8053 29.3822 9.84883 
12.2636 12.0793 34.7916 30.9411 9.92442 
11.7975 12.272 34.5346 31.4762 9.91972 
13.0416 11.5645 35.2673 30.1667 9.95986 
12.7523 12.6072 34.3992 30.3652 9.87607 
12.931 13.1634 33.0533 31.0363 9.81608 
13.5036 13.4732 31.9225 31.0607 10.04 
12.3856 13.4972 34.412 29.7557 9.94958 
13.248 13.497 34.9974 28.3748 9.88277 
12.195 13.2945 34.3511 30.2041 9.95531 
13.22 13.0575 33.6997 30.0593 9.96341 
13.5545 13.1646 34.5968 28.7642 9.91998 
13.8569 13.9569 33.3751 28.9839 9.82725 
14.2814 13.302 32.4228 30.0802 9.91362 
14.0728 14.0256 32.4356 29.6419 9.82407 
14.0169 13.344 33.4256 29.4313 9.78216 
13.6559 13.3194 32.7533 30.3226 9.94889 
15.0649 13.7406 32.8506 28.4561 9.88774 
15.4904 12.4259 32.7917 29.3932 9.89882 
17.157 12.2423 32.2782 28.3731 9.94941 
17.9079 11.8063 33.9234 26.4314 9.93097 
16.6347 11.0236 35.787 26.6193 9.93537 
17.1579 11.5988 34.1254 27.2227 9.89522 
17.0338 12.6507 34.2639 26.1478 9.90388 
18.2653 12.143 35.2137 24.5519 9.82615 
20.1083 10.9495 33.4605 25.6906 9.79113 
18.8339 11.2783 34.5874 25.4941 9.80628 
19.0944 11.7682 32.6163 26.618 9.90314 
17.8558 11.6705 33.8156 26.8105 9.84771 
16.646 13.05 32.6796 27.8348 9.78963 
17.4004 13.2214 33.4529 26.1198 9.80553 
18.4525 13.8863 31.4323 26.3726 9.85632 
18.8299 12.7358 31.8747 26.7534 9.80621 
18.79 11.96 33.2071 26.2056 9.83732 
18.3122 10.9163 33.9602 26.9563 9.85496 
19.3472 11.3499 35.6107 23.6692 10.023 
20.3342 10.6299 34.6222 24.4472 9.96647 
18.8692 10.1822 34.8627 26.2354 9.85049 
19.4659 9.95004 34.9862 25.8136 9.78418 
21.6377 9.88573 33.8622 24.8116 9.8028 
22.3573 9.86594 33.2388 24.7135 9.82448 
22.7558 10.1343 33.9013 23.4306 9.77801 
21.5631 11.8573 33.3087 23.4437 9.82728 
20.7164 11.629 34.081 23.774 9.79963 
21.773 11.763 34.0823 22.4979 9.88374 
21.348 10.8046 34.7335 22.9413 10.1726 
21.2801 11.3114 34.3364 22.9858 10.0863 
23.0163 11.4313 32.6798 22.879 9.99365 
24.4166 11.7614 33.0065 20.9166 9.89879 
24.0673 11.6499 33.1699 21.1955 9.91734 
22.6446 11.2912 33.6268 22.4949 9.94259 
22.7902 10.6915 34.0917 22.5624 9.86426 
22.1854 10.5129 34.523 22.9833 9.79535 
20.7023 10.5117 34.5288 24.4046 9.85263 
21.7148 10.4074 34.5371 23.4144 9.92632 
20.4185 10.6896 33.7262 25.3436 9.82209 
19.6369 11.0687 34.0348 25.4664 9.7932 
20.6121 10.455 34.0015 25.1142 9.81724 
20.2398 11.1878 34.5504 24.1465 9.87551 
21.8186 12.4849 32.0188 23.772 9.9057 
23.487 11.3667 33.7113 21.5133 9.92179 
23.6185 10.9958 34.1994 21.2254 9.9609 
23.5149 11.3508 33.3204 21.9839 9.82995 
23.7704 10.8702 33.381 22.1933 9.7851 
23.6116 10.6468 33.6286 22.3344 9.77855 
23.8397 11.4251 33.594 21.3367 9.80453 
23.5592 12.106 33.1904 21.3241 9.8203 
23.3421 11.8342 33.1577 21.7558 9.91015 
23.5992 11.3093 33.0821 22.1524 9.85703 
25.1431 10.5626 34.1791 20.2787 9.83649 
25.8949 10.2214 34.0057 20.0196 9.85837 
24.1596 10.5653 34.1241 21.2219 9.92918 
24.3089 11.0102 33.4707 21.2921 9.91815 
23.2472 10.472 33.1261 23.2288 9.92596 
24.9249 10.2039 33.0695 21.8708 9.93093 
23.891 10.0226 32.8839 23.3164 9.8861 
24.404 9.99469 32.8871 22.7877 9.92644 
25.3942 9.88334 35.1732 19.7001 9.84921 
25.8632 9.8006 34.5145 20.0381 9.78354 
25.4713 9.82094 33.9239 20.9714 9.81241 
24.4445 10.132 33.8923 21.7199 9.81127 
24.2535 10.3785 34.2899 21.1724 9.90563 
24.7497 10.5991 34.1941 20.5862 9.87085 
25.3032 10.284 33.1407 21.3523 9.91985 
24.6081 10.1109 32.7194 22.6327 9.92887 
24.8041 10.3186 33.9584 21.0203 9.89864 
24.7418 10.608 32.6843 22.0486 9.91727 
24.0696 10.272 32.6883 23.0435 9.92658 
22.4122 10.4819 34.2687 22.9998 9.83751 
22.3172 10.1959 32.9001 24.7131 9.87371 
23.2554 10.098 32.7404 23.9694 9.93685 
24.0039 10.4945 33.2019 22.3808 9.91892 
24.4203 11.293 31.797 22.6283 9.86142 
24.2605 10.8623 34.7834 20.307 9.78683 
25.639 10.3434 35.2864 18.9254 9.80569 
26.2991 10.1874 34.8846 18.8671 9.76178 
26.0113 10.5599 34.0018 19.5622 9.86481 
24.2519 10.9031 34.1741 20.8753 9.79563 
25.3517 10.4515 34.5064 19.7925 9.89781 
24.6324 10.1947 33.5576 21.6975 9.91785 
24.5274 10.0479 33.6105 21.9048 9.90942 
23.2314 10.0239 32.9343 23.8557 9.95471 
23.505 10.2237 34.0567 22.3513 9.86335 
24.3693 10.0963 33.072 22.5464 9.9161 
25.0052 10.0161 34.0039 21.0488 9.926 
25.8143 10.3652 33.5604 20.427 9.83313 
27.2636 10.1331 32.6218 20.1145 9.86706 
26.8521 10.8293 34.955 17.5149 9.84878 
27.4192 11.8993 33.3478 17.4605 9.8732 
26.5183 10.8879 34.2665 18.4525 9.87487 
27.1301 11.0891 34.23 17.6133 9.93744 
27.3849 10.5135 33.7299 18.434 9.93766 
28.4174 10.1111 31.9135 19.7348 9.8232 
27.0251 9.96062 32.5707 20.6269 9.81666 
25.6577 9.8699 34.2664 20.4081 9.79792 
25.5561 9.93495 33.3453 21.2646 9.89896 
23.9246 9.90378 33.2332 23.0527 9.88579 
23.7457 9.8882 34.451 22.0359 9.8792 
25.8915 10.0843 34.0479 20.0522 9.92402 
26.3604 11.2921 31.6581 20.8493 9.84006 
25.2431 10.716 33.836 20.3897 9.81514 
26.2104 10.4103 34.6881 18.9056 9.78562 
25.7576 10.0832 35.027 19.3614 9.77086 
24.9127 10.6348 33.9542 20.6976 9.80068 
24.6274 11.2385 33.7534 20.3817 9.99903 
25.5244 11.3048 33.5991 19.7226 9.84901 
24.8641 10.5887 33.997 20.6893 9.86081 
25.0107 10.1686 33.8224 21.1937 9.80462 
25.3102 10.1148 34.2892 20.5054 9.78036 
26.475 10.0263 33.6043 20.0353 9.85912 
28.9042 10.1798 34.1355 16.851 9.92956 
28.2061 9.94429 34.3816 17.6488 9.81915 
31.0334 9.87721 33.6465 15.6282 9.81464 
30.181 9.8856 35.0211 15.0579 9.85432 
31.281 9.86343 35.9233 13.0845 9.84779 
30.328 9.93172 34.8366 14.9798 9.9239 
29.4722 9.84007 34.2422 16.6094 9.83616 
29.545 10.0156 34.7963 15.7888 9.85439 
29.6418 9.90975 34.8818 15.7375 9.82915 
30.4949 9.81381 34.5255 15.3923 9.77351 
30.6448 10.536 34.1502 14.8153 9.85364 
31.782 10.237 32.603 15.4822 9.89577 
30.8558 11.6326 33.2029 14.4312 9.87746 
31.3956 11.1389 34.1821 13.3447 9.93873 
31.3936 11.3947 33.9195 13.4684 9.82373 
33.121 10.6973 33.1719 13.0979 9.91187 
31.1874 11.1696 33.1531 14.6086 9.88131 
31.9202 10.5168 33.9235 13.7669 9.87263 
32.2678 10.1815 34.1925 13.4988 9.85939 
29.6207 10.3539 34.037 16.1244 9.86391 
29.3165 10.5782 33.6852 16.5499 9.87022 
27.2369 10.1633 34.9244 17.8661 9.80933 
28.6491 9.98963 33.8732 17.6754 9.81264 
28.0038 9.86903 33.446 18.9006 9.78053 
27.779 9.88807 32.8221 19.667 9.84383 
25.1352 9.78833 34.5771 20.7332 9.7662 
25.2146 9.89416 34.4945 20.5136 9.8831 
24.5428 9.94708 34.6666 20.902 9.94155 
25.751 10.146 34.8881 19.3852 9.82971 
24.5107 10.4189 33.639 21.6423 9.78907 
23.9376 10.1939 33.7977 22.1918 9.87896 
25.895 10.6338 33.6774 19.9885 9.80525 
26.0804 10.3802 34.0855 19.6462 9.80769 
25.9795 10.1422 33.4964 20.526 9.85592 
25.3692 10.6981 33.6292 20.3916 9.91188 
26.6778 10.2979 34.5621 18.5576 9.90475 
24.6953 11.1426 32.5807 21.7394 9.84196 
23.3154 11.2165 32.742 22.8052 9.92098 
23.9126 10.5102 33.8546 21.8601 9.86245 
23.9128 11.311 33.5422 21.3338 9.90017 
23.8391 10.9024 33.2835 22.0866 9.88836 
22.8287 10.6027 33.9145 22.71 9.94418 
24.3234 11.4832 30.5936 23.7186 9.88118 
23.0591 10.8698 33.2455 22.917 9.90854 
23.6091 10.3279 33.2894 22.9264 9.84724 
23.7093 10.5608 33.3114 22.5743 9.84425 
22.6038 10.1664 33.1052 24.3165 9.80812 
23.6457 10.0832 34.3651 22.002 9.90406 
23.5051 10.026 34.9396 21.5929 9.93645 
20 20 20 20 20 
16.7949 22.8205 22.0513 18.7179 19.6154 
16.3301 20.9054 25.5689 18.9744 18.2212 
14.3588 22.6149 28.7754 17.9331 16.3178 
13.5839 21.4198 30.3428 18.6295 16.0241 
13.0275 20.5251 30.7603 20.4002 15.2869 
13.9212 20.795 30.7737 20.501 14.0092 
13.1217 21.1795 31.5006 21.7434 12.4548 
11.5254 20.8734 31.9441 22.692 12.965 
10.6692 21.418 31.159 24.8974 11.8563 
10.6256 23.2751 29.4684 23.8244 12.8065 
10.8422 22.5788 29.2048 24.3828 12.9915 
11.9968 21.8353 29.3667 24.5983 12.2029 
12.0134 20.3161 32.4778 23.3267 11.8659 
11.355 20.3571 32.1593 24.2256 11.9031 
11.7926 20.2505 31.7871 24.1032 12.0667 
11.318 20.7276 30.7128 24.2203 13.0213 
11.4647 19.0131 32.418 23.84 13.2642 
11.1377 18.5975 32.1795 24.205 13.8803 
11.8503 18.5952 32.0445 25.0422 12.4678 
12.1286 18.6028 32.8957 24.804 11.5689 
12.0383 18.7819 33.331 24.4799 11.3689 
12.7121 19.2335 33.0697 23.6573 11.3275 
12.8611 20.5861 30.1828 24.8388 11.5311 
12.2137 19.4497 32.3203 23.9857 12.0306 
12.7988 19.8259 31.4379 24.3666 11.5709 
12.2518 20.4727 32.004 24.1426 11.1289 
13.446 19.1694 33.1236 23.4857 10.7754 
12.7439 18.8779 33.5775 22.8685 11.9322 
13.0059 19.5126 31.7765 22.9822 12.7229 
13.9961 19.2931 33.1907 22.254 11.2661 
15.3094 19.9368 31.3711 22.8684 10.5143 
16.0914 19.1495 32.1868 22.3523 10.2199 
14.8406 19.1902 33.5293 22.33 10.11 
14.8053 18.5539 33.1085 23.0294 10.5029 
14.6178 17.758 34.5289 21.7679 11.3274 
14.3037 17.9463 33.5857 22.4124 11.7518 
14.3133 20.3013 31.897 22.6645 10.8238 
14.5317 19.0256 32.9485 22.8323 10.6619 
15.0178 18.4276 33.0117 23.3024 10.2405 
14.0024 18.1748 34.4279 23.3395 10.0553 
13.6508 19.4455 33.7101 23.1787 10.0149 
13.2293 18.836 33.8501 24.1509 9.93354 
12.5273 17.9013 34.1487 25.5716 9.85109 
12.3242 17.0315 34.2461 26.5484 9.84979 
12.0295 16.8065 34.3424 26.9222 9.89938 
13.686 15.8005 34.0205 26.6118 9.8812 
12.5425 15.4132 35.6631 25.6116 10.7696 
12.0852 15.9753 35.015 26.6301 10.2944 
13.411 15.3561 33.9549 27.1308 10.1472 
12.2758 16.1661 34.3514 27.2259 9.98075 
12.0052 17.1392 32.6094 28.1538 10.0924 
11.7091 17.537 33.2884 27.528 9.93751 
12.4054 16.5225 35.3608 25.6624 10.049 
12.3652 16.1044 34.3471 26.9768 10.2066 
12.1566 15.7145 33.667 28.1637 10.2981 
12.534 15.0725 35.1879 27.1198 10.0858 
12.2255 14.9196 34.822 27.6791 10.3538 
13.0138 14.1004 34.2079 28.5531 10.1248 
14.2817 13.2164 34.9323 27.5473 10.0222 
14.4579 13.5188 35.6234 26.5108 9.88914 
14.275 14.0765 34.7493 27.0765 9.82262 
15.7206 12.3516 35.4946 25.7998 10.6334 
16.4904 11.9292 36.2404 25.0917 10.2482 
16.0534 13.0879 34.8325 25.9705 10.0556 
15.9654 14.9005 33.2937 25.7986 10.0417 
16.0804 12.3346 34.6417 26.2669 10.6764 
14.9921 11.9159 37.3743 25.4329 10.2847 
15.6041 12.8499 36.6601 24.7435 10.1424 
16.5933 12.6063 36.3246 24.4597 10.0162 
16.1771 12.2814 35.5536 25.8168 10.1712 
16.6021 12.492 35.0741 25.3408 10.491 
15.3065 12.8394 36.081 25.5825 10.1905 
15.1001 13.2016 35.8597 25.8232 10.0155 
16.5471 14.2704 34.449 24.5635 10.17 
16.2854 15.7406 33.8417 23.7061 10.4262 
17.8691 15.773 31.9664 24.315 10.0763 
16.0571 14.7241 33.0772 26.1176 10.0239 
16.7957 13.3895 34.4838 25.3876 9.94347 
15.8358 12.7553 36.3879 25.0905 9.93041 
15.8659 14.6147 32.5003 26.7071 10.312 
15.1601 14.092 32.6218 27.3653 10.7607 
14.0897 13.4172 33.7624 28.3641 10.3665 
14.9545 12.4996 33.8304 28.5888 10.1268 
14.8543 12.9438 34.8114 27.4092 9.98141 
15.3982 12.8487 33.6376 28.1973 9.91824 
14.0944 13.1104 34.9874 27.9068 9.90098 
13.9578 13.8723 34.9734 27.368 9.82854 
13.7636 14.3108 33.1209 29.0233 9.78153 
13.6266 13.1671 33.7159 29.321 10.1694 
14.2695 13.7473 33.2322 28.6956 10.0554 
13.8208 13.4143 34.9301 27.8652 9.96958 
14.3817 13.029 34.9938 27.7257 9.86985 
14.713 12.8567 34.901 27.7272 9.80218 
15.6186 13.6933 33.6898 27.1114 9.88685 
16.4146 13.8199 33.4621 26.4637 9.83956 
17.4335 14.0528 32.6537 26.0295 9.8305 
17.3678 13.0381 34.0688 25.6247 9.90059 
18.7703 12.715 32.5963 26.0688 9.84943 
18.5334 12.9821 34.5947 24.0754 9.8143 
18.7905 12.4434 34.4104 24.5377 9.81787 
20.0057 13.4892 32.3215 24.3328 9.85079 
18.9486 13.4538 32.4547 25.2654 9.87747 
17.9619 12.5911 34.4372 25.1327 9.87701 
17.5437 13.0234 35.2614 24.3401 9.83147 
17.8061 12.5865 34.2974 25.4099 9.90016 
16.5501 13.0579 34.0605 26.3814 9.95008 
17.678 12.0514 34.7914 25.5788 9.90041 
17.4648 10.9964 34.6472 26.9707 9.92097 
17.6767 10.4836 34.3324 27.5616 9.94582 
18.0602 10.7173 33.7368 27.6136 9.87205 
18.8402 10.5802 34.1152 26.6233 9.84109 
18.7224 11.8308 34.2088 25.0849 10.1531 
19.7649 12.4371 33.4087 24.3437 10.0455 
19.9802 13.8733 32.6653 22.7582 10.7231 
20.4516 12.4751 33.4096 23.3791 10.2846 
19.8412 12.3273 33.5317 24.1895 10.1103 
21.2059 12.1198 33.6938 23.0666 9.91406 
19.3379 13.4394 33.5637 23.7321 9.92691 
18.2235 12.9144 33.4485 25.5829 9.83071 
17.9168 13.5327 33.7054 25.0556 9.78957 
18.7028 12.8366 32.3479 26.2658 9.84686 
18.6434 12.908 32.2507 26.4072 9.79069 
20.0241 11.4707 33.6839 25.0765 9.74484 
19.5865 10.5986 33.8632 26.2161 9.73564 
20.0652 10.4352 34.3032 25.3437 9.85272 
19.648 10.1856 33.4978 26.7744 9.89431 
19.8558 10.3476 33.9463 25.9668 9.88346 
19.2551 10.5255 33.0282 27.3565 9.8347 
20.7387 10.8183 33.7981 24.7894 9.85562 
20.4611 10.3021 34.4831 24.9329 9.82078 
19.473 10.3026 33.3022 27.0119 9.91039 
19.6691 10.8752 33.9912 25.6272 9.83735 
19.9592 10.7335 33.6622 25.7419 9.9031 
21.6885 10.2718 33.6033 24.5798 9.85661 
22.0063 10.1818 32.398 25.5927 9.82127 
21.4198 11.0204 33.3464 24.3348 9.87858 
21.2604 10.5561 34.1044 24.2469 9.83226 
20.5387 11.6805 32.4485 25.5381 9.79418 
20.202 12.4059 32.8909 24.7219 9.77924 
20.7359 11.1236 33.9058 24.4244 9.81026 
20.7846 10.5297 32.8183 25.9943 9.87308 
19.1423 11.8274 32.5029 26.5909 9.93654 
20.7956 10.8457 33.2582 25.2002 9.90024 
20.4588 10.6058 33.0925 26.0147 9.82817 
20.9786 11.4918 32.5072 25.2224 9.80008 
22.041 10.7459 32.9777 24.3353 9.90004 
23.5205 10.373 33.6555 22.501 9.95002 
23.3238 10.3982 33.603 22.814 9.861 
23.0106 10.1333 33.9068 23.0846 9.86471 
23.5306 9.97172 33.5673 23.093 9.83742 
23.1801 9.96978 33.5039 23.4436 9.90263 
22.633 9.89287 33.6231 23.9917 9.85929 
23.7348 10.3386 33.4782 22.6168 9.83161 
24.4061 10.1229 34.3862 21.2155 9.86936 
24.7858 10.3594 34.4116 20.5415 9.90157 
23.3406 10.0817 33.3823 23.3427 9.85275 
23.2691 10.37 33.1488 23.4268 9.78531 
23.3609 11.5368 31.8839 23.4398 9.77865 
23.0811 11.6316 33.5315 21.9805 9.77532 
24.6068 10.6938 35.7553 19.1784 9.76571 
26.97 11.1803 32.8776 19.0892 9.88285 
25.1837 11.1991 33.5863 20.1215 9.90938 
26.3299 10.5516 32.9273 20.2844 9.90676 
29.0433 10.1745 33.1866 17.7436 9.85203 
27.7349 10.0422 32.8095 19.5324 9.88097 
27.8606 9.9699 33.4696 18.8106 9.88929 
30.3126 9.93375 34.8235 15.0367 9.89345 
30.971 9.91895 33.546 15.6653 9.8988 
29.0075 10.1482 35.1692 15.8515 9.82361 
29.3425 10.0741 34.6814 15.9903 9.91181 
28.683 9.9043 35.0398 16.5497 9.82316 
28.8031 9.87522 34.5968 16.8902 9.83466 
28.2993 9.88969 34.2313 17.7103 9.86941 
28.1819 10.4287 33.8899 17.5648 9.9347 
26.8602 10.1374 33.4065 19.7055 9.89043 
27.004 10.0515 31.9953 21.0211 9.92803 
27.9117 9.88688 33.706 18.6703 9.82513 
27.4607 9.92736 35.0202 17.6953 9.89649 
27.7928 9.96368 34.3851 17.9101 9.94824 
26.4356 10.1543 33.9637 19.6134 9.83306 
27.3448 11.1089 33.3311 18.3781 9.83716 
29.5261 10.4325 32.5192 17.7256 9.79663 
28.0122 10.1058 34.0829 18.0111 9.7879 
29.558 9.90241 33.2622 17.534 9.74345 
28.4776 10.7731 33.4119 17.4999 9.83748 
29.7678 10.3354 33.7708 16.2585 9.86754 
30.2172 10.1677 33.7187 15.9626 9.93377 
28.4017 10.824 33.0225 17.8 9.95178 
26.2638 10.3071 35.3924 18.1657 9.871 
25.7076 10.1536 34.8174 19.3859 9.9355 
24.4526 10.4059 35.4338 19.881 9.82668 
25.0746 10.3113 34.8996 19.8476 9.8669 
25.5307 10.0899 34.0616 20.4501 9.86766 
28.1994 10.0289 34.3942 17.4598 9.91775 
30.7664 9.93506 34.4987 14.9204 9.87951 
31.5122 9.96753 33.8622 14.7183 9.93976 
31.4846 9.95065 35.143 13.485 9.93677 
30.9862 10.9204 33.2727 14.9742 9.84643 
30.7852 11.3021 32.7876 15.2191 9.90603 
30.8163 10.9053 32.8345 15.5756 9.86827 
28.7415 11.1669 33.4014 16.8354 9.85477 
29.9957 11.139 33.3673 15.7094 9.7885 
29.1893 10.52 35.8256 14.6204 9.84474 
31.2613 10.2245 36.3525 12.2747 9.88691 
29.7448 11.5687 34.8429 13.9452 9.89841 
31.209 10.7349 34.4182 13.7383 9.8997 
31.2392 10.321 33.463 15.0735 9.90341 
29.9729 10.0501 33.7662 16.3695 9.8413 
27.8699 10.2398 34.3678 17.694 9.82862 
28.3162 10.6383 33.0702 18.2115 9.76381 
28.2565 11.5486 32.6007 17.7943 9.79994 
29.2256 10.6445 32.5341 17.8257 9.7701 
31.9273 10.2692 33.4049 14.5666 9.83205 
31.7739 10.0753 35.4771 12.8169 9.85673 
32.0014 10.0075 35.0578 13.0349 9.89825 
31.316 9.95873 35.3968 13.4244 9.90408 
32.7676 9.96275 32.8147 14.5195 9.93543 
30.0743 9.89209 34.1157 16.0395 9.87843 
28.857 9.91499 34.6044 16.7154 9.90816 
28.6199 10.073 33.8039 17.5986 9.90457 
28.2258 11.0236 32.9213 18.0226 9.80666 
27.6349 10.7005 34.3852 17.5019 9.77754 
27.9684 10.3817 34.4882 17.3987 9.76298 
28.9674 10.073 34.2475 16.9485 9.76365 
27.7864 11.4585 32.873 18.1073 9.77479 
28.8398 11.0673 32.8066 17.4166 9.8696 
29.459 10.8071 36.3252 13.5911 9.81761 
28.3097 10.6505 35.7552 15.4375 9.84708 
29.7178 10.2921 35.0961 15.0035 9.89043 
30.1963 10.8209 33.1922 15.9374 9.85319 
29.4304 10.6222 33.2085 16.9263 9.81259 
28.7584 10.2494 34.1968 16.9508 9.84457 
26.1439 11.1618 33.6619 19.1565 9.87584 
25.7755 11.7698 32.9547 19.676 9.82392 
27.4332 10.794 33.5683 18.3834 9.82105 
26.096 11.6671 32.5398 19.8027 9.89445 
26.6386 10.6993 34.3907 18.4584 9.813 
25.9347 11.3497 33.503 19.383 9.82957 
25.2677 10.6269 33.5247 20.7139 9.86686 
24.6079 10.1678 34.0763 21.3602 9.7878 
26.0111 10.0683 33.0817 20.9605 9.87832 
27.1252 10.3498 33.9827 18.6198 9.92255 
26.6271 10.3362 34.8946 18.1809 9.96128 
27.8904 10.1838 34.0617 18.0246 9.83957 
27.072 9.95914 33.6975 19.4843 9.78704 
26.7663 9.96239 34.7182 18.6768 9.87634 
29.0081 9.9154 33.642 17.5621 9.87238 
28.0662 9.85966 33.3243 18.9118 9.83815 
26.9641 9.88673 37.3518 15.9214 9.87597 
27.1585 9.94336 35.8818 17.0783 9.93799 
25.7546 11.4652 34.0123 18.9288 9.83912 
26.7037 10.7165 33.0833 19.593 9.90348 
24.9531 10.9138 33.3717 20.9076 9.8537 
23.1217 11.1021 34.2665 21.5828 9.92685 
23.7189 10.4143 33.8506 22.1896 9.82665 
23.6776 10.2071 33.7435 22.4584 9.91332 
22.4307 10.088 33.2269 24.3133 9.94109 
22.5006 9.90293 32.9144 24.8526 9.82948 
22.0783 9.88777 32.8585 25.3244 9.85104 
22.3137 10.1726 33.4227 24.2635 9.82748 
24.1568 10.0863 32.878 22.9651 9.91374 
25.1932 9.96119 32.8324 22.1383 9.8749 
23.5555 10.9737 33.0258 22.5417 9.90321 
23.2909 10.75 32.7958 23.2775 9.88581 
22.7735 11.625 32.8613 22.9192 9.82096 
22.2988 11.35 32.5544 24.0003 9.79647 
20 20 20 20 20 
14.9751 22.5622 22.3134 21.4428 18.7065 
13.307 21.7324 26.0023 22.4791 16.4791 
11.6535 22.6104 28.4663 21.4721 15.7977 
10.9215 20.7839 31.2948 22.8214 14.1785 
11.8839 19.7118 31.0126 24.1311 13.2605 
12.0845 20.2982 30.0026 24.5963 13.0185 
12.2922 20.1028 29.7004 24.2194 13.6852 
12.3817 20.7904 32.0557 21.3476 13.4246 
11.7208 21.4551 32.5025 21.7337 12.5879 
11.8463 20.9388 31.6268 21.665 13.923 
11.4656 20.8468 31.3795 23.3325 12.9757 
11.7861 19.8665 30.5808 25.1045 12.6622 
10.8313 19.9332 33.1916 24.7745 11.2694 
10.4285 20.2494 33.1768 25.6263 10.519 
10.1635 20.4039 31.8168 27.0264 10.5894 
10.2876 19.2818 32.7365 27.4357 10.2584 
10.1075 19.6893 33.0753 27.035 10.0929 
11.3037 20.1388 30.9984 26.7528 10.8062 
10.6282 20.3775 31.7314 26.5281 10.7349 
10.6969 20.715 31.2963 26.7808 10.511 
10.8622 19.8813 32.6908 25.9217 10.644 
10.3429 19.6384 32.9701 26.8148 10.2338 
11.076 19.3669 32.5654 26.4727 10.5189 
12.4113 20.4651 32.0509 24.2876 10.7851 
12.8723 18.2573 32.939 25.4771 10.4543 
12.1206 18.5254 32.9428 26.1956 10.2155 
12.6523 18.3423 33.8844 24.7894 10.3316 
13.469 16.8153 33.1076 25.3019 11.3062 
13.652 17.3882 34.6363 23.4519 10.8715 
15.0271 16.6306 33.7203 23.6307 10.9913 
13.8381 16.5492 34.6406 24.5839 10.3883 
14.4057 17.0981 33.2294 25.1262 10.1407 
15.0234 15.7286 33.9224 25.1272 10.1985 
14.4822 16.4434 33.8513 25.1641 10.0591 
13.8724 15.5161 33.3713 25.3142 11.9261 
13.8372 16.3518 30.7481 26.98 12.0828 
12.778 17.2905 32.5616 24.8181 12.5518 
12.6231 18.4417 31.8024 25.3862 11.7467 
12.076 17.7421 33.1944 25.9763 11.0112 
11.653 19.1652 34.1106 23.5496 11.5216 
11.4531 19.8128 33.5515 23.5395 11.6432 
11.8436 19.4809 32.3342 23.7378 12.6035 
12.3048 19.8468 31.9916 23.837 12.0198 
12.5299 19.6173 31.4295 23.7807 12.6426 
15.0346 19.2327 31.2906 23.016 11.426 
14.9247 19.8633 32.1885 22.3722 10.6513 
14.7856 18.0124 33.0135 22.4235 11.765 
14.4488 17.7653 33.5384 21.9173 12.3302 
14.9992 18.4001 32.4528 22.2187 11.9292 
16.3146 18.7376 30.9663 22.2365 11.7449 
16.3783 20.9591 30.4427 21.3609 10.859 
16.0907 19.806 31.154 22.468 10.4813 
16.1818 19.2206 33.1623 21.0765 10.3588 
15.6825 19.427 32.5497 22.1875 10.1532 
15.1415 19.3554 32.1151 23.3527 10.0353 
14.0748 18.2143 33.5372 24.007 10.1667 
14.2955 17.8437 33.4353 24.3691 10.0565 
14.2311 17.3941 33.5232 24.8234 10.0282 
14.7491 16.7123 33.9372 24.6255 9.97595 
15.5564 16.2782 34.2413 24.001 9.92304 
15.687 14.4394 35.3512 24.6011 9.92131 
15.4271 13.775 34.8993 26.0537 9.84497 
14.2996 14.952 34.6539 26.1989 9.8956 
14.2926 13.7785 35.1141 26.965 9.84976 
12.9474 14.6241 34.8222 26.3278 11.2785 
12.0451 15.0263 33.6968 27.8782 11.3535 
13.8738 15.7776 32.1377 27.5755 10.6354 
12.9315 16.1994 33.3713 26.8667 10.6311 
12.235 14.9679 33.5812 28.2685 10.9474 
13.4582 13.7166 35.4887 26.5996 10.7369 
14.0737 15.3329 33.4223 26.8591 10.3119 
12.7026 15.5985 33.1417 28.4437 10.1135 
13.9902 14.0492 34.2098 27.5552 10.1956 
13.1595 13.463 35.461 27.8872 10.0293 
14.42 13.8321 34.7424 27.1093 9.89632 
15.0004 13.8565 33.6601 27.5773 9.90567 
15.2871 13.8955 33.2235 27.7231 9.87087 
15.4119 13.4449 35.5383 25.7259 9.87894 
16.1144 15.4312 33.3848 25.1753 9.89442 
16.9593 15.134 32.8645 25.1989 9.84335 
16.0295 15.2593 31.9593 26.8445 9.90743 
16.3481 13.678 33.4528 26.5943 9.92683 
16.22 13.1609 33.2494 27.5213 9.84847 
14.9216 13.1022 34.016 27.9635 9.9967 
15.1304 15.2531 33.0847 26.6661 9.86561 
14.2879 16.4501 32.7888 26.6384 9.83476 
15.2037 15.5385 33.2601 26.0058 9.99201 
13.7447 14.9121 33.7729 27.5743 9.996 
14.878 14.619 33.8808 26.7085 9.91373 
15.2602 14.7117 34.2589 25.9241 9.84513 
16.0116 15.1593 34.326 24.6672 9.83586 
16.6216 14.7831 33.6884 25.0455 9.86143 
17.8696 13.7151 34.0501 24.4345 9.93072 
18.1834 14.083 34.6551 23.1999 9.87865 
18.8618 13.6507 34.1379 23.5252 9.82438 
20.2691 14.1953 33.6874 22.0227 9.82549 
22.3007 14.6644 33.1642 20.0618 9.80889 
22.4507 14.6077 31.4428 21.6408 9.858 
21.7349 15.1064 30.8488 22.4446 9.86531 
21.5602 14.1797 31.6894 22.6681 9.90253 
19.4368 13.657 34.5014 22.5281 9.87664 
19.3338 12.7351 34.6958 23.3519 9.88337 
19.3443 12.6725 34.9432 23.1129 9.92702 
19.7331 13.0436 34.3923 22.9894 9.84156 
20.8636 13.7065 32.7387 22.785 9.90612 
20.8092 12.9853 33.1932 23.185 9.82727 
20.8547 12.602 34.4423 22.2034 9.89756 
19.9356 11.383 34.1064 24.7083 9.86681 
18.4972 12.7503 33.6708 25.1482 9.93341 
17.6068 12.3453 34.7459 25.4099 9.89208 
17.3363 12.9092 34.4388 25.4295 9.88616 
17.0264 12.1262 35.1298 25.8491 9.86845 
18.5431 11.9014 33.8823 25.7988 9.87435 
19.1787 11.8331 34.2786 24.8189 9.89073 
18.3243 12.0912 34.0068 25.6625 9.91525 
18.2386 12.2558 33.2454 26.3663 9.89393 
17.6069 11.0662 34.6783 26.7634 9.88524 
19.949 10.4866 33.9026 25.7656 9.89618 
19.8547 10.1834 33.2687 26.805 9.88821 
18.9616 10.0761 33.301 27.7327 9.92853 
18.4039 10.5765 33.7274 27.4048 9.88734 
20.396 10.2136 33.1324 26.389 9.86904 
20.8805 10.003 33.9252 25.3607 9.83066 
22.4468 10.1002 34.0679 23.5356 9.84954 
22.3345 10.2882 34.0181 23.5138 9.84541 
22.8392 10.0337 34.9901 22.3247 9.81229 
22.3151 9.94221 34.6592 23.2519 9.83152 
22.5557 10.8982 33.743 23.0241 9.77898 
24.4358 11.0218 32.9706 21.7288 9.84305 
24.1633 11.1423 34.0621 20.762 9.87033 
25.0154 10.4607 35.643 19.0561 9.82476 
26.6253 10.8186 33.5568 19.0869 9.91238 
25.3988 10.3762 33.9969 20.305 9.92308 
25.5565 11.2595 33.7842 19.4382 9.96154 
25.4345 10.6298 35.0171 18.9379 9.98077 
24.5714 10.786 34.9858 19.8033 9.85361 
25.7532 10.3466 35.7591 18.2608 9.88036 
26.2722 10.1577 34.2347 19.4108 9.92461 
27.0784 10.5276 32.8225 19.6413 9.93025 
27.8249 10.706 33.418 18.154 9.8971 
28.342 11.0577 34.1587 16.6273 9.81432 
27.2409 11.6079 33.7967 17.5842 9.77038 
26.1596 10.6629 34.1397 19.2937 9.74413 
26.9412 10.2819 33.9015 19.0528 9.82256 
26.9321 11.0705 32.8162 19.302 9.87923 
26.3232 11.8844 33.0747 18.8574 9.86025 
27.3182 11.2133 33.5554 18.013 9.9 
28.3475 10.5028 33.84 17.4635 9.84614 
28.3075 10.7225 33.7893 17.3944 9.78629 
28.4143 10.643 34.6763 16.4437 9.82272 
28.4433 10.1826 37.1298 14.4718 9.77247 
27.944 11.4004 35.7573 15.1223 9.77583 
28.7868 10.6385 33.7737 16.9748 9.82618 
29.0316 10.5824 34.4856 16.0532 9.8473 
29.5779 10.2601 33.7024 16.567 9.8926 
29.6928 10.098 33.9986 16.2963 9.91425 
30.5258 9.92706 34.5951 15.1168 9.83517 
31.2098 9.94692 35.4039 13.5385 9.90097 
30.9544 9.98866 33.6594 15.5838 9.81371 
30.6671 9.89939 34.8677 14.7539 9.81192 
30.8615 9.91864 34.3593 14.9857 9.8749 
29.8077 9.9114 34.432 15.9593 9.88953 
30.4557 9.8052 35.109 14.8358 9.79426 
28.231 10.011 33.9632 17.9442 9.85069 
26.9917 9.85498 35.0418 18.3367 9.77484 
26.3277 10.0897 35.0725 18.7554 9.75468 
24.5645 9.93086 34.6372 21.1041 9.76333 
26.7053 9.93338 33.3443 20.1674 9.84962 
28.0214 9.85628 33.3914 18.9165 9.8144 
26.8895 9.92814 33.6654 19.6098 9.9072 
27.7081 9.823 34.2308 18.4256 9.81253 
26.4327 10.2574 32.6814 20.848 9.78048 
28.317 9.99448 33.6226 18.3099 9.75601 
28.7353 9.85617 33.7392 17.9324 9.73694 
28.721 10.1331 33.9043 17.4835 9.75806 
25.298 10.5353 34.4522 19.8355 9.87903 
25.79 10.2356 33.2517 20.8152 9.90746 
25.5474 9.99585 34.0039 20.621 9.83178 
26.6715 9.95 33.7751 19.7354 9.86797 
24.5735 9.86099 34.1514 21.5941 9.81998 
24.0991 9.94668 34.2278 21.9621 9.76436 
25.7522 9.92961 33.2947 21.1851 9.83845 
25.7244 10.0732 33.5204 20.8093 9.87278 
25.1955 10.5366 33.5935 20.738 9.93639 
28.191 10.1835 32.051 19.691 9.88345 
28.061 10.0918 32.7496 19.1559 9.94173 
26.4393 10.8853 35.3529 17.4246 9.89787 
28.9248 10.8914 34.1829 16.0841 9.91688 
29.5265 10.8944 34.0786 15.5741 9.92639 
28.3708 10.3523 35.0773 16.3314 9.86826 
29.1686 10.0583 33.7003 17.2566 9.81628 
27.5473 11.5106 33.6711 17.4246 9.84641 
25.6243 10.7878 34.5304 19.2642 9.79334 
26.7656 10.3773 34.2087 18.7683 9.88006 
26.6358 10.7609 33.2188 19.4745 9.90991 
25.5821 11.827 32.4899 20.2719 9.82917 
28.1244 10.9135 33.0783 17.9693 9.91458 
28.7202 10.3427 32.3372 18.7566 9.84329 
26.7824 10.4509 32.7835 20.0926 9.89059 
28.4262 10.1205 32.8253 18.7876 9.8404 
27.3877 10.1396 34.0317 18.6001 9.84083 
27.574 10.2749 32.7887 19.5524 9.81001 
28.5306 10.1054 32.5803 18.9108 9.87295 
28.3121 9.90219 32.8453 19.1544 9.78597 
29.1715 10.5238 32.6765 17.7815 9.84655 
29.3373 10.2309 33.1084 17.4311 9.89222 
30.8658 10.045 34.3359 14.8775 9.87569 
30.3862 10.0069 34.3019 15.3827 9.92227 
30.6293 10.7082 31.4127 17.4229 9.82691 
27.2748 10.3375 34.8093 17.6815 9.89684 
28.2478 10.3635 34.7748 16.7953 9.81855 
28.9801 10.4533 33.3618 17.3433 9.86135 
27.9452 10.2101 33.9567 17.974 9.91406 
29.0053 10.6606 32.6646 17.8105 9.85899 
28.0026 10.8303 32.3323 18.9053 9.9295 
27.3231 10.2594 33.8132 18.1032 10.5011 
27.6418 10.7218 35.3277 16.1239 10.1848 
27.1222 10.3289 35.292 17.1966 10.0603 
27.3226 10.0574 33.7011 18.9958 9.92313 
28.7298 9.99445 34.6588 16.6897 9.92732 
30.6515 9.88322 35.5704 14.0452 9.84965 
31.3694 10.2376 34.9192 13.5646 9.90925 
32.4055 9.98891 35.8037 11.9771 9.82475 
33.7576 9.85339 35.7702 10.8475 9.77131 
33.9595 10.0509 35.587 10.548 9.8546 
32.1906 10.2965 35.414 12.2017 9.89718 
31.4799 10.1162 34.8544 13.6329 9.91654 
29.0733 10.2962 34.4113 16.3403 9.8789 
29.4405 10.1161 34.0326 16.5035 9.9074 
29.5411 10.1069 33.9544 16.5579 9.83969 
28.9372 10.2201 32.9772 17.9456 9.91985 
28.9423 11.3601 33.4294 16.3741 9.89413 
30.023 10.6967 34.4404 15.0433 9.79657 
30.4456 10.8146 33.4582 15.3994 9.88221 
29.754 10.8761 33.9166 15.5122 9.9411 
30.7186 10.7186 33.955 14.6868 9.92105 
31.2398 10.2335 33.9586 14.7333 9.83474 
29.7044 10.2224 34.9371 15.2892 9.84695 
31.1855 10.1112 32.8019 15.9779 9.92347 
30.8102 10.3092 33.9734 15.0542 9.85304 
31.8362 10.1016 34.1245 14.0642 9.87352 
29.7168 10.2456 35.2441 14.9866 9.80689 
31.9817 10.0886 35.6015 12.4591 9.8692 
32.5003 10.8619 33.9957 12.8333 9.80881 
33.1251 10.4309 34.6541 11.8854 9.90441 
33.2861 10.1643 33.7093 12.9393 9.90101 
31.6821 9.96495 37.1672 11.3525 9.83332 
31.7786 9.98248 36.0836 12.2387 9.91666 
29.6429 10.7219 35.377 14.4288 9.82939 
31.8822 10.4285 34.5804 13.2955 9.81334 
30.7386 10.1987 33.8011 15.3705 9.8911 
29.8644 9.98533 34.0015 16.3172 9.83154 
30.7976 10.1209 34.9495 14.2483 9.88372 
31.5118 10.0438 33.4216 15.0976 9.92525 
28.7306 10.2434 33.9576 17.2007 9.86769 
29.4969 10.0559 33.2617 17.3175 9.86805 
29.8687 10.3544 34.1566 15.7034 9.91684 
30.9066 10.0383 34.0922 15.1434 9.81953 
29.6928 11.0062 33.8746 15.6623 9.76414 
30.218 10.5707 32.6467 16.7839 9.78072 
31.5606 10.2853 32.775 15.4887 9.89036 
33.0759 10.0169 33.2114 13.8764 9.81939 
32.0867 10.0389 33.8313 14.2553 9.78775 
32.9473 10.3575 34.3534 12.4657 9.87608 
32.4736 10.1788 35.01 12.3995 9.93804 
31.8514 10.2389 33.618 14.3393 9.95241 
20 20 20 20 20 
17.5255 22.1173 22.2449 20.9694 17.1429 
15.0992 21.6578 26.9059 19.7013 16.6359 
13.8876 22.6833 28.8285 19.3577 15.2429 
13.4848 23.0933 30.9331 18.8806 13.6081 
15.6032 21.6732 30.9096 18.6808 13.1332 
14.1718 22.4953 31.9211 19.3164 12.0954 
14.7492 23.3079 30.4078 19.2059 12.3291 
13.7295 23.5245 30.7914 19.6749 12.2797 
14.6029 24.0241 30.1576 19.2422 11.9732 
15.6752 22.0849 32.4332 18.8444 10.9623 
16.6688 20.7827 31.0218 20.4612 11.0656 
16.0991 20.2737 31.9815 20.3482 11.2975 
16.2547 18.8548 33.8113 20.4305 10.6487 
15.1769 19.4796 31.9187 22.2257 11.199 
15.2402 18.7108 32.0543 21.9308 12.0639 
14.6398 19.4539 32.7759 21.3102 11.8201 
13.7209 18.6642 32.33 22.4909 12.7941 
12.4026 19.4526 33.8758 22.8117 11.4573 
13.1108 17.6409 33.6465 24.5968 11.005 
11.9082 16.8496 34.9498 25.0721 11.2203 
13.0427 18.5514 33.6774 24.1816 10.5468 
12.7082 17.3565 33.8842 24.8433 11.2078 
11.4284 18.9505 34.145 24.9217 10.5544 
12.6762 19.0955 31.6295 26.3849 10.2139 
12.8598 17.398 32.4814 27.2021 10.0586 
11.4421 17.3787 33.8446 27.4152 9.9193 
11.6324 18.6647 33.7942 25.5303 10.3784 
11.2539 19.5446 32.4144 26.6909 10.0963 
11.7029 20.2786 31.1439 25.4973 11.3773 
11.1732 19.174 32.5274 25.7437 11.3817 
12.644 19.0367 30.1393 26.0298 12.1502 
11.697 19.0184 31.9446 25.1399 12.2001 
12.0826 17.1428 32.8934 25.6743 12.2069 
11.5969 17.7445 32.855 25.3694 12.4342 
11.5236 17.5237 32.7125 25.9163 12.324 
11.8816 16.965 33.9344 26.1092 11.1099 
12.7077 17.2544 34.6364 24.7087 10.6928 
12.6039 15.7887 35.5473 24.9846 11.0756 
13.3726 14.46 34.9454 25.2448 11.9772 
13.142 13.6857 36.0803 25.6604 11.4316 
13.3312 13.4755 35.5146 25.4577 12.2209 
14.9312 13.5128 35.1015 25.466 10.9885 
14.7794 14.3362 35.3699 25.1 10.4145 
14.102 13.1955 35.6302 26.7966 10.2757 
14.5446 13.8329 34.2233 27.2226 10.1766 
13.7763 13.6915 34.4558 28.1099 9.96636 
13.6882 13.7791 35.2279 27.3883 9.91651 
14.4866 14.4025 34.4533 26.2589 10.3987 
13.5925 16.196 34.0256 26.0924 10.0935 
12.7102 16.7001 34.2171 26.3527 10.0199 
12.3172 18.6482 32.9622 26.1845 9.88799 
13.6855 20.3456 31.4005 24.6514 9.91711 
14.1632 18.322 31.8605 25.7235 9.93093 
14.6931 16.3788 33.5155 25.4602 9.95234 
14.4713 16.968 32.1522 26.4705 9.938 
15.3553 15.749 33.8824 25.0586 9.95476 
14.9883 15.4463 34.5652 24.5398 10.4604 
14.8733 14.4661 35.9849 24.3564 10.3193 
15.3522 14.6209 36.0663 23.9196 10.0409 
16.8715 16.0748 33.4067 22.7357 10.9113 
17.2124 16.5481 33.3257 21.8732 11.0407 
16.2308 16.4852 32.0587 22.8134 12.4119 
17.0726 15.0608 34.0775 22.1019 11.6872 
20.3261 13.6383 33.516 21.1362 11.3834 
17.9499 14.3328 33.9711 22.3167 11.4294 
18.4194 16.1942 33.7911 20.8806 10.7147 
17.6645 19.1758 31.4728 21.3732 10.3136 
18.3103 18.3791 31.121 22.0877 10.1019 
17.4885 16.9381 32.5196 22.886 10.1679 
16.5955 17.4222 32.3755 23.5642 10.0426 
17.3637 16.6781 32.946 23.0458 9.96637 
17.3539 15.3851 33.0042 24.3955 9.86123 
16.6135 14.5709 35.1529 23.838 9.8248 
16.7113 13.4108 33.9582 26.0216 9.89815 
16.4293 14.7791 34.5428 24.3422 9.90658 
18.0361 16.3181 32.5988 21.8437 11.2033 
19.6468 14.2968 33.2156 22.2991 10.5418 
18.7829 13.3623 33.3708 24.2998 10.1842 
16.9795 12.9142 33.6231 26.5131 9.97014 
17.1105 13.4973 35.0587 24.4634 9.87013 
18.9914 12.5119 33.1057 25.4716 9.91949 
19.1499 12.7401 33.5557 24.6954 9.85888 
19.399 12.2352 34.5198 23.9313 9.91478 
17.8 12.4025 34.299 25.6528 9.84566 
19.7762 14.0562 33.1616 23.0983 9.90772 
17.5152 13.6665 33.9537 24.9672 9.89736 
16.1346 13.6639 34.19 26.1448 9.86671 
14.7816 12.9748 34.2378 28.0724 9.93336 
13.989 13.5255 32.8081 29.5787 10.0986 
15.3744 13.1873 33.7225 27.3592 10.3566 
15.0401 12.6231 34.8024 27.3561 10.1783 
16.0915 13.883 33.4012 26.5352 10.0891 
16.7222 13.5591 33.3182 26.3558 10.0446 
16.402 12.6275 34.0568 26.9206 9.99305 
17.0425 13.326 33.1869 26.5701 9.87457 
16.0656 13.3198 31.8302 28.9655 9.81894 
14.9893 11.5874 34.3209 29.1204 9.98194 
15.9961 12.7101 35.4601 25.9435 9.8901 
15.702 13.4548 33.7422 27.1711 9.92995 
15.6288 12.0052 33.8155 28.5856 9.96497 
14.362 12.1038 35.3601 28.2809 9.8932 
14.8845 12.1565 33.2324 29.8381 9.88846 
15.8019 13.807 33.4932 27.0642 9.83382 
15.5817 13.6806 34.2165 26.6345 9.88679 
15.7618 13.7968 33.63 26.9404 9.87093 
17.9123 13.168 32.3322 26.7931 9.7944 
17.3936 12.3653 34.9161 25.4278 9.8972 
17.2812 13.4115 34.3255 25.0633 9.91848 
19.0321 12.4287 33.4278 25.1823 9.92912 
20.8311 13.5538 32.1573 23.6003 9.85753 
20.0429 12.9881 34.5569 22.5144 9.89771 
19.896 12.4501 33.4227 24.4234 9.80779 
20.251 12.5887 33.9841 23.2723 9.90389 
19.8561 12.7315 35.1058 22.4146 9.89207 
22.0349 12.3406 32.6472 23.157 9.82025 
23.1626 12.9526 33.516 20.569 9.79971 
23.3723 11.5509 33.6237 21.6278 9.82523 
22.658 10.6344 34.0532 22.8829 9.77155 
22.1074 11.0058 34.0925 22.9684 9.82589 
22.4102 11.9698 34.2387 21.5788 9.80254 
23.2897 10.9698 34.3399 21.5145 9.88616 
23.2084 11.8367 33.6195 21.5064 9.82907 
23.3326 11.9369 32.5505 22.3273 9.85281 
24.2817 11.353 34.7368 19.779 9.84948 
24.9891 12.0233 34.3962 18.713 9.8783 
23.9008 11.6366 33.9169 20.6065 9.93915 
24.1795 11.2363 33.6767 20.9844 9.92314 
24.7081 11.1386 34.1885 20.1136 9.85116 
24.854 10.7777 34.2074 20.3247 9.83629 
23.9895 10.3888 34.2912 21.4123 9.91815 
23.6452 10.3724 34.7831 21.3858 9.81344 
23.5247 10.8093 33.349 22.547 9.76994 
22.442 10.4208 34.9593 22.4385 9.73934 
21.6504 10.1184 34.9643 23.4892 9.77765 
22.1817 9.94879 35.1478 22.9433 9.77841 
23.4802 10.2841 33.9456 22.5336 9.75646 
24.1584 10.044 34.6198 21.3975 9.78019 
23.7568 10.7786 35.0731 20.5672 9.82431 
24.339 10.2789 33.1517 22.4287 9.80174 
23.1219 10.0601 35.1473 21.8493 9.82151 
21.9647 9.99898 34.3438 23.8128 9.8797 
21.5006 10.4873 34.2451 23.9491 9.8179 
22.8193 10.1026 33.11 24.2003 9.76788 
21.1019 9.97437 34.4012 24.7155 9.80702 
20.7994 10.1114 33.8155 25.4012 9.87245 
20.5939 9.91007 34.7071 24.9984 9.7906 
20.6046 9.87811 34.5843 25.1146 9.81837 
22.7639 9.86213 34.3691 23.1727 9.83226 
22.0848 10.3624 32.9992 24.6854 9.86821 
21.169 10.0863 34.2211 24.6845 9.83917 
22.2902 9.89262 34.0002 24.0479 9.76908 
23.5634 10.8287 32.3596 23.4619 9.7865 
23.2949 10.3485 34.2719 22.2572 9.82746 
24.1876 10.1582 33.6954 22.0611 9.89765 
25.5986 10.063 32.7641 21.6415 9.93275 
22.4767 10.6767 32.995 23.8853 9.96637 
20.7476 10.3997 33.6754 25.2862 9.89116 
22.96 10.1998 33.5618 23.3327 9.94558 
23.8624 9.95886 34.179 22.1679 9.83172 
24.5526 9.8338 34.2416 21.6018 9.77023 
27.8695 9.83215 34.4089 18.089 9.80037 
26.4348 10.0443 34.5122 19.1407 9.86813 
25.0845 10.5601 33.3953 21.121 9.83913 
23.1672 10.7488 34.3539 21.8105 9.91957 
23.5902 10.3086 33.7888 22.4184 9.89399 
23.1448 10.369 34.3791 22.2521 9.85497 
24.151 10.0587 34.4851 21.5034 9.8017 
24.896 9.99731 35.031 20.2068 9.8688 
23.3492 9.94052 34.5213 22.3127 9.87626 
25.4404 9.87532 34.5075 20.3336 9.84319 
27.325 9.92048 33.5768 19.2733 9.90441 
25.8164 10.191 34.7884 19.329 9.87528 
24.1045 10.0035 34.2654 21.781 9.84562 
24.5138 9.92482 34.3634 21.3521 9.84589 
23.7834 9.94683 32.758 23.6044 9.90737 
23.5125 10.9367 31.8224 23.8817 9.84665 
22.7453 10.4134 32.761 24.2119 9.86838 
21.7385 10.2372 33.4537 24.7584 9.81224 
22.1391 10.0392 33.2348 24.7602 9.82675 
23.2101 9.97169 33.2308 23.7219 9.86545 
24.3602 10.428 32.7719 22.5752 9.8647 
24.3467 10.214 33.5526 21.9543 9.93235 
22.8772 10.239 33.7851 23.1472 9.95151 
23.646 9.96898 33.2805 23.2793 9.82525 
23.4509 11.1307 33.7499 21.7725 9.89602 
21.9135 10.8945 33.9596 23.4255 9.80694 
22.4474 10.4162 33.2841 23.9798 9.87242 
21.8065 10.1161 34.1267 24.1065 9.84418 
