5 80000 300 266
20 20 20 20 20 
22.7493 18.4758 19.4729 19.8291 19.4729 
23.6911 17.8839 21.0742 19.7025 17.6484 
21.014 18.6434 24.0765 20.5122 15.7538 
17.5328 19.2749 26.2069 21.9657 15.0198 
15.4035 19.9251 27.484 22.1554 15.032 
14.5463 20.1713 28.8232 21.1705 15.2886 
13.8942 20.9304 29.0235 20.4026 15.7493 
13.3488 22.0546 29.8539 19.5832 15.1594 
13.7521 20.8447 30.4521 19.4948 15.4564 
13.6266 21.7496 30.329 20.5025 13.7923 
14.291 21.4775 29.785 21.7468 12.6997 
14.4788 23.2943 28.4481 21.5401 12.2387 
14.009 23.5236 27.7632 21.9339 12.7702 
16.1277 22.7808 27.7442 20.8011 12.5462 
16.4751 23.1895 26.6057 20.5641 13.1656 
16.8222 23.0796 27.456 20.0268 12.6153 
16.6287 21.3778 27.5011 21.1245 13.3678 
15.684 22.4803 27.5828 22.1269 12.1261 
14.0218 21.8019 29.7464 20.9511 13.4788 
14.3002 21.9488 29.1101 22.4345 12.2064 
16.7056 22.53 28.6662 20.5506 11.5476 
14.8796 22.4538 29.4846 22.5131 10.6689 
14.9456 21.3886 29.5229 23.8431 10.2998 
14.0517 20.144 28.1586 26.3953 11.2504 
12.8263 19.3528 28.9285 28.2788 10.6136 
11.742 20.2206 29.4302 27.9716 10.6356 
11.2448 20.858 29.0843 27.8877 10.9253 
10.6458 21.6439 28.7945 28.5466 10.3692 
11.2531 21.6359 27.8856 27.878 11.3474 
10.6034 20.7717 29.915 27.1334 11.5765 
10.2671 20.432 30.8928 26.1533 12.2547 
10.3103 20.5695 30.7242 25.4504 12.9456 
12.6093 20.4912 29.9263 24.6518 12.3214 
13.4305 20.2218 28.2648 26.2214 11.8614 
12.6115 19.1911 28.9909 27.7333 11.4732 
13.1615 18.4608 30.2165 27.1054 11.0557 
11.6635 18.0957 31.7749 27.2643 11.2016 
12.2994 17.2568 31.6835 27.5625 11.1978 
11.054 17.3604 31.5116 29.5707 10.5032 
11.206 18.1864 30.941 29.2298 10.4368 
10.5799 18.8154 30.7483 29.4297 10.4267 
11.0411 18.3279 29.2239 31.1468 10.2603 
10.8777 19.7592 29.9691 29.2639 10.1302 
10.3905 19.5414 30.2019 29.3662 10.4999 
12.172 19.9774 30.088 27.603 10.1595 
10.976 20.6244 29.9584 28.3492 10.092 
12.2513 21.1818 28.385 27.3388 10.8431 
11.5444 19.9505 28.4782 28.6941 11.3329 
11.2746 18.8269 30.2678 28.8207 10.81 
11.7121 18.0583 31.0218 28.3122 10.8956 
11.1516 17.5267 33.1217 27.5798 10.6202 
11.9065 18.8409 30.7727 27.8726 10.6073 
11.5905 18.3665 30.4599 28.5196 11.0634 
11.178 17.5565 32.4548 27.7766 11.0341 
11.403 16.9178 31.7313 28.3586 11.5894 
11.2976 17.9479 32.4107 27.5613 10.7825 
11.3886 17.3923 31.8941 28.9592 10.3658 
12.6387 15.8931 31.3511 30.0099 10.1071 
12.9351 14.1807 32.5967 30.2721 10.0154 
13.412 14.161 31.8286 30.1613 10.437 
13.3023 14.7322 31.7455 29.8564 10.3636 
13.646 14.8791 31.5463 29.8246 10.1041 
12.1801 15.2201 32.0997 30.4735 10.0265 
13.0272 15.2017 33.4582 28.3258 9.98709 
12.9207 15.2642 33.312 28.6101 9.89304 
13.3481 16.6882 33.1101 26.9326 9.92101 
13.0354 15.2143 33.4762 28.3518 9.92234 
13.3359 16.0668 32.5209 28.1911 9.88541 
12.1406 14.6254 33.1759 30.1403 9.91783 
13.4729 14.3257 31.6529 30.6546 9.89398 
13.4722 12.3442 34.2202 30.0941 9.86927 
12.8937 11.8371 35.583 29.3328 10.3534 
13.3913 13.6963 32.7915 29.9442 10.1767 
13.601 13.3699 32.8919 30.0616 10.0756 
13.4239 12.1395 33.1992 31.1347 10.1027 
13.9639 12.94 34.0296 28.9261 10.1404 
12.9922 12.8639 33.7667 30.3198 10.0574 
13.6389 12.0442 35.7609 28.5528 10.0032 
15.1305 11.7862 34.9046 28.2174 9.96139 
14.4483 11.4775 34.3354 29.823 9.91576 
14.6512 10.7785 35.0722 29.633 9.86504 
15.6811 10.5617 35.0427 28.8748 9.83968 
15.6863 11.3979 33.4788 29.597 9.84005 
15.9333 11.9324 33.9808 28.3264 9.82719 
17.1667 11.6995 33.2571 28.0298 9.84693 
17.9756 11.2365 32.2363 28.6558 9.89584 
17.5043 13.1732 30.4038 29.0257 9.89297 
18.6407 13.4111 29.6866 28.4404 9.82114 
17.4026 13.2809 29.9118 29.5627 9.84208 
18.2 11.6536 31.9744 28.3697 9.8023 
19.6691 11.2469 32.3828 26.922 9.7792 
17.8075 11.8397 34.5698 25.8934 9.8896 
17.1693 12.6949 32.5966 27.7164 9.82285 
17.8997 13.7447 30.9558 27.5568 9.84293 
17.1709 12.937 31.7852 28.1989 9.90799 
17.2811 12.9903 32.4687 27.4147 9.8453 
16.6716 12.3241 32.2965 28.8628 9.84493 
16.4683 12.7886 32.5639 28.2868 9.89234 
16.8693 12.801 33.8307 26.6782 9.82082 
16.3502 12.3372 34.0657 27.4552 9.79168 
16.3818 12.2476 33.2943 28.3173 9.75906 
15.5185 11.4399 33.1701 30.1069 9.76459 
15.8475 10.7199 32.3204 31.2299 9.88229 
14.9859 10.3035 32.9681 31.8579 9.88465 
14.6753 10.4004 34.8542 30.1555 9.9147 
15.074 10.3578 35.0489 29.6909 9.82841 
16.3926 10.0835 33.8732 29.8318 9.81884 
17.2996 9.93306 32.5616 30.405 9.80072 
17.9813 10.259 32.5761 29.4087 9.77501 
18.8992 10.3124 31.6844 29.3385 9.76556 
18.2408 10.7881 31.0894 30.0539 9.82783 
19.1771 11.4847 32.4002 27.0666 9.87142 
18.7839 11.2021 33.5852 26.608 9.82077 
19.4228 10.5393 32.5333 27.6559 9.84866 
19.2143 11.2638 33.0795 26.5472 9.89509 
18.6042 10.4992 34.2389 26.8429 9.8148 
18.8673 11.1916 32.3368 27.7693 9.83494 
19.376 10.4949 33.0272 27.2852 9.8166 
19.8395 10.2475 33.6348 26.3699 9.9083 
20.3917 10.581 32.5991 26.6068 9.82141 
19.2354 10.234 32.5425 28.1339 9.85421 
20.2784 10.9728 31.4364 27.4303 9.88206 
20.0761 10.376 33.3838 26.3335 9.83062 
21.314 10.6776 31.9738 26.2231 9.81145 
21.9423 10.1977 33.0715 25.0238 9.76466 
21.1913 10.4448 33.5169 25.0905 9.75654 
22.2028 10.4307 33.1275 24.45 9.78899 
21.6277 10.1861 32.6456 25.6753 9.86525 
22.0318 10.061 31.8677 26.1389 9.90058 
23.6327 10.4822 31.9775 23.9729 9.93471 
25.4677 10.1753 30.9558 23.4996 9.90157 
25.8329 10.0397 34.168 20.0565 9.90286 
24.9477 10.0199 34.4278 20.6533 9.95143 
25.0478 9.89159 35.1133 20.0899 9.85737 
25.9567 9.87117 32.3328 21.9853 9.85406 
24.25 9.84888 33.2184 22.8423 9.84032 
24.4031 10.2499 32.2897 23.2555 9.80182 
24.5069 10.1094 33.123 22.3754 9.88533 
24.151 10.0246 32.676 23.2359 9.91255 
25.5803 9.9962 31.9328 22.5504 9.9402 
24.4724 9.98253 32.4773 23.1132 9.95452 
22.521 9.89633 31.9032 25.7971 9.88232 
21.684 9.83416 31.9125 26.7422 9.82716 
20.3172 9.87335 32.7201 27.2195 9.86985 
21.2697 9.87494 31.4835 27.4986 9.87319 
21.5439 9.93747 31.1963 27.3857 9.9366 
21.6079 9.9223 32.626 25.9219 9.92186 
20.992 9.97682 32.7707 26.4406 9.81986 
19.1845 9.90644 34.5821 26.499 9.82796 
21.0037 9.90818 33.0568 26.1624 9.86894 
21.9905 9.80846 31.0915 27.3207 9.78884 
21.7977 9.8425 32.8297 25.6974 9.83269 
22.7757 9.90659 31.3709 26.0452 9.90168 
23.7234 9.8875 32.6262 23.8778 9.88505 
24.6742 9.94375 32.4069 23.0327 9.94253 
24.6042 9.94082 32.8183 22.6965 9.94021 
24.4139 9.93935 31.7818 23.9259 9.93905 
22.2708 9.92175 32.9836 24.9022 9.9216 
23.8774 9.96088 31.4918 24.7092 9.9608 
21.3981 9.87909 31.2864 27.5573 9.87905 
23.1991 9.80967 30.5783 26.6033 9.80965 
23.7103 9.74913 32.4172 24.3743 9.74912 
25.5064 9.80877 31.5046 23.3714 9.80877 
25.7757 9.88831 32.4726 21.9751 9.88831 
26.863 9.9131 33.0065 20.3043 9.9131 
27.5854 9.87963 31.5802 21.0752 9.87963 
29.9643 9.89031 30.9716 19.2835 9.89031 
31.0721 10.1355 33.6519 15.3511 9.78944 
32.5673 10.0677 32.1384 15.3318 9.89472 
29.9908 10.0183 32.2686 17.7905 9.93178 
31.6621 9.94112 31.6105 16.8885 9.89787 
30.0225 9.92105 33.132 17.0251 9.89943 
30.2845 9.94445 31.6785 18.1588 9.93364 
32.948 9.82834 32.9256 14.4751 9.82293 
34.015 9.8322 34.1677 12.1556 9.8295 
34.3268 9.88598 32.4453 13.4573 9.88463 
34.1981 9.83258 31.5223 14.6151 9.8319 
32.2553 9.91629 32.4799 15.4325 9.91595 
29.3864 9.91022 32.8534 17.9399 9.91005 
29.1342 9.92405 33.0416 17.9762 9.92397 
28.9204 9.85162 32.6091 18.7673 9.85158 
28.6322 9.86211 32.7058 18.9378 9.86209 
26.7751 9.84909 33.4021 20.1246 9.84908 
25.6487 9.86085 33.1023 21.5273 9.86085 
26.5467 9.82002 31.5354 22.2778 9.82001 
25.0381 9.81197 34.0683 21.2696 9.81197 
25.6073 9.90598 32.4754 22.1054 9.90598 
23.826 9.90507 32.2121 24.1517 9.90507 
21.7836 9.8069 32.9345 25.6681 9.8069 
20.6957 9.80541 32.4803 27.2131 9.80541 
19.5835 9.83901 31.3676 29.3709 9.83901 
19.8236 9.85581 30.8112 29.6536 9.85581 
18.3 9.86212 32.6753 29.3005 9.86212 
20.0825 9.91498 31.2894 28.7982 9.91498 
21.489 9.83965 32.6481 26.1836 9.83965 
22.1961 10.4037 32.1305 25.3499 9.91982 
22.2092 10.1038 31.7515 26.0736 9.86187 
22.2867 10.004 30.8917 26.9346 9.88301 
20.4706 9.89496 31.5009 28.2991 9.83447 
20.1379 9.81761 31.4972 28.7599 9.78737 
21.1801 9.86376 31.6645 27.443 9.84864 
21.551 9.88683 32.0485 26.6344 9.87927 
24.3831 9.84848 30.2647 25.659 9.8447 
25.0781 9.90706 29.7372 25.3724 9.90517 
26.5742 9.86581 31.8861 21.809 9.86486 
26.2678 9.90085 32.9302 21.0007 9.90038 
27.3295 9.84002 32.5535 20.4372 9.83978 
25.554 10.4575 34.0292 20.1535 9.80588 
26.5232 10.2136 33.4798 19.8955 9.88784 
27.201 10.1068 32.346 20.4023 9.94392 
27.9796 9.95537 31.5325 20.6587 9.87392 
28.5265 9.92976 32.0602 19.5945 9.88904 
30.1955 9.88013 32.9792 17.0854 9.85977 
30.2386 9.86964 30.222 19.8103 9.85946 
30.8384 9.78432 31.499 18.0991 9.77923 
30.6283 9.83513 35.7115 13.9925 9.83258 
29.9444 10.7053 34.8975 14.5525 9.90021 
28.9909 10.3371 35.3615 15.376 9.93453 
30.5997 10.0765 33.9384 15.5101 9.87524 
30.9249 9.97247 34.5679 14.6629 9.87183 
32.9365 10.0035 34.239 13.0408 9.78021 
32.7726 9.97071 33.1133 14.2844 9.85905 
32.1758 9.91957 31.8527 16.1882 9.86373 
32.6419 9.85843 31.6358 16.0333 9.83052 
32.9876 9.78358 32.6464 14.8128 9.76963 
32.2223 9.85868 33.5417 14.5256 9.8517 
32.4051 9.88142 33.0648 14.7708 9.87793 
31.4134 9.91059 34.0023 14.7649 9.90884 
32.5249 9.95529 31.5466 16.0188 9.95442 
32.5124 9.97765 34.5233 13.0094 9.97721 
32.8157 9.97275 32.8565 14.3825 9.97253 
31.6459 9.90701 33.8886 14.6516 9.9069 
33.6563 9.9535 34.111 12.3258 9.95345 
33.168 9.87871 34.7025 12.372 9.87869 
32.7605 9.84132 35.3251 12.2318 9.8413 
31.8261 9.85696 36.7708 11.6891 9.85696 
32.8912 9.91291 34.2733 13.0097 9.9129 
32.9594 9.84942 33.1917 14.1501 9.84942 
31.877 9.8916 32.9866 15.3532 9.8916 
33.233 9.91155 33.2741 13.6697 9.91155 
33.3358 10.3186 33.0408 13.4595 9.84537 
33.7338 10.0994 32.5384 13.7657 9.8628 
33.6593 9.95536 34.1937 12.3545 9.83706 
35.0115 9.84781 33.8176 11.5344 9.78866 
34.784 9.81687 32.3522 13.2596 9.7873 
36.4914 9.87738 32.1699 11.5987 9.86259 
34.704 10.3554 34.21 10.7994 9.9313 
34.5706 10.3101 34.4891 10.6977 9.93254 
32.9295 10.063 35.3427 11.7906 9.87424 
31.4797 9.98647 35.3891 13.2526 9.89208 
32.964 9.84274 34.0825 13.3153 9.79554 
32.4329 9.82934 32.532 15.4 9.80574 
33.5175 9.75896 33.048 13.9284 9.74716 
32.876 9.82454 35.5716 11.9092 9.81864 
33.491 9.87916 35.8322 10.9215 9.87621 
35.119 9.90946 33.4281 11.6355 9.90798 
34.6327 9.83278 34.6583 11.0442 9.83204 
34.9243 9.89978 33.276 12.0005 9.89941 
32.7652 9.94989 33.9107 13.4245 9.9497 
31.4142 9.88001 32.7781 16.0477 9.87992 
30.4937 9.81805 32.7001 17.1702 9.81801 
29.9984 9.87797 32.1885 18.0571 9.87795 
30.1082 9.92341 31.6706 18.3744 9.9234 
31.5558 9.9122 31.6769 16.943 9.91219 
32.9703 9.84569 31.2959 16.0425 9.84569 
32.739 9.87641 32.0566 15.4516 9.8764 
20 20 20 20 20 
19.5791 21.0305 21.103 20.3048 17.9826 
19.3471 18.8338 23.3834 23.8692 14.5665 
17.1396 19.3717 27.0763 22.0025 14.41 
17.1755 17.42 29.2244 22.657 13.5231 
15.4805 17.5722 28.9448 23.9106 14.0919 
13.3558 18.3973 31.535 23.6183 13.0935 
11.9588 20.0975 30.4866 24.2811 13.176 
11.5104 20.2258 30.0663 24.5299 13.6676 
12.8295 21.264 28.4624 24.4952 12.9489 
12.9515 21.6412 27.9927 24.7476 12.6671 
13.9757 21.3888 27.7463 25.3283 11.5608 
12.4151 20.3941 28.6538 26.521 12.016 
11.3274 19.2385 31.7561 25.2431 12.435 
11.6683 18.1643 30.6586 27.6331 11.8757 
12.7503 17.9257 30.2953 26.1748 12.854 
12.8873 18.2344 28.1719 28.5399 12.1665 
13.7635 17.6757 29.4013 27.5583 11.6013 
13.4335 16.9988 29.4133 28.032 12.1225 
12.6976 18.7865 28.1038 28.8485 11.5636 
11.6061 19.6841 28.2577 27.7352 12.7169 
10.7005 20.6621 29.5047 27.7628 11.3699 
11.1106 21.7366 28.6924 25.9782 12.4822 
10.6923 21.3706 28.8439 26.3453 12.7479 
11.1466 21.7062 28.5751 25.9337 12.6385 
11.5174 20.7598 28.157 27.3025 12.2633 
10.9791 21.5168 28.3476 25.9482 13.2082 
11.2367 22.2527 28.5416 25.5028 12.4662 
11.5211 22.2374 28.9699 24.3255 12.9461 
11.9961 21.7423 27.9953 25.7886 12.4776 
12.1466 22.124 27.1067 26.6994 11.9233 
11.6165 21.8159 28.4092 26.5426 11.6157 
12.2335 22.707 25.6532 26.9395 12.4667 
12.3523 23.8246 26.4525 25.8254 11.5452 
11.757 23.4157 27.1215 25.7829 11.9229 
11.8451 23.641 26.5679 27.0919 10.8541 
10.8853 23.1108 27.0557 27.4417 11.5064 
11.0619 22.6793 29.3535 25.5328 11.3725 
12.3126 19.9603 30.3089 25.9848 11.4334 
12.2028 20.329 29.9219 26.597 10.9492 
11.0668 20.3262 31.1272 26.8089 10.6709 
12.7609 21.8929 30.0186 25.0158 10.3118 
13.1678 21.2406 30.7333 24.0464 10.812 
13.1877 22.1769 29.7534 24.5232 10.3588 
12.8297 20.9524 29.6159 26.4339 10.1681 
12.6183 21.2702 30.3167 25.2517 10.5431 
13.0908 22.2443 29.4112 25.0396 10.2141 
13.8595 22.1533 30.5329 23.0714 10.3828 
14.5278 23.0865 29.8498 22.1975 10.3385 
15.8634 21.8626 30.0355 21.4181 10.8203 
15.5773 21.0041 29.2168 22.9664 11.2354 
14.8475 21.0903 30.726 21.8361 11.5001 
15.7367 21.3031 30.8887 20.5758 11.4958 
17.5261 21.165 30.1143 20.5568 10.6379 
17.0563 21.1594 30.4418 21.0957 10.2468 
18.5032 19.682 30.1835 21.5204 10.1109 
17.704 19.7219 30.5679 21.8316 10.1745 
18.3472 18.8754 30.1878 21.7331 10.8565 
18.1689 18.5498 30.3976 22.3152 10.5684 
17.0447 18.1058 30.2486 24.3417 10.2593 
16.4299 19.0286 31.3043 22.7548 10.4825 
16.8735 18.0509 30.4083 23.4506 11.2168 
16.3248 16.7862 29.7079 26.4835 10.6975 
15.3406 16.9327 29.8292 27.2269 10.6705 
15.1946 16.8401 31.5408 26.1135 10.311 
14.8837 17.5909 31.4739 25.9964 10.055 
15.4821 16.4588 31.4405 26.6917 9.92699 
14.3233 17.3433 30.1506 27.3965 10.7863 
13.8283 18.1778 30.137 26.1674 11.6894 
14.0208 17.8453 28.2665 28.1852 11.6823 
14.2093 17.2996 30.3636 26.9198 11.2076 
14.2293 16.2834 31.9757 26.0553 11.4562 
15.9147 16.1417 30.7878 26.2277 10.9281 
15.5716 15.3043 31.5107 27.2001 10.4133 
14.7191 16.1855 32.822 25.7334 10.54 
15.3748 18.1436 30.2787 25.3349 10.868 
13.6068 18.6436 30.6305 26.7732 10.3458 
13.6865 20.4906 28.9516 26.7632 10.108 
14.8276 18.6223 30.5753 25.1617 10.8131 
15.5533 18.4843 30.1455 25.2424 10.5745 
13.4796 17.5976 34.1709 24.5575 10.1944 
14.3116 16.3706 32.2291 27.0307 10.058 
16.6478 15.9393 30.6867 26.7507 9.97555 
16.4179 15.2804 31.1397 27.2134 9.94861 
16.6286 16.8371 30.5958 25.9124 10.0261 
14.5803 16.7306 32.8171 25.7439 10.1281 
15.9388 16.4734 30.0572 27.4666 10.0641 
15.2213 15.2341 32.7131 26.8376 9.99387 
15.5594 16.4632 31.1001 26.8803 9.99693 
15.79 15.2084 31.3123 27.7813 9.90803 
15.6607 14.9611 31.1875 28.332 9.85865 
16.6069 14.5284 31.6842 27.3309 9.84954 
16.9336 15.6204 30.4996 27.0901 9.85627 
14.5194 18.0733 28.934 28.5451 9.92814 
13.5431 16.2559 31.0446 29.2458 9.91059 
14.9485 15.7687 32.0102 27.3575 9.91508 
14.7166 14.7089 32.0218 28.7205 9.83219 
16.1279 12.59 33.812 27.5802 9.88992 
16.9623 12.3685 33.5726 27.2082 9.88846 
16.1734 12.915 33.2698 27.6151 10.0266 
16.2328 12.6373 34.1911 27.0098 9.92905 
16.1672 13.3808 34.0447 26.4992 9.90803 
18.4478 13.273 32.4285 25.9947 9.85598 
18.0637 12.1614 32.5126 27.362 9.90036 
20.0985 12.4807 31.323 26.2143 9.88352 
18.8643 13.7548 31.4129 26.1129 9.85505 
17.2534 13.8606 30.6506 28.4196 9.81579 
16.4077 13.5586 31.1754 28.619 10.2393 
15.3267 14.4608 32.4872 27.7173 10.0079 
17.8645 13.4086 31.7608 27.0771 9.88902 
16.8868 12.8122 32.7838 27.601 9.9161 
16.3914 12.331 31.5653 29.841 9.87134 
17.8951 11.3567 31.7663 29.1281 9.85371 
16.5443 11.6176 33.5627 28.3762 9.89923 
16.7269 11.9312 32.6706 28.7654 9.90588 
16.1099 12.1628 31.8282 30.0165 9.88252 
16.5077 12.2419 32.2465 29.1916 9.81232 
14.7277 11.9061 32.3767 31.1247 9.86484 
14.9531 11.1614 33.8967 30.1457 9.84313 
15.9536 11.1841 33.3276 29.728 9.80662 
19.3803 11.1476 32.1609 27.4371 9.87407 
17.7784 10.7209 32.404 29.1597 9.93704 
18.4725 10.4993 33.5631 27.4965 9.96852 
19.5261 11.3366 31.5642 27.6613 9.9118 
18.9222 11.8245 32.2986 27.0439 9.91085 
18.1889 10.7939 32.4215 28.7586 9.83708 
18.2514 11.0655 31.7631 29.0595 9.8604 
18.8167 10.8699 32.3141 28.1534 9.84593 
18.8287 10.9422 32.8237 27.5549 9.8505 
20.3026 10.3421 33.6038 25.9551 9.79631 
20.368 10.7438 33.675 25.3615 9.85172 
21.3588 10.6728 33.4564 24.7151 9.79692 
21.5938 11.0886 32.6574 24.8944 9.76572 
21.2447 10.7682 33.9406 24.2383 9.80823 
20.4115 10.354 33.0848 26.2758 9.874 
18.975 10.1001 32.3885 28.6763 9.86007 
19.6102 9.95801 33.6789 26.9149 9.83801 
21.3095 10.7312 32.1787 25.9943 9.78626 
22.6918 10.3039 32.2931 24.8799 9.8314 
22.5399 10.0773 32.2659 25.2758 9.84107 
24.3399 9.90188 32.8503 23.1242 9.78376 
23.8816 9.90589 32.9417 23.424 9.84683 
22.6446 10.0849 33.9195 23.4422 9.90875 
22.9077 10.0729 33.1183 24.0687 9.83243 
23.8458 9.93561 32.6975 23.7058 9.81535 
24.6422 9.93856 31.6996 23.8412 9.87843 
21.5519 9.89236 32.0037 26.6898 9.86229 
22.4682 9.86926 31.848 25.9603 9.85422 
21.0501 9.99598 31.4148 27.7041 9.83509 
18.7548 10.1222 31.8565 29.38 9.88649 
19.1372 10.0161 30.9432 30.0053 9.8982 
19.282 10.1036 31.5544 29.1746 9.88541 
20.4194 10.2913 31.1964 28.2101 9.88282 
20.7687 10.1146 32.0578 27.1485 9.91036 
20.1945 10.437 32.8011 26.7072 9.86024 
20.1272 10.1586 33.0173 26.8266 9.87024 
19.2099 10.7196 31.4477 28.8097 9.81317 
18.7793 10.5586 31.9318 28.9308 9.79955 
17.9999 10.4152 33.1864 28.5138 9.88467 
19 10.2076 33.0638 27.7863 9.94233 
19.7848 10.0089 31.0889 29.2412 9.87623 
18.9138 11.5794 31.4466 28.2292 9.83108 
18.0196 11.753 31.0138 29.4051 9.80851 
18.7621 10.8301 32.2252 28.3248 9.85781 
19.078 10.415 32.7793 27.7988 9.92891 
19.7875 10.3317 32.2281 27.7193 9.9334 
18.6997 10.6883 31.935 28.785 9.89207 
18.5002 10.5729 31.1636 29.9154 9.848 
19.953 10.2385 31.716 28.2165 9.87608 
21.0357 10.4152 30.344 28.2827 9.92246 
22.5479 10.4708 30.0216 27.1113 9.84845 
22.2802 10.4241 31.8347 25.6626 9.79844 
18.3932 11.0762 31.5038 29.1893 9.83749 
19.5091 11.1631 30.5956 28.8134 9.91875 
19.8184 10.5336 30.9528 28.7837 9.91145 
19.9092 10.2668 32.1951 27.6731 9.95572 
20.3647 10.023 31.7127 28.0321 9.86745 
19.965 11.0674 29.8315 29.2335 9.90267 
19.6344 10.597 30.1056 29.8066 9.8564 
18.9081 10.9411 32.1375 28.2262 9.78713 
20.3093 10.5692 30.049 29.2447 9.82778 
20.489 10.1478 30.0701 29.516 9.77711 
19.0954 10.0429 29.7866 31.2176 9.8575 
18.8935 10.0059 30.3139 30.8736 9.91317 
18.9634 9.98782 31.169 29.9383 9.94148 
19.0792 9.94747 31.6836 29.3654 9.9243 
19.7498 9.92869 32.6586 27.7458 9.91711 
20.6534 9.90447 32.7964 26.7471 9.89867 
20.6115 11.756 30.9551 26.8229 9.8544 
20.6716 11.2134 32.7032 25.6066 9.80525 
20.6077 10.5916 31.9105 27.0027 9.88752 
21.1147 10.2507 32.1715 26.5644 9.89871 
21.7394 10.3969 31.1017 26.8605 9.90143 
21.0738 10.1304 31.7073 27.2057 9.88269 
21.8321 10.0351 32.7211 25.5005 9.91122 
20.6083 9.94063 32.3606 27.2118 9.87869 
20.3919 9.94107 33.2855 26.4714 9.9101 
21.1569 9.92549 31.6578 27.3498 9.91001 
19.0244 9.86139 31.0316 30.229 9.85365 
18.8455 9.9307 32.6825 28.6145 9.92683 
18.8865 10.0127 32.745 28.5028 9.853 
18.7705 9.8993 31.9688 29.5419 9.81947 
19.0673 9.86294 32.8919 28.3548 9.82303 
20.2699 9.83945 32.2435 27.8277 9.81949 
20.8711 9.8277 32.3794 27.104 9.81772 
21.1931 9.91385 31.9473 27.0369 9.90886 
23.2149 9.84651 31.1156 25.979 9.84402 
23.8745 9.8922 30.4646 25.8777 9.89095 
22.6515 9.81623 30.8167 26.8999 9.81561 
21.6876 9.84233 33.8294 24.7986 9.84201 
22.3469 9.82914 32.7123 25.2827 9.82898 
20.8456 9.8326 32.9135 26.5758 9.83252 
20.3906 9.90022 33.3378 26.4712 9.90018 
22.736 10.8133 32.4669 24.1476 9.83609 
23.3281 10.8884 30.3531 25.529 9.90143 
22.9269 10.393 31.2175 25.5631 9.89952 
21.7711 10.1196 31.6087 26.6277 9.87284 
21.1933 9.98286 30.8813 28.0831 9.8595 
20.5345 9.96038 30.9686 28.6378 9.89869 
20.6774 9.86978 32.0458 27.5681 9.83894 
19.8771 10.6272 31.7152 27.9379 9.84254 
21.1187 10.2825 31.5408 27.1677 9.89022 
20.8686 10.1241 32.4371 26.6423 9.92793 
21.1486 9.93217 31.3159 27.7692 9.83409 
21.7783 10.15 30.3737 27.9314 9.76654 
19.5558 10.075 31.5202 28.9657 9.88327 
19.9603 9.90073 33.5412 26.7929 9.80486 
19.9801 10.3472 32.3262 27.5234 9.82306 
18.7072 10.1078 31.2947 30.0446 9.84574 
18.2165 9.9034 33.0386 29.0691 9.77237 
17.9122 9.93509 33.1306 29.1525 9.86957 
17.9697 10.5798 31.5313 30.0524 9.86676 
14.8359 11.141 32.4323 31.6929 9.89792 
15.6061 10.4485 33.4635 30.6548 9.82701 
17.867 10.1763 33.0257 29.0654 9.86558 
18.2893 9.99615 31.5435 30.3303 9.84077 
17.0788 9.93819 32.0891 31.0334 9.8605 
17.2621 9.95352 32.3997 30.47 9.91468 
18.3444 9.91307 32.4419 29.407 9.89364 
19.4948 9.95653 31.3822 29.2196 9.94682 
21.3603 9.97827 31.3363 27.3517 9.97341 
20.965 9.8942 30.3833 28.8657 9.89177 
19.6156 9.90066 33.4579 27.1264 9.89944 
19.5212 9.88664 31.0602 29.646 9.88603 
20.9619 9.81345 30.7898 28.6217 9.81314 
19.6141 9.86028 31.1844 29.4811 9.86013 
18.4672 9.8321 32.9125 28.9562 9.83203 
19.3851 9.91605 32.2138 28.569 9.91601 
20.63 9.95803 32.0444 27.4095 9.95801 
21.5955 9.85706 31.8759 26.8145 9.85705 
22.4591 10.2001 32.0721 25.3881 9.8806 
21.7974 9.98964 33.3862 24.9969 9.82989 
22.635 10.1395 30.841 26.4856 9.89887 
22.4286 9.99039 31.2935 26.4174 9.87007 
21.3105 9.96314 32.6339 26.1895 9.90298 
21.2902 10.3784 32.5074 25.9519 9.87213 
21.4884 10.1591 31.9164 26.5302 9.90594 
20.6484 10.9901 33.0508 25.4057 9.90505 
19.9515 10.464 32.985 26.678 9.92147 
19.1372 10.2009 32.7969 27.9353 9.92968 
21.4939 9.98553 33.0651 25.6056 9.8499 
21.9271 9.96171 31.2841 26.9332 9.89389 
20.997 9.83035 33.535 25.8412 9.79644 
20.5614 9.78939 34.0631 25.8137 9.77244 
21.1241 9.86457 31.4894 27.6659 9.8561 
20.1299 9.87056 31.6398 28.4934 9.86632 
19.1704 9.88736 32.593 28.464 9.88524 
20 20 20 20 20 
19.7633 20.7249 19.9112 20.429 19.1716 
19.8479 18.8928 23.0468 20.2652 17.9473 
18.9091 20.6515 25.1598 19.5406 15.739 
17.5298 21.2771 26.0755 19.9473 15.1704 
17.7393 21.4291 27.6745 19.0548 14.1023 
16.6821 23.2146 28.5694 18.5676 12.9663 
15.3586 22.7915 29.7452 20.0294 12.0753 
14.8222 21.3036 29.9648 21.0746 12.8349 
12.5037 19.6796 30.0287 24.7734 13.0147 
13.3788 20.3075 28.1547 26.3065 11.8525 
11.8659 20.1537 28.7832 28.2121 10.9851 
11.5974 20.4255 30.5136 26.8511 10.6124 
12.118 20.4123 30.0018 27.1728 10.2951 
11.9076 21.7887 28.3037 27.9213 10.0787 
11.5972 22.181 27.583 28.6333 10.0055 
10.7639 22.8688 28.5721 27.2497 10.5455 
11.0097 23.7721 28.68 26.2872 10.2511 
11.1761 22.7657 29.0391 25.8751 11.1441 
10.8453 21.3381 28.8372 26.8078 12.1716 
10.3506 20.8854 29.4426 28.3077 11.0137 
10.8928 20.3082 29.7437 26.9341 12.1212 
10.8762 21.4663 28.3334 28.0598 11.2642 
10.3819 23.0927 27.3128 27.6254 11.5872 
10.4421 21.1354 28.0399 28.8812 11.5013 
10.1979 22.7205 27.3302 29.0239 10.7275 
10.4323 20.9158 27.9984 29.8453 10.8082 
10.7583 22.988 26.1679 28.4166 11.6692 
11.6887 21.8512 26.6554 28.0178 11.787 
12.8078 21.4279 29.1953 25.6528 10.9163 
13.0445 22.1723 28.3997 25.5868 10.7967 
13.0543 23.2001 27.8578 24.7886 11.0991 
12.0436 23.3372 30.3608 22.723 11.5354 
12.7455 23.5268 28.5056 24.1977 11.0244 
12.97 23.2217 27.9102 25.0618 10.8363 
13.3455 21.3783 30.2342 24.6239 10.4181 
13.9983 20.6892 31.1636 23.8236 10.3254 
13.6902 18.3738 31.2752 26.5103 10.1505 
13.9397 18.759 31.1782 25.8678 10.2554 
13.6915 18.1059 31.0372 27.0848 10.0805 
15.3885 17.47 29.5889 27.6128 9.93977 
14.5663 17.8582 29.7234 27.9059 9.94619 
14.819 17.4219 30.5315 27.3501 9.8774 
13.51 17.8019 29.8591 28.986 9.84301 
14.3637 17.5966 29.5431 28.6235 9.87319 
13.9838 18.2255 31.12 26.3642 10.3065 
13.7834 18.8317 31.0167 26.2969 10.0713 
13.3433 19.0933 30.0245 26.9201 10.6188 
13.6596 18.7033 29.5905 27.7974 10.2491 
12.8539 18.2673 30.3374 28.1156 10.4258 
13.0609 19.2074 30.0336 27.5713 10.1269 
12.8258 19.2889 29.7868 28.0714 10.0271 
12.633 19.4531 30.4436 26.4759 10.9944 
12.5058 20.1634 29.4208 27.437 10.4729 
11.2774 18.5376 30.3967 28.3018 11.4865 
12.0217 16.952 30.5648 29.7537 10.7078 
13.6652 16.3772 30.0972 28.8275 11.0329 
13.4909 15.7263 30.7521 29.2379 10.7928 
13.5473 15.9777 32.0825 27.6261 10.7663 
14.0729 15.7747 31.4914 27.195 11.4659 
14.5553 15.9074 31.0339 27.8832 10.6202 
14.0446 15.9738 30.9305 28.6033 10.4479 
13.0937 17.7488 31.1795 27.5159 10.4621 
13.7469 17.1411 29.8564 28.558 10.6977 
14.0861 17.8615 29.5981 28.2154 10.2388 
14.7354 17.9452 30.1837 26.2471 10.8886 
13.279 19.0711 30.3628 26.5472 10.7399 
14.3218 19.6918 30.0251 25.5132 10.4481 
14.0137 19.1099 30.241 26.4622 10.1733 
14.3239 19.9208 29.3888 26.2799 10.0866 
14.1568 20.064 27.3887 27.9068 10.4837 
13.236 18.899 28.4727 29.2243 10.168 
13.5276 18.3691 28.6836 29.4363 9.98348 
12.9493 18.334 30.9655 27.8625 9.88865 
12.9381 18.9231 29.751 28.4434 9.94432 
11.4073 18.4739 30.4311 29.7773 9.91043 
12.1874 18.8379 29.5547 29.4772 9.94275 
13.2746 18.5945 29.9369 28.1694 10.0246 
13.373 18.7532 29.4762 27.9448 10.4527 
13.5444 18.2295 30.0748 27.9375 10.2139 
12.1568 17.8327 30.2938 29.6098 10.1069 
13.0193 17.2711 30.314 29.4578 9.93779 
11.7259 16.6508 30.1697 31.5228 9.93073 
12.3444 16.9233 30.1642 30.7085 9.85954 
13.4799 16.795 29.4411 30.3542 9.92977 
13.5875 17.9582 29.5784 29.0014 9.87445 
12.9162 17.6526 31.1157 28.4038 9.91171 
14.283 16.9165 30.6772 28.2602 9.86302 
13.3128 17.5262 31.0817 28.2359 9.84335 
14.0443 17.6022 32.0316 26.519 9.80294 
15.1407 17.4351 29.9333 27.6925 9.79838 
15.6391 17.8445 28.8556 27.8674 9.79337 
15.0218 17.094 30.2173 27.7841 9.88283 
14.8835 17.6623 29.8539 27.699 9.9012 
15.3158 16.3115 32.381 26.0542 9.93748 
15.1105 17.2343 30.5537 27.2548 9.84679 
15.9822 15.9205 32.1308 26.1274 9.83912 
15.0017 16.5581 32.3352 26.1589 9.94602 
15.6309 13.8346 32.2923 28.3911 9.85106 
16.3869 15.203 30.5747 27.9098 9.92553 
17.122 15.4312 30.8093 26.7296 9.90782 
15.9734 15.8018 30.3642 27.9201 9.94043 
18.0732 14.8173 29.015 28.2252 9.86935 
17.7866 15.3253 28.9519 28.0015 9.93468 
16.8478 14.1968 31.2373 27.7791 9.93893 
15.7985 14.473 31.9903 27.9014 9.83672 
16.4007 15.3057 30.8367 27.6394 9.8175 
17.2261 13.8133 31.4642 27.7166 9.77981 
16.2187 14.3714 30.9434 28.5062 9.96033 
17.5379 12.7571 32.9003 26.8245 9.98016 
17.3991 13.3649 31.6556 27.6588 9.92159 
18.1281 11.9682 32.2564 27.6866 9.96079 
18.7415 10.9694 31.6707 28.6527 9.96573 
19.4598 11.7162 31.414 27.5311 9.87901 
20.6494 11.7489 31.2242 26.5529 9.82456 
18.8042 12.3072 32.8636 26.1419 9.88304 
19.3092 11.8811 31.7569 27.1577 9.89508 
18.4117 12.1553 31.8389 27.7031 9.89104 
17.4667 12.5994 31.5716 28.4892 9.87306 
15.6498 13.7925 30.7714 29.9507 9.83566 
15.3099 13.3334 31.254 30.2448 9.85795 
13.1463 13.4586 32.101 31.4519 9.84227 
16.0747 12.3368 31.0038 30.6792 9.90556 
15.695 13.0753 30.8172 30.5048 9.90773 
16.5753 12.3069 32.2725 29.0098 9.83552 
16.9771 12.991 33.2303 26.8981 9.90352 
17.8453 12.6359 30.7964 28.7999 9.92252 
17.0552 11.2878 31.5127 30.2132 9.93114 
18.2873 11.6499 31.3719 28.7703 9.92052 
18.9987 10.8974 31.628 28.588 9.8878 
19.0499 10.6453 31.6848 28.7603 9.85963 
18.5884 10.3076 32.4587 28.7306 9.91471 
17.7279 11.3285 33.2474 27.7689 9.92723 
17.7465 11.2516 32.2398 28.9274 9.83468 
17.6376 11.2293 32.7865 28.5442 9.8024 
16.6032 11.6027 31.8124 30.1404 9.84132 
17.8604 10.8013 32.0827 29.3349 9.92066 
18.5456 10.2823 31.278 30.0521 9.84199 
17.661 10.4043 33.0732 29.0063 9.8552 
19.2342 10.1711 31.1329 29.5653 9.89655 
19.0846 9.96721 30.2114 30.9069 9.82993 
20.1435 9.88867 31.0867 29.061 9.82003 
18.5891 10.1494 32.2626 29.1993 9.7996 
20.0201 9.96428 31.2733 28.953 9.78939 
19.4528 10.0905 32.3549 28.2536 9.84826 
20.1951 10.8265 32.7399 26.3143 9.92413 
22.3332 10.3981 31.7778 25.5438 9.94696 
21.4607 10.1991 32.3595 26.0072 9.97348 
20.9943 10.0849 33.0419 25.9068 9.97208 
21.4879 9.996 34.168 24.4085 9.9396 
22.6058 9.95295 32.9999 24.5166 9.92475 
23.7649 10.4476 30.4817 25.4802 9.8256 
26.2137 10.6378 31.0052 22.2942 9.84911 
26.4096 10.2119 31.8635 21.6976 9.81752 
27.1269 10.0461 31.2012 21.7769 9.84888 
26.5485 9.9484 31.72 21.9332 9.84981 
25.8125 9.86717 30.8447 23.6578 9.81787 
24.3125 9.93358 31.3599 24.4851 9.90894 
24.3184 9.92175 30.5448 25.3056 9.90942 
24.7399 9.96087 29.7885 25.556 9.95471 
24.7538 9.934 30.5289 24.8523 9.93092 
24.1053 9.90527 30.2336 25.8521 9.90373 
22.7454 9.92251 30.7795 26.6309 9.92174 
22.4304 9.92921 31.2551 26.4565 9.92882 
24.0915 10.3158 30.8449 24.9339 9.81391 
24.583 10.0833 31.8404 23.661 9.83233 
25.729 10.0416 31.3889 22.9242 9.91616 
27.3505 10.4725 30.492 21.7425 9.94251 
28.932 10.2212 30.956 19.9347 9.95615 
27.3998 10.0002 32.0395 20.6929 9.86766 
27.0737 9.86331 30.4574 22.8085 9.79705 
28.1473 9.80178 28.8651 23.4172 9.76866 
26.6522 9.77511 29.9986 23.8155 9.75854 
25.1003 9.88755 30.967 24.1658 9.87927 
27.4474 9.90953 31.4082 21.3295 9.90539 
26.6575 9.84435 30.5306 23.1253 9.84228 
27.8835 10.5729 31.7036 19.9531 9.8869 
28.6105 11.2801 30.9938 19.2825 9.83304 
29.7141 11.4577 30.1195 18.918 9.79073 
30.6214 10.6651 30.6649 18.217 9.83167 
29.8217 10.2222 32.2094 17.9413 9.80543 
29.5367 10.0431 34.302 16.2836 9.83469 
29.8598 9.89958 31.7851 18.6601 9.79539 
29.4945 9.90474 30.9076 19.8405 9.85265 
30.7347 9.81131 31.4413 18.2275 9.78526 
30.0638 9.85773 30.2574 19.9764 9.84471 
28.8756 9.97772 33.2069 18.1315 9.80835 
28.5051 9.88183 34.1875 17.6284 9.79714 
29.3901 10.1397 32.6901 17.9885 9.79154 
30.6326 10.3823 33.0638 16.0255 9.89577 
29.31 10.3799 32.7269 17.7612 9.8221 
31.2124 10.108 31.7733 17.0773 9.82908 
30.2216 10.4386 31.2713 18.231 9.83762 
28.0737 11.2799 31.1238 19.7215 9.80096 
29.2618 10.4842 31.6519 18.8573 9.74477 
30.5039 10.1628 32.9688 16.5715 9.79302 
30.548 10.0156 35.0699 14.5358 9.83072 
28.8561 9.93317 35.1469 16.2231 9.84073 
30.0627 9.92014 32.2793 17.8639 9.87393 
29.9087 9.86805 30.8636 19.5148 9.84494 
30.3653 9.89978 32.2126 17.6341 9.88822 
31.6186 9.96719 33.7534 14.8724 9.7884 
32.9477 10.3295 32.7572 14.1972 9.76841 
33.7557 10.3661 34.1638 11.9644 9.74998 
33.9161 10.1194 35.2348 10.9185 9.8113 
33.9826 10.4278 35.4088 10.3672 9.81362 
32.4712 10.1674 37.209 10.292 9.86037 
32.5112 10.3623 35.3201 11.8909 9.91552 
32.6273 10.0484 32.8518 14.6475 9.82502 
32.5474 9.89434 32.1726 15.603 9.78264 
33.8599 10.1196 33.3277 12.8015 9.89132 
33.6507 10.5793 34.6833 11.2709 9.81579 
32.2459 10.2741 34.6314 12.9563 9.89232 
32.534 10.045 34.1869 13.38 9.85413 
32.7227 9.92757 31.6504 15.8672 9.83213 
32.5651 9.90205 30.9487 16.7299 9.85434 
32.0914 9.91426 34.7758 13.3282 9.8904 
33.7208 9.89344 34.2669 12.2373 9.88151 
33.7883 9.80565 33.4344 13.172 9.79969 
32.4806 9.8411 33.2295 14.6107 9.83812 
32.5736 9.92055 32.2814 15.3053 9.91906 
32.4633 9.86224 32.4806 15.3324 9.86149 
32.0892 9.78549 33.5542 14.7859 9.78511 
31.3094 9.87717 35.4687 13.4677 9.87698 
31.7208 9.89354 33.35 15.1423 9.89345 
30.056 9.83636 32.1324 18.139 9.83631 
31.1722 10.4041 32.6806 15.966 9.77709 
31.3925 10.202 32.3081 16.2088 9.88855 
31.4195 9.97523 31.2484 17.5384 9.81849 
30.3515 9.97204 32.2908 17.4919 9.89367 
29.8424 9.98602 31.6454 18.5793 9.94683 
31.2222 9.85194 30.713 18.3806 9.83235 
31.2876 9.87647 30.208 18.7612 9.86667 
32.3105 9.95615 33.5628 14.3985 9.77204 
33.4984 11.4356 33.0175 12.1808 9.86757 
33.7013 11.3685 32.9471 12.0836 9.89954 
33.8056 11.2206 34.2936 10.8861 9.79406 
33.8931 10.4647 35.108 10.7828 9.7514 
33.3453 10.5378 34.2742 11.9831 9.85962 
33.3895 10.2388 32.4986 13.9735 9.89969 
33.2582 10.2277 31.5744 15.0363 9.90341 
33.3527 10.0627 34.2172 12.4669 9.90051 
32.9968 9.92748 33.2807 13.9486 9.8464 
33.7824 9.90201 32.6897 13.7644 9.86147 
32.779 9.93543 32.2327 15.1377 9.91516 
31.541 9.96772 32.177 16.3567 9.95758 
32.8513 9.9528 31.1506 16.0976 9.94773 
32.0297 12.0234 32.6894 13.4179 9.83964 
33.1488 10.9961 33.3229 12.628 9.90424 
33.6439 10.483 31.4651 14.4711 9.93702 
33.1771 10.2259 31.6204 15.0237 9.95293 
33.4597 10.0209 31.301 15.3339 9.88444 
34.2145 9.91844 30.8345 15.1823 9.8502 
33.9073 10.5592 33.0173 12.5912 9.9251 
33.6203 10.6764 33.0166 12.8035 9.88318 
33.3166 10.3062 32.2134 14.2543 9.90954 
33.6018 10.3026 33.7147 12.4428 9.93816 
34.8009 10.0744 34.0881 11.1445 9.89216 
33.8017 9.97349 35.3562 10.9862 9.88238 
34.3931 9.94031 34.7059 11.0659 9.89475 
33.761 9.87813 34.5309 11.9747 9.85535 
34.326 9.92349 33.7763 12.0621 9.9121 
34.0287 9.88712 33.0076 13.1952 9.88142 
34.8391 9.92845 32.818 12.4889 9.92561 
34.2907 9.8722 32.82 13.1463 9.87078 
33.9137 9.81415 31.1966 15.2622 9.81344 
32.6258 10.5409 34.0842 12.9128 9.8363 
20 20 20 20 20 
21.848 16.4083 22.2206 20.0596 19.4635 
23.1628 15.6669 25.8864 18.6865 16.5974 
21.7897 17.0001 27.5265 19.5516 14.132 
21.3162 16.2606 30.1712 19.7536 12.4984 
20.7468 15.8908 30.1632 21.9611 11.2381 
18.8791 14.842 32.5529 22.4748 11.2512 
18.4883 15.8897 32.5177 21.7942 11.3101 
19.0194 17.046 31.9892 20.7848 11.1607 
17.9572 17.0846 32.0905 20.6664 12.2013 
17.5152 15.4159 32.675 21.974 12.42 
18.1253 15.4363 31.56 23.0479 11.8306 
17.8097 16.4652 31.2646 22.7533 11.7073 
18.2013 16.3984 29.4514 24.1907 11.7582 
17.2429 16.2267 31.6982 23.7926 11.0396 
17.6811 17.173 31.1014 23.5935 10.451 
18.4649 15.6288 31.161 23.4165 11.3288 
18.3972 15.123 31.5898 23.7732 11.1168 
17.7436 15.4137 31.6148 22.8566 12.3713 
17.8048 16.6398 31.5642 22.5945 11.3966 
17.4332 17.0877 32.2513 22.4347 10.7931 
17.4666 16.7257 31.4666 23.9446 10.3965 
17.5171 15.3448 31.2738 25.2606 10.6037 
18.0443 16.3629 30.875 23.4636 11.2542 
17.2574 14.652 31.5551 24.673 11.8624 
16.321 13.576 32.3641 26.5192 11.2197 
15.1117 13.9831 32.8894 27.162 10.8537 
15.6046 13.6989 33.6398 26.6298 10.4269 
15.7231 13.2851 32.7853 27.4238 10.7827 
15.2645 14.2882 31.0771 28.275 11.0953 
15.2981 14.0091 30.5271 28.7828 11.3829 
16.0223 15.4974 31.053 26.8316 10.5957 
14.3048 14.6251 32.1932 28.4508 10.4261 
13.2438 13.9116 31.8326 30.8497 10.1623 
11.9663 14.6755 31.9496 30.8643 10.5443 
12.2332 15.7468 30.4066 30.8867 10.7267 
12.0974 15.1701 30.7535 31.2328 10.7461 
12.3135 14.0862 31.807 31.4557 10.3376 
12.5549 14.2706 31.6618 30.7752 10.7375 
11.4959 14.4169 32.3358 31.407 10.3445 
12.5661 14.5051 31.7181 30.7753 10.4354 
11.8783 14.9906 32.2876 30.3876 10.4558 
12.2354 17.0015 30.2179 30.379 10.1662 
13.0689 17.5251 29.6211 29.7017 10.0831 
13.0562 16.3713 30.7526 29.8267 9.99323 
14.3735 13.6891 30.833 30.8384 10.2659 
13.6978 14.5841 29.4214 32.2497 10.047 
13.9918 15.6456 29.2385 31.1369 9.98717 
13.3638 16.3134 30.7749 29.4836 10.0643 
12.0088 15.1785 31.7313 31.0856 9.99585 
13.4616 17.2469 29.5576 29.1125 10.6214 
13.4294 16.7574 31.1663 27.8338 10.8131 
12.6183 14.7643 31.1253 29.941 11.5511 
12.1344 14.6637 30.9753 30.8685 11.3581 
13.1594 15.6061 28.9628 30.3279 11.9438 
12.6038 15.8753 29.3007 30.4651 11.755 
12.417 16.3309 28.0796 31.5395 11.6329 
12.81 16.8452 29.1987 30.4397 10.7064 
12.3229 16.9975 30.5414 29.1087 11.0295 
13.9628 17.4822 29.8097 27.9113 10.8339 
13.3696 16.9721 30.8754 28.452 10.331 
13.4917 17.3969 30.1654 28.7062 10.2397 
13.7079 16.42 32.1713 26.6316 11.0692 
12.3019 18.8637 30.1292 27.1172 11.5879 
11.9009 18.9319 30.0646 28.0586 11.0439 
13.2144 18.5458 28.4706 29.2835 10.4857 
14.1133 17.5054 27.6735 30.5013 10.2065 
14.5008 18.5542 28.1048 28.7742 10.066 
14.1032 18.1603 30.0422 27.4582 10.2361 
15.3411 17.3696 30.2843 26.7554 10.2496 
15.3729 16.5177 30.1552 27.8686 10.0856 
15.602 15.6467 30.6449 27.9185 10.1879 
15.2813 15.8286 30.808 26.9514 11.1307 
16.5465 15.9296 28.2539 26.7072 12.5628 
16.4764 15.9075 31.4446 24.6817 11.4897 
16.3429 16.0585 30.3109 25.5578 11.7299 
17.8275 13.5848 32.3512 25.2128 11.0237 
16.7108 14.3419 32.8835 25.4777 10.5861 
17.2387 14.4045 30.9088 27.2058 10.2423 
17.5804 12.5269 32.2076 27.6289 10.0562 
18.662 13.8276 31.4884 25.9939 10.0281 
18.931 13.8471 30.8109 26.4636 9.94739 
19.1729 14.5033 31.2299 25.1999 9.89391 
19.3521 15.4548 29.8077 25.4906 9.89487 
19.0591 14.9253 30.8421 25.3417 9.83175 
18.1047 13.2674 32.4395 26.3912 9.79714 
18.8407 14.7025 30.5055 26.1585 9.79275 
17.9135 14.3375 31.2801 26.6409 9.82788 
17.197 14.4313 30.4445 28.1249 9.80221 
18.176 13.272 30.1518 28.2878 10.1124 
18.6624 13.4179 29.8366 28.1067 9.9764 
17.6415 15.1577 29.0457 28.1808 9.97435 
17.1758 14.3674 30.7108 27.798 9.94801 
17.4114 13.1997 32.8688 26.5995 9.92053 
16.7702 13.3203 32.8322 27.1438 9.93338 
17.0287 12.1123 33.1714 27.8006 9.8869 
16.8943 12.4807 32.6472 28.1461 9.83172 
16.0147 12.9971 31.729 29.3433 9.91586 
15.9308 13.0559 31.8481 29.2892 9.87596 
16.4914 12.4528 31.9645 29.24 9.85128 
17.7124 11.2931 30.9156 30.22 9.85897 
15.4022 12.3318 32.8673 29.5947 9.80414 
15.7913 12.5319 32.3488 29.5188 9.80923 
17.9531 12.8752 31.979 27.4031 9.78967 
17.52 13.0202 30.8354 28.8276 9.7968 
17.0706 13.7308 32.8564 26.5391 9.80303 
18.0657 13.9096 30.5166 27.6342 9.87389 
17.8734 12.7519 29.896 29.6142 9.86448 
17.154 13.6183 31.104 28.3169 9.80689 
17.228 12.9675 30.9479 28.9678 9.88878 
19.9528 12.7679 31.8674 25.5495 9.86242 
20.2828 13.0692 32.5075 24.3346 9.80586 
20.3655 11.8567 31.3798 26.5931 9.80489 
21.6653 11.0156 30.0794 27.3954 9.84431 
21.0338 10.8239 30.1259 28.2092 9.80721 
20.3061 11.1348 31.9304 26.7552 9.87348 
19.4751 10.5109 31.7844 28.3493 9.88025 
18.8035 10.6126 32.2384 28.4604 9.88518 
18.7677 10.2054 32.8339 28.3512 9.84172 
18.3866 10.9199 31.3754 29.4111 9.90701 
18.8659 10.6683 30.4198 30.1817 9.86422 
18.0785 10.6656 32.6451 28.7796 9.83125 
16.8427 11.5466 33.0855 28.6962 9.82892 
18.0705 10.7441 32.0398 29.2604 9.88522 
18.5794 10.3578 32.829 28.3054 9.92836 
18.2641 10.1647 33.0812 28.5402 9.94994 
18.1557 9.96398 32.2211 29.8026 9.85663 
18.2998 10.0252 31.8166 30.031 9.82745 
18.9422 9.90875 32.0804 29.2588 9.80987 
18.4969 10.2552 31.7995 29.6724 9.77599 
18.8815 10.0206 32.8722 28.4448 9.78096 
18.2903 10.4675 32.9553 28.5292 9.75774 
17.6959 10.1613 33.1443 29.1921 9.80641 
17.3275 10.0514 33.8236 28.9235 9.87396 
16.8534 9.91076 33.1474 30.2664 9.82204 
17.7561 10.0574 33.9207 28.3985 9.86729 
18.522 9.92485 33.2808 28.4426 9.82979 
19.5508 9.88996 34.0317 26.6851 9.84243 
19.8945 9.8557 32.9385 27.4794 9.83193 
20.0039 9.88535 33.0415 27.1958 9.87347 
19.3215 9.97226 32.645 28.2429 9.81839 
18.8915 9.90921 32.1687 29.1984 9.83227 
19.357 9.83626 32.5044 28.5045 9.79779 
20.7057 9.90302 31.9622 27.5453 9.88379 
20.5091 9.95151 32.0748 27.5227 9.9419 
22.4533 9.94564 32.0013 25.6589 9.94083 
22.1548 9.91294 33.3659 24.6558 9.91053 
22.4809 9.92723 33.2034 24.4624 9.92603 
24.0569 10.1851 31.6334 24.2565 9.86808 
22.5467 10.2755 31.5179 25.8478 9.81209 
21.5764 10.1377 32.4256 25.9542 9.90604 
22.7514 9.97685 31.857 25.5538 9.861 
23.2584 9.9267 30.7433 26.2028 9.86877 
22.6355 9.83756 31.5666 26.1517 9.8086 
21.6163 9.84415 33.3953 25.3147 9.82967 
22.5992 9.84745 33.1155 24.5976 9.84021 
24.0215 9.80538 33.1258 23.2456 9.80176 
24.5107 9.87257 32.6774 23.0686 9.87076 
25.2988 9.90523 31.4008 23.4908 9.90432 
25.7058 10.4422 29.9437 24.0599 9.8483 
23.964 10.1417 31.3211 24.7284 9.84479 
24.9508 10.5396 30.973 23.6142 9.92239 
27.613 10.3157 30.6241 21.593 9.85416 
26.531 10.098 30.8809 22.6229 9.8672 
28.2838 10.9098 32.4734 18.4543 9.87866 
31.4732 10.3629 31.5741 16.7425 9.8473 
31.2487 10.1513 31.6003 17.1062 9.89353 
31.3476 10.2643 32.4668 16.1003 9.82098 
31.7211 11.2132 33.801 13.4555 9.80914 
32.2668 10.6066 33.9317 13.2903 9.90457 
33.3858 10.4151 33.1001 13.1947 9.90436 
33.1016 10.7803 34.1971 12.0153 9.90574 
32.4118 10.3751 33.2617 14.0137 9.93776 
32.7713 10.0507 32.5883 14.7576 9.8321 
31.7211 9.97745 34.1855 14.2478 9.86813 
33.9034 9.88169 32.9949 13.393 9.82703 
32.458 10.9535 31.2126 15.5573 9.81858 
32.1095 10.5082 32.7447 14.8541 9.7835 
32.0548 10.1772 33.757 14.1963 9.81483 
31.1217 9.9628 31.8156 17.3183 9.78163 
32.1102 10.4391 34.0416 13.5887 9.82039 
30.3863 10.1559 35.0144 14.5969 9.8465 
29.7299 10.03 34.1206 16.2441 9.87533 
30.6467 9.88226 32.9895 16.6766 9.80492 
30.5074 9.84911 33.2126 16.6205 9.81044 
29.0195 9.98785 33.5367 17.6457 9.81028 
31.8237 9.84829 32.1405 16.428 9.75951 
32.0192 9.78992 35.03 13.4154 9.74553 
32.3647 9.87938 34.1817 13.717 9.85719 
