5 80000 300 266
12 12 12 12 12 12 12 12 
14.1421 13.2131 14.2514 10.8634 12.5574 8.95082 8.95082 15.071 
15.3217 12.9636 14.2041 11.6535 12.9965 7.45106 7.45106 16.9584 
16.6716 13.8765 13.8601 12.6828 14.5296 6.7128 6.7128 14.4537 
16.2047 14.2607 13.5421 15.0846 14.15 6.30722 6.30722 13.8935 
15.9402 13.833 15.5278 14.5153 14.7507 6.12658 6.12658 13.0549 
13.2596 14.6559 16.7283 14.7743 16.8965 6.01429 6.01429 11.5943 
14.5011 15.7438 16.6315 15.4565 15.5275 5.97744 5.97744 10.1536 
13.4876 18.4748 15.5403 16.8758 15.6639 5.9513 5.9513 8.03936 
11.4657 18.6288 16.1647 19.1934 15.5445 5.96621 5.96621 7.0627 
11.0343 19.5535 16.2424 20.4595 14.3211 5.94568 5.94568 6.49393 
9.81557 20.3993 17.0145 19.2713 13.8799 6.62897 5.93727 7.05131 
7.91729 20.9177 18.2749 20.0369 13.5397 6.90477 5.92534 6.48236 
6.97845 20.3103 19.7315 20.464 13.4035 6.96724 5.93297 6.21148 
7.30901 21.1248 19.4152 20.565 13.0681 6.47089 5.95375 6.09301 
7.22958 20.0619 18.2367 21.6717 14.6546 6.19765 5.93908 6.00871 
6.61376 21.3029 18.9943 19.781 15.0315 6.30462 5.96851 6.00332 
6.26025 18.9934 20.8443 21.4967 14.407 6.10568 5.93762 5.95503 
7.19477 19.6338 21.5877 20.1019 13.5208 6.04011 5.95608 5.96478 
7.08697 19.869 21.4709 18.8531 14.7292 5.9888 5.94679 6.05531 
7.8867 19.0447 18.0977 20.5494 16.5277 5.9605 5.9395 5.99376 
7.60315 19.3677 18.585 19.8108 16.6659 5.96994 5.95944 6.03811 
7.6251 18.3113 19.4886 20.6407 15.98 5.97517 5.96992 6.00925 
7.01703 17.1414 20.7819 21.4088 15.8232 5.93774 5.93511 5.95478 
6.77954 17.605 21.554 19.8945 16.3747 5.92837 5.92706 5.93689 
6.85319 17.1439 21.8014 18.3863 17.9922 5.93979 5.93914 5.94406 
6.3769 18.6651 19.027 18.8722 18.727 6.48957 5.91988 5.92234 
6.1634 18.8315 17.9686 19.3004 19.0712 6.79384 5.93489 5.93612 
6.03813 18.0776 19.8246 17.8971 19.7016 6.61269 5.92388 5.92449 
5.97222 18.9675 18.2117 18.0626 20.696 6.2595 5.91509 5.9154 
6.43079 20.1309 17.5609 19.0522 18.5943 6.36566 5.9325 5.93265 
6.50487 20.7942 16.7764 17.3196 20.2283 6.4723 5.95208 5.95215 
6.54741 19.0268 16.9133 19.2247 20.156 6.21732 5.95721 5.95725 
6.2535 18.9073 15.9819 19.7638 21.0881 6.08846 5.9584 5.95842 
6.58367 18.9727 16.5581 19.401 20.0631 6.45104 5.93511 6.03532 
8.0439 18.2673 17.7315 19.6178 17.7795 6.58296 5.96342 6.01353 
7.59338 20.1145 17.6078 19.3505 16.9388 6.43647 5.96679 5.99184 
8.86134 19.4322 18.2328 18.4576 16.7129 6.39711 5.94676 5.95928 
8.14617 19.5357 17.3966 17.8275 19.0253 6.17096 5.94578 5.95204 
8.02319 18.9154 16.7545 17.2817 20.2715 6.61978 5.93547 6.19847 
8.78083 18.6885 16.7362 18.5896 18.8537 6.33553 5.94209 6.0736 
7.85474 19.0133 17.4684 18.8605 18.4237 6.37356 5.97001 6.03576 
7.02937 21.0734 16.7784 20.2609 16.6777 6.18362 5.98185 6.01473 
6.57188 18.9687 19.1387 20.7814 16.1791 6.44487 5.94951 5.96594 
6.28391 18.0717 19.7828 19.537 16.2196 7.13504 5.97272 6.9972 
6.8578 18.1615 21.1482 19.9871 14.8311 6.62763 5.93718 6.44942 
6.42676 17.9673 19.9424 22.1991 14.4819 6.31167 5.96645 6.70437 
6.17759 19.1626 19.3113 22.2293 14.7354 6.12004 5.94743 6.31639 
6.0455 19.877 18.6313 22.9415 14.4427 6.01673 5.93042 6.1149 
5.99831 22.3721 17.711 21.8321 14.1289 5.98392 5.94077 6.03301 
5.95532 19.8507 20.3744 21.7213 14.251 5.94813 5.92655 5.97267 
5.93465 16.6458 21.9076 22.5811 15.1362 5.93105 5.92026 5.94332 
5.94168 17.3485 22.9538 21.3931 14.5425 5.93989 5.93449 5.94602 
6.49197 16.9083 22.7987 20.339 15.6136 5.94936 5.94666 5.95243 
6.53472 17.0383 21.377 20.9276 15.8336 6.43064 5.92762 5.9305 
6.9074 17.1643 18.7775 19.8672 19.1908 6.19813 5.94662 5.94806 
8.29425 17.409 18.3295 18.9313 18.707 6.45898 5.93459 5.93531 
8.17848 16.6552 18.6272 19.992 18.3121 6.36499 5.93482 5.93518 
10.7203 15.4934 18.458 18.2848 18.9421 6.17715 5.96206 5.96224 
8.94375 17.1324 19.1835 19.2675 17.5484 6.04648 5.93894 5.93903 
7.89812 16.2898 18.7671 20.0867 18.8207 5.98491 5.93114 6.22155 
6.93909 17.7241 18.0768 20.73 18.4358 5.98249 5.9556 6.15618 
6.71078 19.3296 17.9119 20.992 17.0819 5.9668 5.95336 6.05365 
6.33224 19.8081 20.2018 19.5368 16.2036 5.96025 5.95353 6.00367 
6.98634 19.1176 20.1009 18.8695 17.0344 5.95765 5.95429 5.97936 
6.89123 20.6159 19.9749 16.7702 17.2011 6.64657 5.9437 5.95624 
6.39346 20.3987 20.9285 16.8885 17.0473 6.27113 5.9197 6.15272 
6.99629 20.2764 19.6052 18.5764 16.4531 6.10913 5.93342 6.04993 
7.85298 20.6759 18.4048 19.1269 15.9147 6.01156 5.9237 6.08948 
7.486 19.6816 19.6028 19.1853 16.0219 6.12035 5.90957 5.99246 
7.69984 18.354 20.353 19.6646 15.6249 6.23763 5.95239 6.11374 
8.18518 18.0209 19.3672 20.4681 15.9627 6.06679 5.92417 6.00484 
7.08453 18.8494 17.6238 20.7634 17.1298 6.60072 5.95403 5.99437 
6.77376 18.9429 19.5052 20.1937 16.203 6.41434 5.97349 5.99366 
6.38252 18.4039 19.8833 20.9356 16.1625 6.25728 5.98239 5.99247 
7.36721 18.8902 18.5719 22.3275 14.8741 6.07964 5.9422 5.94724 
8.17735 19.2289 19.9799 21.1751 12.8409 6.7372 5.929 5.93153 
7.33543 17.4608 22.2735 21.6265 12.6975 6.72358 5.94069 5.94195 
7.00488 18.7994 20.7455 22.0331 13.1382 6.35374 5.96229 5.96292 
6.48186 17.7421 22.8321 21.9049 12.7988 6.15628 5.96056 6.12339 
7.73195 18.2722 20.458 22.7489 12.6868 6.07215 5.97429 6.05571 
8.96151 18.4355 21.3755 22.2662 10.9294 6.02971 5.98078 6.02148 
10.0363 17.9991 23.2325 20.8105 9.94498 6.00171 5.97725 5.9976 
10.1039 18.1907 21.0525 20.8219 11.8965 6.06458 5.9298 5.93998 
9.40491 18.8601 20.4086 22.8227 10.5365 6.03229 5.9649 5.96999 
8.20713 17.9581 21.5945 25.0796 9.24021 5.99512 5.96142 5.96397 
8.04445 18.4618 23.2973 22.8846 9.48464 5.95322 5.93638 5.93765 
7.87765 17.002 24.6004 22.5869 10.164 5.92842 5.92 5.92063 
8.43055 16.4797 23.234 23.232 10.874 5.91929 5.91508 5.9154 
7.22946 17.8734 21.0142 23.3181 12.8247 5.91473 5.91262 5.91278 
7.26056 17.2049 23.2675 21.8153 12.5972 5.95216 5.9511 5.95118 
7.56287 17.404 21.1843 22.0812 13.7268 6.09718 5.97181 5.97185 
7.78397 16.7071 22.0915 23.1117 11.7554 6.6064 5.97193 5.97195 
7.49834 17.5834 20.5812 22.8028 13.2738 6.29831 5.98107 5.98108 
8.35776 17.6301 20.8335 22.1337 13.0132 6.11633 5.95771 5.95771 
9.34261 18.9536 19.1069 22.4649 12.2371 6.01786 5.93855 5.93855 
8.54186 20.8981 20.9113 20.3695 11.385 5.99116 5.95151 5.95151 
7.73952 21.2475 22.2358 21.0486 9.94644 5.94061 5.92078 5.92078 
8.12377 19.8099 22.7702 22.1766 9.35053 5.92961 5.9197 5.9197 
8.01596 18.8973 24.5228 21.5475 9.13955 5.96226 5.9573 5.9573 
9.03983 17.4104 23.4716 21.4107 10.7481 5.97476 5.97228 5.97228 
9.57173 19.6508 20.5441 21.1328 11.2031 5.96665 5.96541 5.96541 
9.36702 20.4929 20.7433 20.1868 11.4261 5.92835 5.92773 5.92773 
8.78704 22.1152 19.0837 22.1515 10.0691 5.93135 5.93104 5.93104 
7.70141 19.9634 22.7098 20.9994 10.7598 5.9555 5.95534 5.95534 
7.04219 21.1832 22.5564 20.3245 11.1371 5.91892 5.91885 5.91885 
8.35535 21.1579 22.7423 18.8639 11.0934 5.92908 5.92904 5.92904 
8.40899 18.1953 23.924 19.9397 11.7526 5.92646 5.92644 5.92644 
8.16624 18.5239 23.4374 20.8305 11.3408 5.90039 5.90038 5.90038 
8.75845 18.4178 22.2382 22.4282 10.3457 5.93721 5.9372 5.9372 
9.04414 15.7135 22.2886 24.6175 10.5605 5.92524 5.92524 5.92524 
10.1243 14.7895 24.0295 24.0034 9.34188 5.9038 5.90379 5.90379 
9.48392 15.558 25.7562 23.2942 8.0723 5.9451 5.94509 5.94509 
9.70885 16.0572 24.1364 25.2233 7.01628 5.95268 5.95268 5.95268 
9.50908 14.7853 23.7048 26.0501 8.23787 5.90427 5.90427 5.90427 
8.12381 13.8617 24.184 28.2541 7.82513 5.91709 5.91709 5.91709 
7.68922 11.7673 28.0948 27.0716 7.53988 5.94574 5.94574 5.94574 
8.26287 10.1546 29.3641 26.9379 7.30455 5.91838 5.91838 6.13929 
9.68699 10.0773 27.5292 27.6356 7.1245 5.9453 5.9453 6.05576 
10.492 9.50169 27.1537 27.8345 7.049 5.97126 5.97126 6.02648 
8.97409 10.1602 29.4394 26.4904 6.96017 5.9827 5.9827 6.01032 
7.5726 10.8305 28.6047 28.7431 6.42539 5.93665 5.93665 5.95046 
7.15486 10.3029 29.56 28.9686 6.18495 5.94059 5.94059 5.94749 
8.45548 9.38767 28.7723 29.5036 6.10916 5.9228 5.9228 5.92625 
8.41693 7.66681 28.1699 31.9139 6.02756 5.93437 5.93437 5.9361 
8.37513 7.15261 29.7629 30.9287 5.97988 5.93329 5.93329 5.93415 
9.16623 8.19935 29.3907 29.4046 5.97714 5.95384 5.95384 5.95427 
9.15337 7.37389 30.7254 29.0952 5.92172 5.91007 5.91007 5.91029 
8.2778 6.89924 30.656 29.8409 6.66198 5.888 5.888 5.8881 
7.75418 6.5192 29.5845 31.7008 6.33235 5.87715 5.87715 6.35469 
7.15464 6.2582 28.7392 33.6328 6.16478 5.93718 5.93718 6.17595 
7.09349 6.08269 33.0053 29.8966 6.03598 5.92218 5.92218 6.04156 
8.39647 5.9785 32.418 29.4975 5.95515 5.89825 5.89825 5.95794 
8.59314 5.98288 30.8587 30.736 5.9712 5.94275 5.94275 5.9726 
9.22713 5.97755 32.9293 28.0069 5.97171 5.95749 5.95749 5.97241 
9.60682 6.3626 31.5119 28.7133 5.95482 5.9477 5.9477 5.95517 
10.88 6.15356 29.0981 30.0766 5.94967 5.94611 5.94611 5.94984 
11.6093 6.52011 27.9637 30.1746 5.98775 5.91423 5.91423 5.9161 
9.06391 6.22302 28.13 32.8651 5.95684 5.92008 5.92008 5.92101 
8.21133 6.06814 32.199 29.836 5.93505 5.91668 5.91668 5.91714 
8.20171 6.00017 31.9187 30.1722 5.93363 5.92444 5.92444 5.92467 
9.80825 5.97436 28.8211 31.6456 5.94109 5.9365 5.9365 5.93661 
11.5811 5.93749 25.9789 32.8259 5.92086 5.91856 5.91856 5.91862 
11.5513 6.07067 27.6128 31.1101 5.91464 5.91349 5.91349 5.91352 
11.8981 6.09656 26.1971 32.0274 5.94566 5.94508 5.94508 5.9451 
9.8576 6.29312 28.069 32.0904 5.92268 5.92239 5.92239 5.9224 
9.5659 6.91 26.5345 33.3167 5.91833 5.91819 5.91819 5.91819 
9.49499 7.29444 29.4976 30.0091 5.92601 5.92593 5.92593 5.92594 
9.33789 6.61332 29.5087 30.8238 5.9291 5.92907 5.92907 5.92907 
9.97316 6.27078 29.7309 30.3105 5.92867 5.92865 5.92865 5.92865 
11.9369 6.11411 28.7662 29.4106 5.94306 5.94305 5.94305 5.94305 
10.4556 6.0218 29.6876 30.0899 5.93627 5.93627 5.93627 5.93627 
10.2704 5.99385 30.1847 29.7467 5.95109 5.95109 5.95109 5.95109 
10.1352 5.99693 32.4495 27.5162 5.97555 5.97554 5.97554 5.97554 
11.6341 6.00479 30.7817 27.9195 5.91499 5.91499 5.91499 5.91499 
12.1686 6.03046 29.4972 28.6569 5.9117 5.9117 5.9117 5.9117 
13.7179 5.99233 27.1914 29.3666 5.93295 5.93295 5.93295 5.93295 
12.7729 5.99156 28.8799 28.5082 5.96187 5.96187 5.96187 5.96187 
13.3263 5.9222 26.8145 30.3076 5.90736 5.90735 5.90735 5.90735 
11.9135 5.94979 27.3006 30.8242 6.1847 5.94237 5.94237 5.94237 
12.5722 5.9749 26.0349 31.4121 6.09235 5.97118 5.97118 5.97118 
11.2027 5.98745 28.6841 30.1227 6.04617 5.98559 5.98559 5.98559 
9.94563 5.94454 28.0306 32.2745 5.97391 5.94362 5.94362 5.94362 
11.3268 5.92235 26.1938 32.8543 5.93703 5.92188 5.92188 5.92188 
9.25232 5.89755 31.0414 30.2118 5.90489 5.89732 5.89732 5.89732 
7.98132 5.89477 29.8415 32.7 5.89844 5.89465 5.89465 5.89465 
7.66828 5.92078 32.3699 30.3563 5.92261 5.92072 5.92072 5.92072 
7.84603 5.93216 29.5579 32.9345 5.93308 5.93213 5.93213 5.93213 
8.85932 5.91194 31.6579 29.9226 5.9124 5.91192 5.91192 5.91192 
8.48785 6.1719 31.296 30.2753 5.94242 5.94218 5.94218 5.94218 
8.46715 6.02712 29.1473 32.7093 5.91238 5.91227 5.91227 5.91227 
10.2 5.95474 31.1283 29.1277 5.89737 5.89731 5.89731 5.89731 
10.0822 5.91331 30.7777 29.6884 5.88463 5.8846 5.8846 5.8846 
10.0258 5.94745 28.6557 31.6387 5.93311 5.9331 5.9331 5.9331 
11.5918 5.93425 28.1436 30.622 5.92708 5.92707 5.92707 5.92707 
11.8673 5.91356 26.7504 31.8288 5.90997 5.90997 5.90997 5.90997 
12.1046 5.88399 26.2708 32.2119 5.8822 5.8822 5.8822 5.8822 
11.6712 5.87359 26.8976 31.6597 6.27986 5.8727 5.8727 5.8727 
11.7678 5.86438 26.5459 32.1627 6.06751 5.86393 5.86393 5.86393 
12.8221 6.02419 25.2639 32.2955 5.97493 5.87314 5.87314 5.87314 
13.2563 5.98829 26.1736 30.8799 5.96366 5.91276 5.91276 5.91276 
14.7602 5.97321 25.8887 29.6106 5.96089 5.93545 5.93545 5.93545 
14.139 5.9182 26.9509 29.3819 5.91204 5.89932 5.89932 5.89932 
14.8281 6.14876 25.8892 29.6047 5.88706 5.88069 5.88069 5.88069 
14.9925 6.64581 26.969 27.7815 5.9052 5.90202 5.90202 5.90202 
14.2909 7.23723 26.5569 28.2925 5.90681 5.90522 5.90522 5.90522 
14.1791 6.60027 25.2815 30.2013 5.93506 5.93426 5.93426 5.93426 
12.693 6.23117 26.6063 30.8765 5.89856 5.89817 5.89817 5.89817 
12.7465 6.07558 26.8231 30.7183 5.90928 5.90908 5.90908 5.90908 
12.6338 5.99887 26.0173 31.6874 5.91572 5.91562 5.91562 5.91562 
12.8605 6.94239 28.5288 28.092 5.8941 5.89405 5.89405 5.89405 
11.6934 6.41237 29.5121 28.8293 5.88823 5.8882 5.8882 5.8882 
10.2816 6.13895 29.3483 30.7237 5.87688 5.87686 5.87686 5.87686 
10.907 5.99206 30.7089 28.9479 5.86103 5.86102 5.86102 5.86102 
11.7962 5.96144 29.193 29.4657 5.89592 5.89591 5.89591 5.89591 
11.0418 5.93079 27.9853 31.45 5.89803 5.89803 5.89803 5.89803 
9.70071 5.96224 32.6046 27.949 5.94586 5.94586 5.94586 5.94586 
9.9016 5.90938 32.7006 27.8837 5.90119 5.90119 5.90119 5.90119 
11.5406 5.92009 33.0719 25.8035 5.916 5.916 5.916 5.916 
11.6875 5.91863 30.5892 28.1384 5.91658 5.91658 5.91658 5.91658 
11.9259 5.8819 29.4336 29.2351 5.88088 5.88088 5.88088 5.88088 
11.3201 5.86303 30.0577 29.3091 5.86252 5.86252 5.86252 5.86252 
13.0674 5.91058 27.8308 29.3889 6.07136 5.91033 5.91033 5.91033 
14.9458 5.88535 27.3369 28.2105 5.96573 5.88522 5.88522 5.88522 
14.5595 5.9348 26.2669 29.0659 6.36869 5.93474 5.93474 5.93474 
14.0558 5.96312 26.4715 29.4402 6.18007 5.96309 5.96309 5.96309 
14.6678 5.93164 26.3976 29.1679 6.04011 5.93162 5.93162 5.93162 
14.4024 5.94201 25.6988 30.1346 5.99625 5.942 5.942 5.942 
14.795 5.95735 27.3545 28.0366 5.98447 5.95735 5.95735 5.95735 
14.7479 5.97013 27.7798 27.608 5.98369 5.97013 5.97013 5.97013 
16.8501 5.91265 27.4492 26.1307 5.91943 5.91264 5.91264 5.91264 
15.3417 5.95632 28.2246 26.6487 5.95971 5.95632 5.95632 5.95632 
15.1404 5.95072 26.0788 29.0256 5.95242 5.95072 5.95072 5.95072 
15.2989 5.97221 26.4463 28.3929 5.97305 5.97221 5.97221 5.97221 
20.0388 5.90646 25.9665 24.4619 5.90688 5.90646 5.90646 5.90646 
23.2524 5.88508 24.7107 22.6113 5.88529 5.88508 5.88508 5.88508 
24.3177 5.89659 29.7514 16.4479 5.8967 5.89659 5.89659 5.89659 
26.0153 5.86983 29.9007 14.7348 5.86988 5.86983 5.86983 5.86983 
25.8096 5.91398 29.8457 14.7748 5.91401 5.91398 5.91398 5.91398 
26.6172 5.88341 30.8928 13.073 5.88343 5.88341 5.88341 5.88341 
30.3316 5.90223 30.249 9.90822 5.90224 5.90223 5.90223 5.90223 
30.7128 5.92616 31.7272 7.92916 5.92617 5.92616 5.92616 5.92616 
28.8677 6.11842 34.2293 6.95811 5.95661 5.95661 5.95661 5.95661 
29.753 6.03793 33.9232 6.45778 5.95703 5.95703 5.95703 5.95703 
32.2593 6.01376 28.8756 8.95806 5.97331 5.97331 5.97331 5.97331 
30.9503 5.971 31.8325 7.44315 5.95077 5.95077 5.95077 5.95077 
32.4394 5.90758 31.4195 6.64365 5.89746 5.89746 5.89746 5.89746 
35.2297 5.89496 29.0527 6.263 5.88991 5.88991 5.88991 5.88991 
30.796 5.89299 32.9358 6.81339 5.89046 5.89046 5.89046 5.89046 
30.9929 5.92077 32.7058 6.70251 5.91951 5.91951 5.91951 5.91951 
28.1861 5.9259 34.6977 7.48919 5.92527 5.92527 5.92527 5.92527 
29.2538 5.94917 31.9737 9.0279 5.94885 5.94885 5.94885 5.94885 
29.4102 5.91576 33.3243 7.68733 5.9156 5.9156 5.9156 5.9156 
30.0264 5.92328 33.5485 6.80907 5.92321 5.92321 5.92321 5.92321 
28.566 6.25414 33.0836 8.30499 5.94782 5.94782 5.94782 5.94782 
31.4948 6.08657 29.8595 8.82539 5.93341 5.93341 5.93341 5.93341 
33.3697 5.99438 27.746 9.21877 5.9178 5.9178 5.9178 5.9178 
33.537 5.93837 27.307 9.45835 6.05906 5.90008 5.90008 5.90008 
30.2468 5.92571 31.8274 8.29439 5.98605 5.90656 5.90656 5.90656 
32.343 5.88544 28.7099 9.51844 5.91562 5.87587 5.87587 5.87587 
29.1732 5.90956 33.5522 7.72606 5.92465 5.90478 5.90478 5.90478 
30.5895 5.94198 32.0677 7.63259 5.94952 5.93959 5.93959 5.93959 
33.2454 5.89857 27.9753 9.28625 5.90234 5.89737 5.89737 5.89737 
30.0704 5.92762 32.67 7.62146 5.92951 5.92703 5.92703 5.92703 
32.4265 5.91412 31.2418 6.76104 5.91507 5.91382 5.91382 5.91382 
29.4395 6.09162 33.2815 7.43251 5.93918 5.93856 5.93856 5.93856 
29.6214 5.99588 32.5258 8.17919 5.91967 5.91936 5.91936 5.91936 
28.0083 5.93912 33.6837 8.76531 5.90101 5.90086 5.90086 5.90086 
29.6143 5.90141 30.471 10.4841 5.88236 5.88228 5.88228 5.88228 
29.124 5.93036 30.2064 11.056 5.92083 5.92079 5.92079 5.92079 
28.3278 5.97151 32.1127 10.0375 5.88763 5.88761 5.88761 5.88761 
29.0439 5.94575 31.4164 9.97875 5.90382 5.90381 5.90381 5.90381 
29.522 5.97288 29.7851 10.9124 5.95191 5.9519 5.9519 5.9519 
31.4815 5.97513 28.4628 10.222 5.96465 5.96464 5.96464 5.96464 
32.7189 5.94707 27.9386 9.62812 5.94182 5.94182 5.94182 5.94182 
32.9158 5.95367 29.5322 7.79419 5.95104 5.95104 5.95104 5.95104 
33.0142 5.95697 29.9151 7.29114 5.95565 5.95565 5.95565 5.95565 
33.2315 5.92476 30.5555 6.59184 5.9241 5.9241 5.9241 5.9241 
34.1737 5.90355 29.8054 6.2371 6.17061 5.90323 5.90323 5.90323 
34.7389 5.90786 29.5142 6.07463 6.04138 5.90769 5.90769 5.90769 
31.676 5.94663 32.4943 6.03002 6.01339 5.94655 5.94655 5.94655 
31.2162 5.91449 33.2219 5.95618 5.94787 5.91445 5.91445 5.91445 
33.8124 5.92265 30.2024 6.35536 5.93934 5.92263 5.92263 5.92263 
32.3877 5.92429 28.6568 9.32583 5.93263 5.92428 5.92428 5.92428 
32.6971 5.90332 28.2173 9.56487 5.90749 5.90332 5.90332 5.90332 
32.5407 5.8876 27.7207 10.2985 5.88969 5.8876 5.8876 5.8876 
32.634 5.91901 29.2323 8.12443 6.33327 5.91901 5.91901 5.91901 
12 12 12 12 12 12 12 12 
13.2775 13.5916 14.0628 10.6597 13.644 8.98429 8.98429 14.7958 
14.8499 14.1272 12.31 12.9056 14.3489 7.47357 7.47357 15.5113 
16.7673 13.5354 13.2009 14.2816 13.7506 6.71173 6.71173 14.5406 
15.6637 13.7444 11.8583 16.4937 15.9249 6.33868 6.33868 13.3876 
14.6768 14.8401 12.881 17.2308 15.9838 6.16399 6.16399 11.9344 
15.8979 15.0401 14.9478 16.4964 15.1944 6.05694 6.05694 10.247 
13.8618 15.1964 15.8245 16.6507 17.2964 5.9849 5.9849 9.16913 
12.1069 15.1034 17.5396 18.108 17.3438 5.94276 5.94276 7.89719 
9.55344 15.0017 17.3198 19.804 19.4219 5.97138 5.97138 6.9486 
8.88906 15.3745 18.8404 18.8789 19.0389 6.59652 5.94457 6.43318 
9.34269 14.9617 18.1496 18.9933 20.1887 6.25655 5.93058 6.17488 
8.80822 15.346 18.1146 19.3026 20.3599 6.09048 5.92749 6.04965 
7.38217 16.346 18.3572 19.4736 20.0023 6.44127 5.9418 6.05513 
7.54895 14.1628 17.808 21.1074 21.1687 6.21556 5.96583 6.02249 
7.1705 14.6572 19.4578 19.3834 20.6679 6.7128 5.96097 5.9893 
7.32777 13.7158 20.6571 18.6737 21.312 6.35041 5.9745 5.98866 
6.63824 14.14 20.5337 17.542 22.297 6.66238 5.96161 6.2251 
6.27503 14.6852 19.6857 18.1397 22.3209 6.4374 5.93672 6.51936 
7.12459 14.8318 19.0023 18.9298 21.6669 6.28982 5.93172 6.22304 
7.35976 13.7978 19.2585 20.5408 20.96 6.0985 5.91945 6.06511 
6.64173 14.6298 20.1212 20.1098 20.5704 6.0111 5.92157 5.9944 
7.02457 15.7885 18.9832 20.2681 20.0495 5.97973 5.93497 5.97139 
6.57881 16.8859 18.0675 20.4771 20.1599 5.95245 5.93006 5.94827 
6.69388 17.0812 19.0947 19.9438 19.2771 5.97419 5.963 5.9721 
6.34394 18.0811 20.3865 18.4634 18.18 5.9841 5.9785 6.58246 
6.15705 18.209 21.5472 18.2935 17.5655 5.97712 5.97433 6.2763 
6.16177 18.7139 19.5609 19.9381 17.57 5.96903 5.96764 6.11862 
7.58822 17.271 18.271 20.8705 18.0093 5.97194 5.97124 6.04673 
6.79302 17.196 19.7135 21.1768 17.129 5.98488 5.98453 6.02228 
6.86654 17.9566 20.1091 18.8955 18.1859 5.98928 5.98911 6.00798 
7.33398 18.8567 18.7678 19.4275 17.6543 5.9835 5.98341 5.99285 
6.66485 20.0815 18.431 18.8679 17.8207 6.15021 5.98956 5.99428 
6.3054 19.7164 20.1885 19.0015 16.3158 6.04808 5.96775 6.4566 
6.13551 20.4244 20.5594 18.1964 16.4996 6.00685 5.96669 6.21111 
6.85896 21.476 19.0159 18.9883 15.6674 5.97046 5.95038 6.07259 
7.26787 20.9905 18.7504 18.8881 15.965 6.16705 5.95499 6.01609 
8.04241 20.9863 17.5225 19.2655 16.2414 6.04111 5.93508 5.96564 
8.17439 19.8783 19.2251 18.5324 16.2653 6.04105 5.9341 5.94938 
9.65453 19.4831 17.5129 18.1209 16.8283 6.46697 5.9363 5.99696 
8.63349 17.7001 18.3297 18.8644 18.2757 6.23233 5.967 5.99733 
8.33215 17.8709 17.4157 19.0582 19.3139 6.08646 5.95379 5.96896 
7.61613 18.9767 18.0281 17.0986 19.7496 6.59627 5.96351 5.97109 
7.35223 19.0848 18.6651 18.8546 17.781 6.29704 5.98066 5.98446 
6.64094 19.5927 18.629 19.2766 17.4835 6.46511 5.95516 5.95705 
6.31417 18.9875 19.0309 19.9324 17.5653 6.22625 5.97128 5.97222 
6.11627 19.0856 19.8726 19.9152 16.9459 6.17435 5.94482 5.9453 
6.94877 18.7962 20.3464 19.579 16.3068 6.08402 5.96926 5.96949 
6.42211 18.0744 20.0731 21.4692 16.1067 5.98973 5.93235 5.93247 
6.47903 17.7518 19.786 20.3751 17.6939 5.99051 5.96182 5.96188 
6.20876 17.5716 20.3914 19.5725 17.2775 7.07797 5.95016 5.95018 
6.71884 19.1363 20.601 18.6033 16.5796 6.49627 5.93236 5.93238 
6.70648 20.5362 21.629 18.107 14.5205 6.5952 5.95279 5.9528 
7.02649 17.8887 21.5053 19.0316 16.3063 6.25813 5.93692 6.04658 
8.73796 18.5511 18.5055 19.8529 16.2992 6.10659 5.94599 6.00082 
8.93018 19.3795 18.0864 18.6447 16.8679 6.11334 5.91757 6.06045 
8.11268 18.1634 18.8636 18.1888 18.086 6.59202 5.93297 6.06053 
7.87694 19.2699 18.0697 17.2339 17.9024 6.5629 5.95652 7.12772 
7.04047 19.5719 18.4986 18.291 17.784 6.2783 5.9751 6.5607 
7.74642 17.7621 19.1302 19.4431 17.4039 6.11534 5.96374 6.43511 
8.39835 18.7135 20.2355 20.2802 14.2327 6.01856 5.94277 6.17845 
7.88398 20.3545 19.7549 20.9678 13.1254 5.95713 5.91923 6.03707 
8.04124 20.5872 20.3413 20.4623 12.7116 5.94512 5.92617 5.98509 
7.33457 19.7703 21.973 21.3939 11.7046 5.93768 5.9282 5.95766 
6.61526 19.4805 21.7957 21.5062 12.7309 6.03242 5.91208 5.92681 
7.27496 20.7088 19.8244 21.8383 12.0247 6.45845 5.93154 5.9389 
6.58867 20.5133 22.2277 21.8726 10.7797 6.18042 5.91696 5.92064 
6.55875 22.4982 21.9409 20.7296 9.57918 6.78988 5.95086 5.9527 
6.8021 22.84 21.9363 19.8534 9.61913 7.08812 5.92998 5.9309 
7.14407 23.3194 20.4654 20.7088 10.0051 6.50496 5.92588 5.92634 
7.63264 22.4476 21.0812 21.0211 9.66922 6.28278 5.93264 5.93287 
9.61514 22.2297 20.5998 20.333 9.03579 6.09997 5.9249 6.1617 
7.75228 21.8721 21.0571 20.9838 10.1669 6.23508 5.90716 6.02556 
6.83472 23.1846 21.0019 20.9061 10.1131 6.07612 5.91216 5.97136 
6.43304 23.5947 21.3574 20.4048 10.3641 5.99343 5.91145 5.94105 
6.37128 22.3331 21.393 20.2619 11.6106 6.15148 5.93191 5.94671 
6.15962 22.1331 20.7337 21.841 11.0717 6.17363 5.93993 5.94734 
6.72501 22.0021 19.9659 21.7346 11.5504 6.12448 5.94688 5.95058 
6.55528 19.7962 22.2118 22.3733 10.8957 6.31525 5.92525 5.9271 
6.74239 19.0379 21.8586 22.6562 11.6605 6.14448 5.94948 5.95041 
6.97697 19.1343 21.386 22.506 11.5394 6.61792 5.91945 5.91991 
8.57939 17.2035 21.1779 23.8591 11.0424 6.27865 5.92942 5.92965 
7.81534 16.2941 21.6146 25.4552 10.9058 6.08805 5.91343 5.91355 
8.17596 16.4126 22.1217 25.2615 10.1277 6.02505 5.93774 5.9378 
7.65494 16.5918 24.39 23.3942 10.1953 5.9537 5.91005 5.91008 
7.27985 15.2602 24.2188 25.5661 9.85954 5.95304 5.93121 5.93123 
9.41388 15.9839 23.4116 23.9624 9.47522 5.92492 5.91401 5.91402 
9.07403 16.7894 22.402 23.8167 10.1174 5.93715 5.93169 5.93169 
8.20858 17.6737 22.2157 23.5238 10.1989 5.90582 5.90309 6.37039 
8.63159 17.026 22.3595 24.3451 9.56015 5.94892 5.94755 6.1812 
8.55982 18.3936 23.7129 21.5227 9.81986 5.95854 5.95786 6.07468 
8.20413 19.684 21.5317 22.1957 10.458 5.95627 5.95593 6.01434 
9.32219 20.4709 20.8916 21.7268 9.75729 5.93411 5.93394 5.96314 
8.15572 17.3591 22.8786 22.6914 10.6582 5.92404 5.92396 6.40899 
9.36983 15.0664 23.5439 23.207 10.7427 5.94256 5.94251 6.18503 
9.22456 15.7174 22.6415 24.9027 9.65525 5.91245 5.91243 6.03369 
7.94134 12.8523 26.6857 26.1517 8.60484 5.90117 5.90116 5.96179 
7.92702 12.2924 27.5311 26.3092 8.25876 5.88374 5.88373 5.91405 
7.40266 12.9584 26.0671 27.9033 7.89922 5.91806 5.91806 5.93321 
8.97477 10.6459 28.0726 26.5818 7.85586 5.95382 5.95382 5.9614 
9.62437 10.7339 25.8856 28.4279 7.55807 5.92212 5.92212 5.9259 
10.964 10.1444 25.77 28.6119 6.7895 5.90608 5.90608 5.90798 
10.6634 11.1603 27.6519 26.0287 6.69786 5.93232 5.93232 5.93326 
10.6134 11.0027 28.0513 26.0425 6.51794 5.9239 5.9239 5.92438 
10.5965 9.12453 28.0111 28.2387 6.22999 5.93297 5.93297 5.9332 
11.2554 7.97592 28.865 26.9707 7.19799 5.9116 5.9116 5.91172 
10.7647 6.93317 31.2133 26.4991 6.88667 5.901 5.901 5.90106 
10.8745 6.60496 29.0161 28.2281 7.43763 5.94622 5.94622 5.94625 
9.71567 6.81461 30.153 27.3963 8.1888 5.91053 5.91053 5.91055 
10.7167 7.13567 29.0579 28.0124 7.22356 5.95127 5.95127 5.95128 
11.7108 6.50499 28.6 28.8969 6.54894 5.91279 5.91279 5.9128 
13.3181 7.05168 26.783 28.7632 6.25954 5.94147 5.94147 5.94147 
12.4394 7.57208 25.6025 30.1331 6.45347 5.93316 5.93316 5.93316 
11.494 6.73963 29.4679 28.3577 6.18032 5.92017 5.92017 5.92017 
10.0852 7.04628 30.6898 26.6053 7.86957 5.90126 5.90126 5.90126 
8.46726 7.9752 29.112 29.5355 7.22246 5.89584 5.89584 5.89584 
10.4308 7.50873 27.0912 30.6833 6.56898 5.90566 5.90566 5.90566 
12.1341 6.75008 27.383 29.607 6.28021 5.94855 5.94855 5.94855 
11.3892 6.94647 28.1873 28.9491 6.78156 5.91545 5.91545 5.91545 
11.5001 6.44856 28.8977 28.9158 6.43868 5.93305 5.93305 5.93305 
9.75005 6.18724 32.1526 27.9394 6.1823 5.92949 5.92949 5.92949 
10.2672 6.0348 30.432 29.5159 6.03233 5.90592 5.90592 5.90592 
9.87043 6.50424 31.5976 28.3106 5.97669 5.91349 5.91349 5.91349 
10.1101 6.24046 29.793 30.0445 5.97668 5.94508 5.94508 5.94508 
11.4827 6.36786 28.6989 29.6366 5.96534 5.94954 5.94954 5.94954 
13.3729 6.93393 27.5074 28.4367 5.9432 5.93529 5.93529 5.93529 
12.621 7.76437 28.1466 27.8609 5.90475 5.9008 5.9008 5.9008 
12.6485 6.95517 26.3012 30.5118 5.89732 5.89534 5.89534 5.89534 
10.8488 6.46838 30.2518 28.6761 5.93946 5.93847 5.93847 5.93847 
10.0066 6.80562 29.6812 29.7693 5.93469 5.93419 5.93419 5.93419 
7.9736 7.0096 31.6015 29.6654 5.93764 5.93739 5.93739 5.93739 
9.31744 6.47376 28.8912 31.5669 5.93778 5.93766 5.93766 5.93766 
9.52281 6.16964 28.8948 31.5917 6.11624 5.90159 5.90159 5.90159 
8.54292 7.2865 29.5735 30.9219 5.9993 5.89197 5.89197 5.89197 
9.83548 6.61581 28.9636 30.8573 5.97221 5.91855 5.91855 5.91855 
11.4967 6.42425 27.1549 31.1489 5.96394 5.93711 5.93711 5.93711 
12.861 6.16987 25.4789 31.7716 5.93972 5.9263 5.9263 5.9263 
11.9183 7.04835 26.84 30.3675 6.01864 5.93571 5.93571 5.93571 
12.491 6.47907 25.6284 31.669 5.96422 5.92276 5.92276 5.92276 
11.9492 6.2025 29.4809 28.6493 5.94507 5.92434 5.92434 5.92434 
11.4792 6.0829 28.5019 30.1503 5.95419 5.94382 5.94382 5.94382 
10.9748 6.00048 27.6804 31.6154 5.93612 5.93094 5.93094 5.93094 
11.4564 6.72117 26.941 31.234 5.9138 5.91121 5.91121 5.91121 
9.75119 6.97306 28.413 31.2164 5.91256 5.91127 5.91127 5.91127 
10.4862 6.45683 30.7082 28.6445 5.92658 5.92593 5.92593 5.92593 
11.2814 6.17392 28.6089 30.228 5.98244 5.90847 5.90847 5.90847 
11.3784 6.11975 30.288 28.5566 5.94204 5.90506 5.90506 5.90506 
12.3337 6.04991 29.1806 28.6471 5.96105 5.94256 5.94256 5.94256 
13.3727 5.96613 27.5315 29.4706 5.9217 5.91246 5.91246 5.91246 
12.5834 5.9731 29.8787 27.7752 5.95088 5.94626 5.94626 5.94626 
12.5915 6.41558 29.5326 27.3645 6.32472 5.92369 5.92369 5.92369 
11.7708 6.50892 29.9032 27.8529 6.14143 5.94091 5.94091 5.94091 
10.7905 6.18167 30.2997 29.0372 5.99793 5.89767 5.89767 5.89767 
10.5274 6.04574 31.6351 28.1267 5.95386 5.90373 5.90373 5.90373 
10.5679 5.98699 30.7161 29.0399 5.94105 5.91599 5.91599 5.91599 
11.9818 5.95299 28.9874 29.3954 5.93003 5.91749 5.91749 5.91749 
11.8503 5.94525 30.5874 27.9008 5.93376 5.9275 5.9275 5.9275 
11.8898 5.91813 28.4749 30.0771 5.91239 5.90926 5.90926 5.90926 
11.2714 5.96594 29.9591 29.2997 5.87716 5.87559 5.87559 5.87559 
9.76791 5.95818 32.4176 28.2036 5.91379 5.913 5.913 5.913 
9.7411 5.97909 30.4231 30.0304 5.95689 5.9565 5.9565 5.9565 
10.9289 5.98224 26.0874 33.1174 5.97115 5.97095 5.97095 5.97095 
9.93327 5.94222 26.7031 33.675 5.93667 5.93657 5.93657 5.93657 
7.89456 5.89904 32.4206 30.2009 5.89626 5.89621 5.89621 5.89621 
8.64948 5.92758 31.2573 30.4609 5.92619 5.92616 5.92616 5.92616 
10.3687 5.94652 28.9725 30.9291 5.94583 5.94581 5.94581 5.94581 
8.83277 5.95833 30.5725 30.8045 5.95799 5.95798 5.95798 5.95798 
9.50488 5.92902 30.8467 30.004 5.92885 5.92884 5.92884 5.92884 
10.7947 5.91013 26.7527 32.9023 5.91004 5.91004 5.91004 5.91004 
9.69234 5.95344 26.8285 33.7121 5.9534 5.9534 5.9534 5.9534 
9.24432 5.90882 27.8433 33.3684 5.9088 5.9088 5.9088 5.9088 
9.8764 5.92051 27.9047 32.6164 5.9205 5.9205 5.9205 5.9205 
10.2836 5.92078 26.6168 33.4957 5.92078 5.92078 5.92078 5.92078 
8.9754 5.89677 31.987 29.5537 5.89677 5.89677 5.89677 5.89677 
10.5354 5.92965 30.048 29.7683 5.92964 5.92964 5.92964 5.92964 
10.5956 5.91564 29.0404 30.7858 5.91564 5.91564 5.91564 5.91564 
10.3928 5.89392 27.7326 32.405 5.89392 5.89392 5.89392 5.89392 
10.7789 5.94049 26.7304 32.7883 5.94049 5.94049 5.94049 5.94049 
8.69956 5.93192 31.5708 30.0701 5.93192 5.93192 5.93192 5.93192 
10.3572 5.92344 28.7244 31.3012 5.92344 5.92344 5.92344 5.92344 
10.0924 6.32379 29.1898 30.823 5.89276 5.89276 5.89276 5.89276 
12.6791 6.07785 28.317 29.4767 5.86233 5.86233 5.86233 5.86233 
12.4351 6.16907 30.7977 27.0118 5.89657 5.89657 5.89657 5.89657 
12.276 6.07724 29.4865 28.3964 5.94099 5.94099 5.94099 5.94099 
11.8619 5.98475 30.9048 27.582 5.91662 5.91662 5.91662 5.91662 
11.7266 5.93933 31.1695 27.5435 5.90527 5.90527 5.90527 5.90527 
10.2725 5.9679 30.3996 29.5566 5.95087 5.95087 5.95087 5.95087 
11.7478 5.95916 28.0097 30.4808 5.95064 5.95064 5.95064 5.95064 
11.636 5.95356 28.9677 29.6456 5.9493 5.9493 5.9493 5.9493 
10.6391 5.93168 29.5694 30.1416 5.92955 5.92955 5.92955 5.92955 
10.5083 5.95326 28.3067 31.423 5.9522 5.9522 5.9522 5.9522 
10.4122 5.97164 27.8805 31.8513 5.97111 5.97111 5.97111 5.97111 
12.192 5.96855 25.6357 32.3307 5.96828 5.96828 5.96828 5.96828 
12.7303 5.9778 25.8437 31.5375 5.97767 5.97767 5.97767 5.97767 
14.7472 6.49767 25.7874 29.3165 5.91281 5.91281 5.91281 5.91281 
13.1231 6.53426 30.0395 26.5679 5.93382 5.93382 5.93382 5.93382 
14.0361 6.24246 28.0096 27.9429 5.94224 5.94224 5.94224 5.94224 
15.2901 6.0624 24.7585 30.2398 5.91229 5.91229 5.91229 5.91229 
13.7492 6.98093 25.7545 29.8416 5.91845 5.91845 5.91845 5.91845 
13.7411 6.48853 30.0919 25.8493 5.95729 5.95729 5.95729 5.95729 
15.6101 6.18544 28.0712 26.454 5.91982 5.91982 5.91982 5.91982 
15.388 6.01531 26.9108 28.1559 5.8825 5.8825 5.8825 5.8825 
16.1011 5.92801 25.9333 28.5912 5.8616 5.8616 5.8616 5.8616 
16.2473 6.03778 28.233 25.8735 5.90211 5.90211 5.90211 5.90211 
18.2388 5.97941 25.9586 26.1769 5.91158 5.91158 5.91158 5.91158 
19.8208 6.04726 29.1664 21.0021 6.1932 5.92342 5.92342 5.92342 
20.0723 5.99126 28.0724 22.0118 6.06423 5.92933 5.92933 5.92933 
19.986 5.92205 27.4977 22.9624 5.95853 5.89109 5.89109 5.89109 
20.8726 5.89312 26.9433 22.7467 5.91137 5.87764 5.87764 5.87764 
20.2662 5.87662 28.0274 22.3374 5.88574 5.86888 5.86888 5.86888 
21.0629 5.87469 27.2274 22.3433 5.87925 5.87082 5.87082 5.87082 
23.6848 5.89902 27.8994 18.9242 5.9013 5.89708 5.89708 5.89708 
25.4631 5.88054 27.2256 17.9104 5.88168 5.87958 5.87958 5.87958 
26.0372 5.85087 32.8436 11.8658 5.85144 5.85039 5.85039 5.85039 
29.8881 5.88196 30.5957 10.1068 5.88224 5.88172 5.88172 5.88172 
33.1775 5.93936 27.9397 9.18631 5.9395 5.93924 5.93924 5.93924 
35.0049 5.91627 27.8741 7.53975 5.91634 5.91621 5.91621 5.91621 
30.7885 5.89931 33.004 6.71105 5.89935 5.89928 5.89928 5.89928 
31.8844 5.89973 32.1601 6.45689 5.89975 5.89972 5.89972 5.89972 
34.1949 5.91398 29.8866 6.34857 5.91399 5.91398 5.91398 5.91398 
30.034 5.8935 33.356 7.14254 5.8935 5.8935 5.8935 5.8935 
30.8153 5.88793 32.9805 6.76455 5.88793 5.88792 5.88792 5.88792 
31.8903 5.94081 29.8972 8.50846 5.94081 5.94081 5.94081 5.94081 
34.2635 5.89833 27.336 8.90888 5.89833 5.89833 5.89833 5.89833 
34.1336 5.87421 29.1159 7.37949 5.87421 5.87421 5.87421 5.87421 
34.6668 5.93711 28.9579 6.68974 5.93711 5.93711 5.93711 5.93711 
34.443 5.95859 29.4291 6.3349 5.95859 5.95859 5.95859 5.95859 
31.4478 5.9743 32.3518 6.32885 5.9743 5.9743 5.9743 5.9743 
33.3481 5.93746 30.8498 6.11474 5.93746 5.93746 5.93746 5.93746 
34.5647 5.93748 29.4093 6.33862 5.93748 5.93748 5.93748 5.93748 
31.1437 5.93904 32.8565 6.30462 5.93904 5.93904 5.93904 5.93904 
30.4857 5.90055 33.9282 6.08335 5.90055 5.90055 5.90055 5.90055 
29.4812 5.93041 34.8449 6.02181 5.93041 5.93041 5.93041 5.93041 
29.5041 5.90158 33.4094 7.5786 5.90158 5.90158 5.90158 5.90158 
29.8683 5.94082 30.9904 9.43714 5.94082 5.94082 5.94082 5.94082 
26.8889 5.9591 33.1043 10.2113 5.9591 5.9591 5.9591 5.9591 
28.427 5.94122 32.2316 9.63527 5.94122 5.94122 5.94122 5.94122 
26.6307 5.95074 34.4105 9.20505 5.95074 5.95074 5.95074 5.95074 
27.5681 5.90295 31.6891 11.2281 5.90295 5.90295 5.90295 5.90295 
25.652 5.90091 34.0327 10.8107 5.90091 5.90091 5.90091 5.90091 
27.5085 5.88697 31.6989 11.3577 5.88697 5.88697 5.88697 5.88697 
30.6992 5.86502 28.5373 11.4385 5.86502 5.86502 5.86502 5.86502 
33.2574 5.85804 28.8076 8.64476 5.85804 5.85804 5.85804 5.85804 
33.6597 5.84341 28.3382 8.78504 5.84341 5.84341 5.84341 5.84341 
33.1318 5.87575 30.1429 7.34657 5.87575 5.87575 5.87575 5.87575 
34.1406 5.92557 29.5706 6.66098 5.92557 5.92557 5.92557 5.92557 
34.2972 5.90396 29.8273 6.3557 5.90396 5.90396 5.90396 5.90396 
31.4773 6.15839 32.8495 6.08366 5.85779 5.85779 5.85779 5.85779 
33.8695 6.06985 30.35 6.03249 5.91955 5.91955 5.91955 5.91955 
34.5496 5.98897 29.8358 5.97029 5.91382 5.91382 5.91382 5.91382 
35.1639 5.94619 29.3186 5.93684 5.90861 5.90861 5.90861 5.90861 
35.2511 5.88663 29.5089 5.88196 5.86784 5.86784 5.86784 5.86784 
33.5347 5.86539 31.3129 5.86306 5.856 5.856 5.856 5.856 
33.6007 5.9327 30.8231 5.93153 5.928 5.928 5.928 5.928 
32.8315 5.91262 30.0563 7.55848 5.91027 5.91027 5.91027 5.91027 
35.1122 5.95803 28.7503 6.69519 5.87109 5.87109 5.87109 5.87109 
35.2859 5.88708 28.634 6.25566 6.40646 5.84361 5.84361 5.84361 
32.3265 5.85493 32.1651 6.03922 6.11462 5.8332 5.8332 5.8332 
31.8743 5.90912 32.4816 6.00126 6.03896 5.89825 5.89825 5.89825 
31.8241 5.87854 32.6151 6.11954 5.94346 5.8731 5.8731 5.8731 
34.463 5.88513 30.0814 6.00563 5.91759 5.88241 5.88241 5.88241 
31.0311 5.87262 33.6608 5.93287 5.88885 5.87126 5.87126 5.87126 
32.5532 5.93289 31.8133 5.96301 5.941 5.93221 5.93221 5.93221 
34.3654 5.95279 29.7292 6.1385 5.95685 5.95245 5.95245 5.95245 
34.6163 5.89675 29.9088 5.98961 5.89878 5.89658 5.89658 5.89658 
32.181 5.8838 32.4691 5.93022 5.88481 5.88371 5.88371 5.88371 
33.8505 5.9019 30.7145 5.92511 5.9024 5.90186 5.90186 5.90186 
12 12 12 12 12 12 12 12 
15.2402 13.6489 14.2649 10.8768 12.1088 8.97741 8.97741 13.9055 
14.7896 15.4837 16.6762 11.9095 11.222 7.46822 7.46822 13.9826 
15.6083 15.9554 17.219 13.193 12.1818 6.71152 6.71152 11.9194 
15.3732 17.2595 17.5598 13.5578 12.9418 6.33919 6.33919 10.3796 
16.2457 17.2971 16.6347 14.5254 14.0007 6.14901 6.14901 8.87344 
16.7875 16.8035 16.982 14.3983 15.5121 6.03067 6.03067 7.39289 
16.5727 17.5067 16.3099 14.658 16.2437 5.99887 5.99887 6.67998 
17.3054 17.3504 14.8005 16.5062 15.664 5.95302 5.95302 6.45181 
16.5582 16.9914 16.8972 16.2613 15.1729 5.95392 5.95392 6.20332 
15.8856 17.6235 17.1707 16.8528 14.4323 5.96885 5.96885 6.09354 
15.8266 18.3553 15.8986 17.3475 14.0107 5.94086 5.94086 6.67748 
13.323 18.1588 18.0859 17.4973 14.6734 5.96413 5.96413 6.33244 
10.8238 18.4446 17.3156 17.9058 16.4418 6.05178 5.94772 7.0684 
8.86359 19.9718 18.0759 17.9272 16.1598 5.98447 5.93244 7.0845 
8.36923 18.7777 19.5558 18.3487 16.0087 5.95879 5.93278 7.04818 
8.85941 19.0433 18.8734 18.0666 15.3722 5.97736 5.96436 7.8432 
8.48931 19.1825 19.6114 17.872 15.5484 5.96916 5.96265 7.36456 
9.55163 18.4882 20.0555 18.9256 14.4339 5.95024 5.94699 6.64794 
9.08433 19.1909 19.1767 20.1011 14.2382 5.95384 5.95222 6.30269 
7.56496 18.8125 19.1523 20.6551 15.7911 5.95016 5.94935 6.12459 
6.78139 19.6025 21.4082 18.5609 15.6382 5.97399 5.97358 6.0612 
6.72403 20.769 20.0589 19.3342 15.2384 5.94398 5.94378 5.98759 
7.11069 19.0962 19.7444 19.4876 15.9614 6.72067 5.9286 5.9505 
7.12678 19.5378 18.8784 20.1475 15.7447 6.72473 5.91461 5.92556 
6.75149 20.5021 18.419 20.1694 15.7894 6.49733 5.93286 5.93834 
6.40122 20.9729 18.6044 19.2673 16.3342 6.53953 5.93883 5.94157 
6.18178 20.7375 17.775 18.5249 17.0583 7.81998 5.95059 5.95196 
6.04706 19.4411 16.7876 18.9974 19.3345 7.2739 5.93146 6.18699 
5.98406 22.4947 16.2885 17.9965 18.3843 6.8716 5.92626 6.05402 
6.16423 22.5263 16.4021 18.7666 17.7017 6.4066 5.93392 6.09851 
6.0413 20.0897 17.4357 19.7915 18.1876 6.16248 5.92615 6.36558 
6.16467 20.339 17.6428 19.8349 17.8159 6.07313 5.95496 6.17468 
6.35929 19.3132 17.4895 19.2198 19.0559 5.99639 5.93731 6.62856 
6.91796 18.0159 18.6617 19.3191 18.9257 5.9577 5.92816 6.27378 
6.9758 19.5584 16.7213 18.63 20.1152 5.98598 5.92025 6.09306 
6.9238 18.8561 18.2068 19.8278 17.9038 5.96735 5.93448 6.37986 
6.55468 20.1497 17.4024 18.9861 18.7457 6.02491 5.95693 6.17962 
6.26703 19.4048 17.4641 19.3384 19.1667 6.00215 5.96816 6.38878 
6.54738 18.0532 18.7635 18.2301 19.8249 6.41494 5.97778 6.18809 
6.23935 19.5365 17.9666 19.677 18.3932 6.17313 5.95455 6.0597 
6.09647 17.6391 19.2759 18.7184 20.2461 6.06336 5.95407 6.00664 
6.28206 16.5807 20.2847 17.2199 21.4166 6.26551 5.96211 5.9884 
6.65167 17.2265 20.7807 17.7589 19.2189 6.43063 5.95978 5.97292 
6.32584 17.7712 19.3377 17.6689 19.9779 6.32058 5.97989 6.61804 
6.15034 19.4726 18.8408 18.4257 18.6891 6.14771 5.97737 6.29644 
6.02922 18.9814 18.4466 21.0837 16.8938 6.0279 5.94273 6.59461 
6.82011 18.2116 19.107 20.267 17.4321 5.97378 5.9312 6.25714 
6.38303 18.8355 19.8238 20.3497 16.6079 5.95986 5.93857 6.10154 
6.15717 18.3148 21.4103 18.9158 16.3685 5.94559 5.93495 6.95296 
6.66975 18.1077 21.1472 18.4082 17.024 6.23246 5.9509 6.4599 
6.77905 19.7427 18.0558 18.5865 18.607 6.08535 5.94457 6.19907 
8.48931 18.8514 19.56 17.9407 17.064 6.03602 5.96563 6.09288 
7.97202 18.3181 19.4712 17.2238 18.6492 6.05316 5.96471 6.34783 
7.14109 18.5708 20.2703 17.8098 18.0412 6.02123 5.97701 6.16857 
6.96129 18.7041 18.7466 18.1083 19.0852 6.02461 5.94868 6.4212 
6.43763 19.137 17.9217 19.4305 18.7899 5.96929 5.93133 6.38265 
6.3366 19.8456 18.7761 17.9139 18.8638 6.2179 5.91024 6.1359 
6.56807 20.298 18.9426 17.7494 18.3416 6.0984 5.94457 6.0574 
6.42305 18.2207 20.5139 17.5631 19.3165 6.02005 5.94314 5.99955 
6.54116 19.3212 19.247 16.9391 19.9801 6.0067 5.96824 5.99645 
6.46923 19.7055 19.3878 17.9533 18.5759 5.97753 5.95831 5.97241 
7.38686 20.0027 19.0365 18.6652 16.9581 5.98761 5.978 5.98505 
7.01511 19.4419 18.3178 19.1228 17.7448 6.43204 5.96103 5.96455 
6.49428 19.6214 20.1655 17.3601 18.2197 6.20274 5.96724 5.969 
7.70201 18.8377 19.4028 17.8242 17.199 7.0873 5.97307 5.97395 
7.70151 20.1776 18.5916 19.5576 15.0547 7.05441 5.93104 5.93148 
7.04353 20.39 19.2355 19.3571 15.6599 6.47901 5.91733 5.91755 
6.49146 21.7102 19.4966 20.8301 13.3451 6.26981 5.92836 5.92847 
6.19371 21.5487 19.6905 20.7041 13.8402 6.19849 5.91216 5.91221 
8.2773 20.8442 17.4704 20.5383 14.9527 6.06781 5.92465 5.92467 
7.24462 20.6535 19.0884 20.9878 14.1146 6.01807 5.94649 5.9465 
6.60991 19.8533 21.3255 19.6258 14.6672 5.99663 5.96084 5.96085 
6.68411 18.8041 19.712 21.9549 14.951 5.97655 5.95866 5.95866 
7.30411 19.8931 19.789 19.348 15.5112 6.28069 5.93692 5.93692 
7.22767 21.1423 19.6249 19.8733 14.0862 6.12979 5.95791 5.95791 
6.59629 21.5653 21.2159 20.9308 11.7215 6.04735 5.96141 5.96141 
6.46421 19.803 21.3607 22.2934 12.1331 6.01053 5.96756 5.96756 
6.34609 19.3609 22.1374 22.075 11.2957 6.00174 5.98026 6.80282 
7.24544 18.7868 20.4013 22.8588 11.6433 6.67734 5.98787 6.39915 
8.85738 19.261 20.9106 20.936 11.658 6.28693 5.94219 6.14783 
8.21281 17.8811 21.9317 21.4481 12.4047 6.12113 5.94876 6.05158 
8.76962 19.4328 21.0047 21.022 11.6428 6.03984 5.95366 6.1346 
9.75833 17.9077 19.7422 23.0929 11.5881 5.96881 5.92571 6.01619 
9.40723 17.2447 22.4987 22.3245 10.5772 5.98185 5.96031 6.00554 
7.64479 19.1355 23.2643 22.3012 9.73166 5.9321 5.92133 6.0691 
9.28722 19.3667 24.7603 19.7561 9.01156 5.91831 5.91293 5.98681 
9.77027 17.5241 22.4525 21.7598 10.7181 5.91452 5.91183 5.94877 
9.6841 17.063 22.1212 21.9046 11.3902 5.9404 5.93905 5.95753 
8.26028 15.368 23.5941 23.4858 11.5262 5.91926 5.91859 5.92782 
7.24369 16.1089 21.6261 24.075 13.0891 5.95108 5.95075 5.95537 
8.55566 17.5611 20.9815 22.3263 12.8021 5.9238 5.92363 5.92594 
