5 80000 300 266
14 14 14 14 14 14 14 
13 15.6667 12.4815 15.5926 14.5556 14.3333 13.3704 
13.7259 16.222 15.7922 16.1019 15.8326 11.1534 10.6719 
15.0848 16.3328 16.4047 15.986 17.1897 9.49638 9.25564 
13.8064 17.7861 18.1576 16.3822 16.5367 8.66318 8.54281 
13.518 16.8697 18.9037 17.7242 16.3423 8.31992 8.25973 
11.6526 17.4774 18.7072 18.2238 17.7456 8.09613 8.06604 
10.124 16.7052 18.9972 20.1182 17.9923 8.03129 8.01625 
11.2454 17.4144 18.7737 19.2275 17.4183 7.96021 7.95269 
10.5677 18.927 18.6176 19.394 16.6213 7.93615 7.93239 
11.3513 19.0141 18.1852 18.7981 16.2882 8.46246 7.89878 
10.8633 19.9927 17.9226 18.781 16.3118 8.20474 7.9229 
10.7059 19.49 20.4592 17.7238 15.7509 8.00532 7.8644 
11.4913 19.4548 18.2653 19.1298 15.9111 7.90891 7.83845 
10.9517 18.4042 19.6533 19.3263 15.6562 8.18439 7.82378 
11.3648 18.9799 19.8266 17.8854 15.9392 8.0922 7.91189 
12.3049 18.9822 17.8603 18.3246 16.5789 8.01961 7.92946 
11.0226 19.9889 19.9691 17.6038 15.6487 7.90591 7.86083 
10.8606 19.7106 20.3557 17.3172 16.0121 7.88308 7.86055 
11.0825 20.9423 20.1779 17.1369 14.9626 7.85459 7.84332 
10.5727 20.6389 20.7808 17.2686 14.9236 7.91052 7.90489 
10.6828 20.782 19.7516 18.326 14.6204 7.92002 7.9172 
10.0052 20.0439 19.4203 18.9244 15.8785 7.86456 7.86316 
8.96735 20.2643 20.1727 18.1626 15.8688 8.66797 7.89634 
8.40073 18.3118 21.2615 19.45 16.4597 8.25103 7.86522 
8.64228 19.976 21.1091 18.8366 15.4053 8.11185 7.91894 
9.12025 20.8139 21.1572 17.9004 15.1803 7.96217 7.86572 
9.35315 20.7555 21.1451 18.4273 14.235 8.22945 7.85443 
9.68724 20.9321 21.1269 17.9557 14.367 8.05929 7.87178 
9.3785 21.28 20.3309 17.9313 15.2067 7.98313 7.88938 
9.8498 19.4703 22.6654 18.14 14.0254 8.00533 7.84377 
9.9249 17.8873 21.6588 19.8309 14.9475 7.91571 7.83493 
11.7345 16.28 22.7933 19.9606 13.4557 7.90819 7.8678 
10.7871 16.0347 23.5248 19.248 14.5082 8.07309 7.82406 
9.83548 16.3317 22.9241 21.0135 13.5183 8.47846 7.89836 
9.23592 17.5977 21.9166 20.734 13.691 8.89832 7.92645 
9.40156 16.5437 23.1451 21.5288 12.9958 8.43549 7.94956 
10.5283 17.2462 21.1297 21.6035 13.3744 8.18045 7.93748 
10.1937 15.9001 22.1845 21.952 13.1426 8.66769 7.95935 
9.68402 16.7803 23.8216 21.1824 12.4199 8.23293 7.87876 
9.6497 16.5632 22.7281 21.6489 13.4215 8.08281 7.90573 
9.63469 18.125 21.6549 20.8916 13.8696 7.95639 7.86785 
9.81735 17.872 21.3036 21.041 14.1967 7.90677 7.8625 
8.82366 18.2201 21.5019 21.3706 14.2572 7.98023 7.84624 
9.69273 18.2112 20.4139 20.7977 15.1061 7.9227 7.8557 
8.78431 18.7715 21.1855 21.7354 13.639 8.01863 7.8658 
9.32489 17.7938 20.9066 21.2937 14.8912 7.93308 7.85667 
8.81949 17.6729 19.5757 21.9632 16.2216 7.89264 7.85443 
8.35406 15.333 21.5048 22.0025 17.0435 7.89063 7.87153 
9.21136 15.3324 22.4229 21.0699 16.3021 7.83548 7.82593 
9.25962 14.7068 23.1446 22.2295 14.9529 7.85569 7.85091 
9.31017 12.4904 24.586 21.8453 15.4673 8.3799 7.92089 
10.3155 12.731 23.26 20.9462 16.3422 8.55316 7.85195 
11.4514 14.4075 21.7699 19.7971 15.3972 9.28823 7.88868 
10.842 13.5991 22.7454 20.7125 15.6056 8.5976 7.89783 
10.5769 13.8739 23.0034 20.3083 16.0762 8.25564 7.90575 
10.9756 14.4014 22.5207 21.0546 14.9101 8.27474 7.86283 
11.4878 13.5757 22.0103 20.6523 15.5801 8.76237 7.93141 
11.8187 13.3299 22.9211 20.3729 15.1498 8.46997 7.93767 
11.2362 14.2921 21.0247 20.1138 17.018 8.35121 7.96399 
11.2133 13.3365 22.06 19.4617 17.9138 8.10418 7.91057 
11.6673 13.5447 22.3353 20.6865 15.8333 8.01479 7.91799 
12.229 13.1677 22.6793 19.6456 16.405 7.96088 7.91248 
12.9772 14.7946 20.5308 19.6267 16.2908 7.90201 7.87781 
14.0748 15.4433 22.1045 18.549 14.1224 7.85905 7.84695 
12.8018 16.8695 22.957 17.6705 13.3269 8.56612 7.80819 
12.7865 17.3504 23.6472 17.9919 12.0851 8.25896 7.88 
10.9176 18.884 24.5846 16.7686 12.8871 8.0738 7.88431 
11.7683 17.5373 24.1971 18.1462 12.3959 8.08452 7.87073 
11.3704 18.7437 24.0686 17.3025 12.5571 8.03228 7.92539 
12.2123 18.1157 24.8422 16.4099 12.5593 7.95703 7.90358 
12.7327 17.0097 24.4693 17.482 12.4242 7.95442 7.92769 
12.5852 17.9576 24.7968 16.0793 12.0579 8.5792 7.94395 
12.5282 16.6 24.7541 17.2775 12.7264 8.2157 7.89807 
13.3335 15.755 23.9452 18.2789 12.6614 8.09242 7.93361 
12.2086 14.7741 23.7952 21.2084 12.1189 7.9871 7.90769 
12.3232 13.4816 27.3205 19.3107 11.5321 8.09803 7.93395 
13.8342 13.0068 25.425 20.397 11.3926 8.01321 7.93117 
13.1985 14.2923 24.3959 20.5 11.7265 8.0267 7.86006 
12.8947 14.0469 24.4256 20.4195 12.2797 8.00851 7.92519 
14.5898 14.1481 24.0448 19.879 11.4834 7.94828 7.90661 
13.7254 15.473 23.571 19.782 11.6472 7.91115 7.89031 
13.6637 15.0413 23.7502 19.9666 11.8689 7.85985 7.84944 
14.1208 15.5769 22.361 20.3413 11.5611 8.14988 7.88891 
14.2406 17.0574 21.8855 19.7007 11.2636 7.99139 7.86091 
13.6598 15.7494 23.8855 18.5697 12.3075 7.94665 7.88141 
13.5482 16.0142 23.4415 19.3624 11.9677 7.84929 7.81667 
12.8268 16.2966 24.6155 19.5496 10.9839 7.87201 7.8557 
11.6217 17.0025 25.4588 19.28 10.9607 7.84226 7.8341 
13.4639 14.8788 25.1018 21.2471 9.56197 7.87521 7.87113 
13.932 14.6394 24.2843 21.0236 10.2477 7.93761 7.93557 
12.6361 14.4073 25.1576 21.5943 10.2785 7.96365 7.96263 
11.8299 14.9464 25.4397 22.2145 9.73241 7.91883 7.91832 
11.7673 16.3791 24.1702 22.9393 8.93745 7.90344 7.90318 
11.7825 16.4761 24.0233 22.2843 9.66535 7.8843 7.88417 
11.6056 16.8095 24.7389 21.1421 10.0275 7.83826 7.83819 
11.8084 15.807 25.7773 20.7666 10.1813 7.82974 7.82971 
14.0159 16.2811 24.7237 19.2929 9.8779 7.90423 7.90422 
15.3413 14.3187 25.0056 19.5602 10.1114 7.83143 7.83142 
16.4493 13.7751 24.4621 19.7038 9.89029 7.85973 7.85973 
16.971 14.1762 24.6217 19.0356 9.46409 7.86573 7.86572 
16.4911 14.251 25.794 17.8043 9.92868 7.86545 7.86545 
18.9498 13.041 25.0097 16.9303 10.3165 7.87639 7.87639 
18.5785 13.5233 25.2499 17.1486 9.78007 7.85976 7.85976 
17.2893 12.3617 25.825 18.441 10.2234 7.92988 7.92988 
18.459 12.4142 25.1141 17.3107 10.8146 7.94372 7.94372 
18.3961 11.4849 25.8904 18.6553 9.85175 7.86075 7.86075 
17.2037 12.484 25.4452 20.2827 8.85846 7.86296 7.86296 
17.7187 12.6523 23.9762 19.5431 10.2697 7.92008 7.92008 
17.2896 12.2854 26.6683 18.2018 9.78601 7.88446 7.88446 
16.0264 12.9672 27.401 18.1538 9.76765 7.84195 7.84195 
15.8344 12.0702 28.2256 19.4121 8.79444 7.83159 7.83159 
15.8842 11.667 27.7117 20.5577 8.38074 7.89931 7.89931 
16.5823 11.9241 26.887 20.6188 8.15637 7.91566 7.91566 
17.1554 12.3333 26.0474 20.6972 8.09481 7.83595 7.83595 
15.6399 11.1101 26.018 22.4955 8.99091 7.87278 7.87278 
15.2912 11.3022 26.2274 22.311 9.23683 7.8157 7.8157 
15.5707 11.9912 25.6497 20.9538 10.238 7.79834 7.79834 
16.2191 13.2245 24.2706 20.266 10.3901 7.81483 7.81483 
16.611 13.5287 25.1036 19.6431 9.51781 7.79791 7.79791 
16.7374 13.5691 25.7175 19.4369 8.75299 7.89304 7.89304 
17.4855 14.3344 24.967 18.5504 8.79245 7.93512 7.93512 
17.1251 13.7848 24.9835 18.834 9.39622 7.93815 7.93815 
18.4038 11.9718 25.8251 18.7821 9.14256 7.93733 7.93733 
17.0316 11.343 28.4345 18.7317 8.55479 7.95218 7.95218 
18.0726 10.1037 28.3447 18.3686 9.40205 7.85421 7.85421 
17.7863 9.58308 27.9223 19.8093 9.23228 7.83335 7.83335 
18.4373 10.4895 28.6335 18.0243 8.60474 7.90528 7.90528 
19.014 10.0693 29.6676 17.1993 8.24974 7.90001 7.90001 
19.4155 9.30296 28.8582 17.5935 9.00292 7.91342 7.91342 
22.4705 10.9578 26.291 15.8538 8.70566 7.86061 7.86061 
22.6334 10.0382 26.9753 15.3737 9.21605 7.88167 7.88167 
21.515 9.12673 28.7851 16.0438 8.71568 7.90684 7.90684 
22.5673 8.70447 28.1962 16.3041 8.34557 7.94115 7.94115 
21.1639 8.84325 29.667 16.5353 8.065 7.86279 7.86279 
19.582 9.56448 29.1192 17.8391 8.0325 7.9314 7.9314 
19.8813 9.90272 29.168 17.3533 7.93191 7.88136 7.88136 
18.1124 9.10649 29.404 19.8955 7.84407 7.8188 7.8188 
17.2433 10.8398 28.0061 20.3279 7.8694 7.85677 7.85677 
19.6187 10.2586 26.9063 18.815 8.62678 7.88733 7.88733 
20.2388 9.42378 27.1034 19.0701 8.30112 7.93139 7.93139 
18.158 10.0174 29.3073 18.8598 8.00908 7.82422 7.82422 
16.3298 10.2957 30.3636 19.3997 7.93203 7.8396 7.8396 
17.875 10.0754 28.805 19.6998 7.87906 7.83284 7.83284 
17.9465 11.0437 27.916 19.0091 8.44403 7.82033 7.82033 
18.6172 9.52778 28.6464 19.5936 8.07958 7.76773 7.76773 
19.3086 9.84586 26.6183 20.6165 7.97422 7.81829 7.81829 
21.1408 9.65266 28.174 17.5717 7.87224 7.79428 7.79428 
19.1862 10.476 28.3525 18.3904 7.89092 7.85194 7.85194 
19.7158 9.37913 28.1333 19.0111 7.93319 7.9137 7.9137 
20.0746 9.95272 26.915 18.7935 8.61056 7.82682 7.82682 
21.5989 10.0815 26.6707 17.5049 8.50948 7.81731 7.81731 
21.334 10.2294 27.958 16.6141 8.18556 7.83947 7.83947 
23.0182 9.7278 26.479 17.2356 7.96183 7.78878 7.78878 
23.1974 8.76 25.9018 18.6827 7.87702 7.7905 7.7905 
23.2654 8.3194 28.2539 16.6141 7.8779 7.83464 7.83464 
24.9139 8.06595 28.3457 15.182 7.8452 7.82357 7.82357 
24.3692 8.26495 28.9064 14.9578 7.8411 7.83028 7.83028 
23.9583 9.02544 28.3676 14.9713 7.89608 7.89068 7.89068 
24.9421 8.98803 27.6097 15.0474 7.80607 7.80336 7.80336 
24.3992 9.06918 28.1839 14.8766 7.8246 7.82325 7.82325 
23.7497 9.09386 28.2257 15.341 7.86367 7.86299 7.86299 
24.2991 9.09238 27.9007 15.0948 7.87123 7.87089 7.87089 
24.7966 8.8109 26.3033 16.3709 7.9062 7.90603 7.90603 
23.5705 11.182 26.5216 14.0463 9.08131 7.79917 7.79917 
23.5865 9.62827 28.4782 13.8554 8.88848 7.78157 7.78157 
25.9471 8.96798 27.316 13.5431 8.44424 7.89079 7.89079 
25.5918 9.68904 27.3804 13.2384 8.32307 7.88861 7.88861 
24.7386 10.2585 27.2252 13.7848 8.14242 7.9252 7.9252 
24.5231 10.0523 27.3049 13.8155 8.3789 7.9626 7.9626 
24.4567 9.90422 27.9817 13.6151 8.15287 7.94471 7.94471 
22.9976 10.4906 29.2216 13.2691 8.07643 7.97236 7.97236 
23.2813 10.2302 28.357 14.3385 7.96571 7.91367 7.91367 
25.6266 9.31089 27.8149 13.6378 8.00383 7.80299 7.80299 
27.6398 8.75639 27.7876 12.1817 7.94513 7.84471 7.84471 
28.336 8.73304 29.3777 10.1231 7.84353 7.79332 7.79332 
27.6237 8.95367 30.4381 9.03708 8.20311 7.8722 7.8722 
27.2075 8.52668 29.8608 10.7491 7.99564 7.83018 7.83018 
26.5546 9.01744 28.373 12.4237 7.93224 7.84952 7.84952 
26.3066 11.0234 27.7044 11.2607 8.03778 7.83355 7.83355 
26.8476 9.81105 29.4573 10.089 7.99978 7.89767 7.89767 
24.7281 9.83306 30.091 11.7111 7.91294 7.86188 7.86188 
24.5629 8.9828 30.1057 12.7833 7.87213 7.8466 7.8466 
24.9703 9.02312 28.1949 13.7935 8.31673 7.85079 7.85079 
25.878 8.38061 27.6391 14.3372 8.17622 7.79444 7.79444 
25.3573 9.25566 27.545 14.1947 8.00968 7.81879 7.81879 
25.5871 8.8762 27.498 14.2869 8.08981 7.83096 7.83096 
25.2178 8.68052 29.2036 13.2041 7.9843 7.85488 7.85488 
24.4839 8.24651 29.133 14.5708 7.8984 7.83369 7.83369 
25.3615 8.35066 29.8726 12.8247 7.88506 7.8527 7.8527 
24.024 8.65294 29.8617 14.0243 7.82313 7.80695 7.80695 
24.512 8.25906 28.6949 15.0178 7.84415 7.83606 7.83606 
23.4154 8.1875 29.4199 15.4799 7.83512 7.83107 7.83107 
24.1706 7.95132 28.6565 15.9002 7.77513 7.7731 7.7731 
24.4692 7.84563 27.7958 16.6188 7.75753 7.75652 7.75652 
25.1426 7.92875 27.9928 15.7278 7.73633 7.73583 7.73583 
26.2785 8.01422 28.4824 13.9387 7.76225 7.76199 7.76199 
25.9334 7.9777 28.653 13.2929 8.43995 7.85159 7.85159 
24.3164 7.97658 29.5105 13.7016 8.66783 7.91352 7.91352 
25.645 8.42908 28.2421 13.5942 8.28128 7.90413 7.90413 
25.9804 9.94209 29.1365 11.2863 8.01061 7.82203 7.82203 
25.1697 8.97746 29.6324 12.8547 7.85146 7.75717 7.75717 
23.372 9.59077 28.8104 14.1533 8.44468 7.81445 7.81445 
24.5065 9.28256 28.3475 14.1279 8.22875 7.75338 7.75338 
24.165 9.20011 27.8502 15.0051 8.08496 7.84728 7.84728 
21.9012 10.6423 29.6351 13.998 8.12103 7.85113 7.85113 
22.9759 9.90978 29.2163 14.1193 8.01621 7.88126 7.88126 
23.1968 9.06882 29.1651 14.8128 7.9638 7.89633 7.89633 
21.5055 8.40438 29.598 17.0039 7.85187 7.81813 7.81813 
23.5614 8.06021 27.9163 17.1439 7.78396 7.76709 7.76709 
25.6535 7.93184 26.5304 16.5199 7.79371 7.78528 7.78528 
27.1866 9.32924 26.76 13.1043 7.8761 7.87188 7.87188 
25.563 8.60401 29.1376 13.0673 7.87744 7.87533 7.87533 
27.0462 8.2726 27.8041 13.1513 7.90931 7.90825 7.90825 
25.7219 8.50377 28.2093 13.9552 7.87032 7.86979 7.86979 
22.3565 8.55455 29.2382 16.4731 7.79273 7.79246 7.79246 
22.3403 8.25281 29.4509 16.1876 8.0248 7.87177 7.87177 
21.6049 8.03945 27.1892 19.5431 7.92545 7.84893 7.84893 
22.1594 8.00203 26.7214 19.3586 7.94502 7.90676 7.90676 
22.8247 8.53121 28.1258 16.894 7.99936 7.81244 7.81244 
23.0402 8.62607 28.1617 16.5866 7.9241 7.83064 7.83064 
22.6808 8.18208 29.4083 16.329 7.8311 7.78437 7.78437 
23.274 8.01853 29.5078 15.7174 7.84304 7.81968 7.81968 
22.7317 8.44714 28.8071 16.2906 7.9156 7.90392 7.90392 
21.1729 8.08209 30.32 16.9878 7.81632 7.81048 7.81048 
21.6294 8.02877 29.117 17.543 7.89589 7.89297 7.89297 
20.5591 8.008 28.9355 18.6756 7.94156 7.9401 7.9401 
18.4462 8.004 28.9678 20.3378 8.30411 7.97005 7.97005 
18.4998 7.93282 28.7921 20.8607 8.08287 7.91584 7.91584 
18.0378 7.9058 28.6385 21.6425 7.98083 7.89731 7.89731 
17.6176 8.72997 27.5358 22.2862 7.97131 7.92955 7.92955 
16.6952 8.3082 26.8594 23.7614 8.55979 7.90799 7.90799 
15.8819 8.77739 28.3269 23.0108 8.21825 7.89235 7.89235 
17.1717 8.38869 29.3942 21.0439 8.10912 7.94618 7.94618 
18.3037 8.89654 28.8037 20.2398 7.97306 7.89158 7.89158 
19.7579 8.99373 28.6443 18.9078 7.92592 7.88519 7.88519 
20.2179 8.73415 27.2035 20.3013 7.86127 7.8409 7.8409 
18.0455 8.33533 28.9986 20.9443 7.89889 7.8887 7.8887 
18.7102 9.63641 29.6555 18.4409 7.85569 7.8506 7.8506 
19.5462 8.7991 28.522 19.4115 7.90874 7.90619 7.90619 
20.3471 8.32704 27.252 20.4308 7.88186 7.88059 7.88059 
21.2673 8.06977 29.0947 18.0279 7.84718 7.84654 7.84654 
20.2373 7.9983 29.4864 18.6176 7.88701 7.88669 7.88669 
19.3954 7.92997 28.5797 20.4723 7.87432 7.87416 7.87416 
20.0203 7.83595 29.2898 19.4297 7.80813 7.80805 7.80805 
19.5202 7.80847 29.1982 20.0895 7.79455 7.79451 7.79451 
21.1583 7.8556 26.7572 20.683 7.84864 7.84862 7.84862 
19.1998 7.8463 27.0149 22.4105 7.84282 7.84281 7.84281 
18.9194 7.91723 25.7856 23.6313 7.91549 7.91549 7.91549 
17.1646 8.54878 27.9748 22.6353 7.89217 7.89217 7.89217 
15.9176 8.16661 29.5562 22.6949 7.988 7.8383 7.8383 
17.3426 8.70515 28.2235 22.1318 7.91557 7.84072 7.84072 
17.4014 8.79702 27.6038 22.4945 7.92604 7.88861 7.88861 
16.6827 8.31417 26.7537 24.6508 7.87868 7.85997 7.85997 
17.4028 8.04058 27.7782 23.3287 7.82284 7.81348 7.81348 
17.0865 7.90228 29.5723 21.7575 8.10396 7.78873 7.78873 
16.901 7.91008 28.8624 22.4623 8.15755 7.85331 7.85331 
17.441 8.21372 27.8381 22.7454 8.02199 7.86987 7.86987 
17.5003 7.97591 28.056 22.9798 7.88004 7.80398 7.80398 
17.8255 8.61124 30.1239 19.8803 7.87838 7.84035 7.84035 
18.0573 8.58291 29.5162 20.1172 7.92149 7.90247 7.90247 
19.0577 8.36122 29.1476 19.7969 7.88516 7.87566 7.87566 
19.1135 8.17422 27.3534 21.4001 8.09594 7.93144 7.93144 
20.6505 8.30586 26.6454 20.7 7.95422 7.87197 7.87197 
20.3581 9.08714 27.303 19.5605 7.92448 7.88335 7.88335 
19.5164 8.91104 26.7539 21.2261 7.8779 7.85734 7.85734 
19.5143 9.02869 27.4013 20.3691 7.90237 7.89208 7.89208 
14 14 14 14 14 14 14 
15.1571 13.3444 16.8943 14.0997 13.4199 13.0423 13.0423 
17.5785 13.769 17.3987 15.8402 13.968 10.4728 10.4728 
17.6246 15.017 17.8359 17.2574 13.7109 9.15204 9.15204 
18.4992 15.8255 17.9199 16.6522 13.9983 8.48992 8.48992 
16.8696 15.846 19.294 16.7812 14.7236 8.21156 8.21156 
16.1103 15.8177 21.818 15.5178 14.16 8.49174 8.05315 
15.2461 16.4482 22.2573 16.5229 13.3722 8.17846 7.95916 
14.4981 17.2866 20.2953 16.2823 15.3319 8.36006 7.93791 
13.1907 17.4998 21.0221 16.9977 14.5045 8.88855 7.89272 
13.4919 16.6163 20.6404 18.1971 14.6876 8.43134 7.93343 
12.5152 16.6415 19.8287 19.6755 14.5019 8.91653 7.91971 
11.6069 17.7094 19.8489 19.4447 15.0021 8.49756 7.88998 
11.134 18.6628 20.9052 18.7842 14.4307 8.19335 7.88956 
10.6118 19.1969 19.7576 19.8181 14.6144 8.13255 7.86854 
11.1695 18.8735 19.6869 20.3568 14.0236 8.01084 7.87884 
10.2722 17.6659 21.3018 20.0742 14.8243 7.96375 7.89775 
10.7282 17.3856 23.3702 19.0283 13.5525 8.03889 7.89624 
9.85129 18.5219 23.4372 19.1296 13.1865 7.97244 7.90111 
8.8956 18.703 21.3753 20.6163 14.3186 8.17077 7.92051 
9.12865 18.0749 21.3259 20.3081 15.2444 8.02155 7.89643 
10.9688 19.2622 20.1012 20.0417 13.802 7.94336 7.8808 
9.97019 20.3532 19.5692 19.8677 13.9032 8.45746 7.87913 
9.33292 20.5027 20.002 19.8251 14.3429 8.14177 7.85261 
9.77284 19.8258 20.8521 17.9977 15.6821 8.00706 7.86247 
9.3589 19.6606 21.2058 18.5172 15.5245 7.90261 7.83032 
9.40472 19.9402 20.8227 18.819 15.2348 7.90735 7.8712 
9.47943 21.0104 18.6916 18.539 15.7915 8.62459 7.86342 
8.72605 19.6168 20.2797 17.9256 17.2352 8.29863 7.91804 
8.47414 18.364 21.6954 18.185 16.7287 8.59376 7.95902 
9.04691 17.3475 21.4741 20.6138 15.2995 8.32372 7.8945 
9.33746 18.3018 21.2403 19.7161 14.8707 8.64764 7.88598 
10.2117 18.8794 21.1405 19.3603 13.7702 8.73558 7.90227 
10.0832 19.5076 20.8644 18.6168 14.3512 8.66643 7.91041 
11.7083 20.3093 20.9877 16.4195 14.1756 8.44433 7.9552 
10.8119 20.4922 21.7808 17.387 13.5224 8.12512 7.88056 
12.2042 19.6759 21.1974 17.6847 13.3401 8.00993 7.88765 
10.5879 19.1377 20.9926 18.6892 14.7664 7.94369 7.88255 
11.0372 19.2536 20.8567 17.9032 15.1534 7.91329 7.88272 
13.3661 18.9317 20.4059 16.1265 15.3121 7.99252 7.86513 
13.6115 18.7037 20.3646 16.1464 15.3928 7.92236 7.85866 
13.9158 17.9528 19.0126 17.3622 15.3799 8.54833 7.82841 
13.2737 18.6606 20.3484 17.1021 14.4268 8.27417 7.91421 
14.6237 19.2865 19.8022 16.9756 13.3403 8.07581 7.89583 
13.7977 19.6669 20.0426 16.5067 14.0994 8.04734 7.83943 
11.83 18.549 22.1773 17.313 14.1598 8.15211 7.8188 
11.0836 18.3756 22.9987 18.5441 13.1473 8.00864 7.84198 
11.9176 17.9126 22.3495 20.0103 12.0546 7.91931 7.83598 
12.1109 20.2539 20.6826 18.9537 12.2913 7.87464 7.83298 
11.1246 20.2652 20.7099 18.6934 13.5189 7.85437 7.83354 
11.3956 16.204 21.3074 20.5372 14.8547 7.85576 7.84534 
12.0238 18.1993 19.7778 19.271 15.0916 7.82082 7.81561 
11.5944 18.0802 21.1753 18.7375 14.8273 7.79391 7.7913 
12.8788 18.9114 20.8881 16.8795 14.7098 7.86691 7.86561 
11.0879 20.4534 20.9883 17.1699 14.4978 7.90171 7.90106 
11.0867 21.5431 20.0784 17.13 14.2928 7.99243 7.87663 
12.2563 20.378 21.2661 16.3196 13.9751 7.9314 7.8735 
11.8229 20.2118 23.8449 15.4491 12.7962 7.95203 7.92308 
11.0916 21.705 23.6342 15.4948 12.254 7.91746 7.90298 
11.9137 18.9893 24.1992 17.0634 12.1411 7.85024 7.843 
12.4685 17.8667 23.0298 17.7178 13.0473 7.99489 7.87499 
13.8031 16.7315 22.4094 17.6892 13.6337 7.89653 7.83658 
13.7525 16.659 22.7432 17.0177 13.6678 8.27519 7.88463 
12.6586 17.3998 21.5757 17.8059 14.5437 8.10585 7.91057 
12.0764 17.6654 21.0177 18.0983 15.3178 7.96097 7.86333 
12.1096 18.4756 21.2231 18.4539 13.9684 7.90906 7.86024 
11.5293 17.8753 22.6554 18.9593 13.1886 7.96913 7.82306 
12.1691 17.0275 22.4513 20.2662 12.3246 7.91715 7.84412 
12.4885 17.5039 21.201 20.4779 12.5663 7.89946 7.86294 
12.6999 18.2456 22.6258 18.3402 12.3591 7.87378 7.85552 
12.6302 18.6639 23.2694 17.5034 12.0974 7.9224 7.91327 
12.5032 18.9854 22.5258 17.9101 12.2368 7.92159 7.91703 
11.5566 18.5113 21.6077 19.1673 13.2802 7.93958 7.9373 
12.0121 18.6063 21.8428 18.6745 12.8739 8.12563 7.86475 
12.0012 18.2959 23.1516 18.45 12.1923 8.01965 7.88921 
12.0573 19.3284 21.7562 17.9879 12.4106 8.52013 7.93945 
12.1114 18.545 22.5569 18.6046 11.6798 8.63963 7.86267 
12.5114 18.6396 22.2911 18.4162 11.7892 8.49703 7.85539 
12.4151 18.1362 22.3774 19.3531 11.571 8.23402 7.9132 
12.0388 17.5048 21.8587 21.4631 11.1205 8.08723 7.92682 
12.5032 16.8572 22.7747 21.2054 10.6725 8.03364 7.95344 
12.6398 16.291 22.0753 20.6764 12.4615 7.94803 7.90792 
11.409 15.9063 22.6153 20.5163 13.7371 7.91803 7.89798 
9.79877 16.2658 21.8535 21.4244 14.809 7.92924 7.91921 
8.89454 16.3653 20.8541 21.9713 16.0001 7.95978 7.95476 
8.72939 16.8729 21.3842 22.1947 15.053 7.88417 7.88166 
8.36469 19.2364 20.2921 22.0307 14.1932 7.94209 7.94083 
8.27442 19.3369 19.4811 22.2685 14.7692 7.93524 7.93461 
8.54897 18.893 20.4357 21.8295 14.3365 8.112 7.84431 
9.49293 18.9125 20.2907 21.2303 13.843 8.42493 7.80565 
9.52034 18.6271 20.5725 21.5448 13.5798 8.3582 7.7973 
11.6479 18.2421 20.4903 20.7214 12.9123 8.13318 7.85273 
10.7622 17.5161 20.9859 21.1014 13.7401 8.01721 7.87698 
10.4554 18.164 21.0128 21.9369 12.5631 7.969 7.89889 
12.351 16.8902 21.3283 20.6945 12.8569 7.9571 7.92205 
10.5873 16.8676 23.0973 21.8446 11.9097 7.85556 7.83803 
11.3258 17.6831 23.747 19.6354 11.987 7.81518 7.80641 
11.1336 16.8568 24.2145 21.2681 10.8281 7.85161 7.84723 
11.4411 18.1279 22.3531 20.8799 11.425 7.88755 7.88536 
12.1451 17.0248 23.8861 20.2165 11.0198 7.85439 7.8533 
12.0622 16.8457 24.8337 20.1343 10.4578 7.83345 7.8329 
12.6025 14.7086 24.274 22.21 10.3718 7.91672 7.91645 
12.8915 14.5176 24.7444 21.7067 10.4867 7.82656 7.82642 
12.4682 14.4017 25.3974 20.9374 11.1257 7.83485 7.83478 
12.342 13.1667 25.7669 21.8323 10.9606 8.03674 7.89466 
12.0939 13.1949 25.8311 21.7977 11.1277 8.01286 7.94182 
11.8735 14.5921 25.9237 19.7064 12.0679 7.93597 7.90045 
11.8667 13.0912 25.6303 21.5783 12.0986 7.87634 7.85858 
11.7829 14.0665 25.7678 22.349 10.3669 7.83789 7.82901 
11.8755 13.9481 24.586 21.8128 11.9653 7.90831 7.90387 
11.7888 13.756 25.1919 21.6777 11.7008 7.94352 7.9413 
12.7712 12.4654 25.3467 21.8704 11.8676 7.83995 7.83884 
12.8828 14.0011 24.679 21.5284 11.1598 7.87478 7.87422 
12.0627 14.6928 23.5821 22.1547 11.645 7.93147 7.93119 
11.9773 14.1032 24.0883 22.5639 11.4982 7.88465 7.88452 
12.5363 14.4921 24.3954 21.6986 11.255 7.81138 7.81131 
14.2227 13.6381 23.5613 21.6448 11.1673 7.88296 7.88293 
14.5612 12.2632 25.1044 22.5702 9.88164 7.80967 7.80966 
14.2698 13.1208 26.1275 21.6346 9.24189 7.80269 7.80268 
14.2982 13.5805 25.6712 20.7027 10.2083 7.76954 7.76953 
13.2538 13.6216 25.0449 22.2699 10.1914 7.80919 7.80919 
14.4113 14.1461 24.4985 20.8655 10.4849 7.79681 7.79681 
13.7771 13.0731 25.3921 22.2899 9.67103 7.8984 7.8984 
14.4778 11.4473 26.2377 21.4128 10.7879 7.81825 7.81825 
14.6888 10.8812 27.3022 21.7379 9.83521 7.77732 7.77732 
16.2679 11.3896 26.2574 21.3505 9.02525 7.85467 7.85467 
15.6415 11.1002 25.7413 22.0867 9.76788 7.83124 7.83124 
16.9252 10.6247 25.2587 22.8344 8.76454 7.79622 7.79622 
16.1929 11.0689 27.2675 21.4501 8.32964 7.84548 7.84548 
15.8576 11.0569 28.1114 21.3221 8.04542 7.80334 7.80334 
15.794 10.1633 28.9433 20.9138 8.51709 7.83425 7.83425 
15.5294 9.75453 28.0231 22.918 8.15263 7.81121 7.81121 
14.4112 8.80476 27.6067 25.2052 8.30592 7.8331 7.8331 
14.2811 9.74829 26.382 25.1812 8.71271 7.84737 7.84737 
14.594 10.93 27.4767 22.9943 8.39362 7.80567 7.80567 
14.9119 9.63169 29.5429 22.273 8.07612 7.78215 7.78215 
16.8406 9.58508 29.5407 19.9057 8.34575 7.89107 7.89107 
18.5592 9.09809 28.2426 20.3695 8.06177 7.83443 7.83443 
18.906 9.72146 26.9086 20.9606 7.91019 7.79652 7.79652 
19.1021 9.68529 26.9046 20.7142 7.90246 7.84563 7.84563 
19.0023 8.80606 27.3243 20.8754 8.21953 7.88623 7.88623 
17.6261 9.09053 27.8809 20.7502 8.95351 7.84936 7.84936 
17.3716 8.74947 27.7543 21.6364 8.83111 7.82859 7.82859 
18.1814 9.27088 26.7851 21.9458 8.27312 7.77186 7.77186 
16.4702 10.3583 26.1938 23.3223 8.05222 7.80159 7.80159 
16.7897 10.7839 25.9287 22.7231 8.00841 7.8831 7.8831 
16.439 11.3856 26.6868 21.6139 8.10515 7.88477 7.88477 
15.6663 11.6199 27.1732 21.7492 8.00394 7.89375 7.89375 
15.5619 9.91088 28.8863 21.7579 8.10292 7.89009 7.89009 
15.8506 10.177 27.576 22.5878 8.00716 7.90074 7.90074 
15.7803 9.31809 28.5916 22.6232 7.93107 7.87786 7.87786 
16.3723 8.52809 28.1351 23.514 7.83458 7.80798 7.80798 
16.2108 8.12207 26.5676 25.8002 7.77532 7.76201 7.76201 
17.5394 8.46355 27.7492 22.1768 8.44741 7.81182 7.81182 
16.462 10.001 27.6566 21.9859 8.39037 7.75207 7.75207 
17.4962 9.3136 28.0456 21.2166 8.1888 7.86964 7.86964 
17.033 9.30796 27.2495 22.6722 8.01882 7.85924 7.85924 
18.1738 8.85959 26.7089 22.7068 7.90349 7.8237 7.8237 
16.8539 10.255 25.6522 23.6512 7.99705 7.79535 7.79535 
17.9792 10.2021 27.0052 21.3778 7.87912 7.77827 7.77827 
16.764 9.67424 27.2221 22.7316 7.90298 7.85255 7.85255 
16.4177 10.1943 28.0456 21.9313 7.82054 7.79532 7.79532 
15.5806 10.2253 26.3625 24.2669 8.07693 7.74382 7.74382 
15.371 9.95138 29.3103 21.9722 7.90943 7.74288 7.74288 
14.9093 8.94169 29.1027 23.4507 7.92072 7.83744 7.83744 
16.0856 8.4887 29.4323 22.5884 7.82941 7.78777 7.78777 
18.9251 8.21494 27.2162 22.0295 7.88529 7.86447 7.86447 
17.2265 7.98946 27.428 23.903 7.82463 7.81422 7.81422 
17.1803 8.82339 27.2654 23.3222 7.8064 7.80119 7.80119 
16.3679 8.37995 27.7597 23.4071 8.34764 7.86885 7.86885 
17.621 8.16348 28.2838 21.8029 8.31289 7.90794 7.90794 
16.2472 9.30326 26.9584 23.085 8.58683 7.90966 7.90966 
16.3553 9.37724 27.656 22.5181 8.25683 7.91825 7.91825 
17.1007 9.91939 26.7511 22.1821 8.12841 7.95912 7.95912 
16.0648 9.87299 26.6703 22.5073 9.12201 7.8813 7.8813 
15.314 9.46724 28.8691 22.2569 8.4445 7.82414 7.82414 
17.9098 8.80665 29.1818 20.2576 8.15483 7.84466 7.84466 
17.5858 9.16523 26.9421 22.7776 7.94646 7.79138 7.79138 
16.7684 9.18384 29.2686 21.0514 7.96096 7.88342 7.88342 
17.3023 8.53929 28.6694 21.783 7.92785 7.88908 7.88908 
17.6834 8.78577 27.8831 21.698 8.31876 7.81551 7.81551 
16.3827 9.14699 27.0563 23.308 8.42168 7.84218 7.84218 
16.1018 9.0511 26.5132 23.8928 8.8377 7.80169 7.80169 
16.0951 9.25741 26.979 23.6183 8.36207 7.84406 7.84406 
14.7639 11.3451 27.2208 22.5554 8.50939 7.80263 7.80263 
17.3168 10.2328 26.1511 22.5155 8.16349 7.81011 7.81011 
18.567 9.99446 25.2707 20.8614 9.56955 7.86847 7.86847 
22.1452 9.17729 25.6579 18.3085 9.12561 7.79276 7.79276 
21.6998 9.81513 26.0693 17.8651 9.09242 7.72913 7.72913 
21.8591 8.8831 26.949 18.1068 8.52175 7.8401 7.8401 
21.5356 8.81865 28.4577 17.4709 8.13293 7.7921 7.7921 
23.3426 9.05005 28.151 15.7714 8.10838 7.78827 7.78827 
22.7333 8.65482 28.5298 16.2928 8.03649 7.87643 7.87643 
20.4716 8.95704 28.9254 17.4056 8.64787 7.79624 7.79624 
19.687 8.74681 29.5542 18.0016 8.28735 7.86154 7.86154 
20.9195 8.48733 29.1758 17.5451 8.09937 7.88646 7.88646 
22.0911 8.77539 28.3341 16.7786 8.27929 7.87072 7.87072 
21.5246 9.32781 28.2389 16.7725 8.48096 7.82758 7.82758 
23.1837 9.38089 26.5408 16.8768 8.32853 7.84461 7.84461 
22.838 8.79379 28.62 15.8852 8.11563 7.87367 7.87367 
20.7139 8.56356 28.092 19.1606 7.90397 7.78299 7.78299 
18.7682 8.79891 29.1551 19.8607 7.84607 7.78558 7.78558 
18.5531 8.26765 28.0446 21.8214 7.79123 7.76098 7.76098 
18.0907 8.78126 28.7659 21.1671 7.74177 7.72665 7.72665 
18.2023 8.60575 28.0457 21.3394 8.23135 7.78774 7.78774 
16.6721 8.87701 28.5339 22.0262 8.21662 7.83709 7.83709 
17.5785 10.8021 25.4791 21.7707 8.65376 7.85794 7.85794 
17.199 10.5998 26.1952 21.7416 8.45532 7.9045 7.9045 
17.452 10.7098 26.3763 21.5265 8.16209 7.88668 7.88668 
19.1554 11.1831 25.3047 20.4258 8.06877 7.93107 7.93107 
18.0237 10.1524 27.3483 20.8548 7.91952 7.85067 7.85067 
19.197 9.86013 28.026 19.5323 7.81779 7.78336 7.78336 
18.6759 11.0313 27.5547 18.9924 8.22437 7.76073 7.76073 
19.2749 10.7207 26.7111 19.5908 8.0554 7.82358 7.82358 
19.139 9.41018 27.0627 20.6988 8.07755 7.80587 7.80587 
19.5393 9.53893 28.0329 19.2618 7.96627 7.83043 7.83043 
19.0511 9.26048 26.8907 20.8584 8.32445 7.80743 7.80743 
18.8204 9.27768 28.5094 19.8844 8.00838 7.74987 7.74987 
17.1157 10.2895 29.3232 19.36 8.28501 7.81329 7.81329 
17.1957 9.13147 28.9473 20.8096 8.12922 7.89336 7.89336 
17.0049 8.54804 28.633 21.9092 8.04691 7.92898 7.92898 
17.1691 8.27402 27.1498 23.2879 8.19012 7.96449 7.96449 
18.8255 8.05267 26.8279 22.4873 8.01072 7.89791 7.89791 
17.6147 8.7582 26.9786 22.9156 7.94858 7.89217 7.89217 
16.9429 8.78588 26.8791 23.6612 8.04209 7.84439 7.84439 
18.0023 8.64514 27.2226 22.3878 7.97999 7.88114 7.88114 
18.1651 8.66341 26.7946 22.9302 7.84851 7.79909 7.79909 
17.8284 8.78715 27.5887 22.0262 8.04967 7.85994 7.85994 
17.4281 9.50193 27.5714 22.0038 7.8948 7.79994 7.79994 
17.6717 8.98549 27.4665 21.914 8.3448 7.80876 7.80876 
18.8032 8.74111 26.9685 21.7413 8.09397 7.82595 7.82595 
19.0841 8.815 26.5001 21.823 8.01524 7.88123 7.88123 
19.6382 8.57417 27.1924 21.1679 7.85377 7.78677 7.78677 
19.4345 9.57555 27.6988 19.3981 8.41407 7.73954 7.73954 
18.0506 9.66199 27.2142 21.3343 8.13785 7.80059 7.80059 
16.587 9.3063 27.6503 23.0128 7.92695 7.75832 7.75832 
17.1081 8.60452 27.047 23.6645 7.91484 7.83053 7.83053 
17.36 8.48136 28.4489 22.28 7.83802 7.79586 7.79586 
19.019 8.64746 26.4278 22.3264 7.98681 7.79624 7.79624 
19.2034 8.40536 29.0302 19.8367 7.90497 7.80968 7.80968 
19.5376 8.20909 29.5792 19.3735 7.79864 7.75099 7.75099 
19.4327 8.30623 29.3554 19.4907 7.82089 7.79707 7.79707 
21.7224 8.56041 29.1154 17.0402 7.86181 7.8499 7.8499 
22.6259 8.25079 28.5283 16.9024 7.90149 7.89554 7.89554 
21.4376 8.48677 27.8155 18.7316 7.84483 7.84185 7.84185 
25.05 9.02045 27.602 14.6206 7.90331 7.90182 7.90182 
22.3076 8.54749 30.7265 14.919 7.83364 7.8329 7.8329 
22.2471 8.13227 30.4758 15.8196 7.77534 7.77497 7.77497 
23.5537 7.97675 27.1094 17.2674 8.49661 7.7981 7.7981 
22.7525 9.04064 30.1052 14.0344 8.60371 7.7318 7.7318 
21.8792 8.81026 30.4372 14.2657 8.88765 7.85998 7.85998 
23.2519 8.90963 29.633 13.7395 8.79818 7.8339 7.8339 
23.9383 9.10947 29.2309 13.7766 8.30299 7.82085 7.82085 
24.2391 9.30934 28.2658 13.7902 8.59935 7.89816 7.89816 
23.5949 9.0809 27.7394 15.4197 8.39804 7.8835 7.8835 
25.4917 8.52134 27.8825 14.0793 8.17991 7.92264 7.92264 
26.3671 8.74572 26.7319 14.1825 8.07667 7.94803 7.94803 
26.2129 8.77025 27.5353 13.6059 8.10999 7.88281 7.88281 
26.3112 8.24269 28.4561 13.4795 7.91256 7.79897 7.79897 
27.5596 8.09486 29.1287 11.3755 8.09535 7.873 7.873 
27.9985 8.42243 28.7831 11.1565 7.95393 7.84275 7.84275 
27.5343 8.66981 30.4744 9.55915 7.95786 7.90227 7.90227 
26.7354 9.08995 29.7905 10.8314 7.86942 7.84162 7.84162 
26.758 10.1005 26.7186 12.6807 7.92331 7.90942 7.90942 
25.9618 9.18934 25.9421 15.1152 7.93517 7.92822 7.92822 
26.3567 8.57556 27.78 12.8124 8.58542 7.945 7.945 
26.2147 8.24818 28.9065 12.1818 8.58314 7.9329 7.9329 
14 14 14 14 14 14 14 
15.2133 14.9251 15.5735 14.1326 12.6916 12.4035 14.0605 
15.7195 14.2527 17.6633 14.9146 15.7814 10.17 10.9985 
16.8914 16.0649 18.0495 15.0923 15.2464 8.99561 9.40987 
17.1369 17.2349 18.3295 14.3969 15.5987 8.48553 8.69267 
14.124 18.4214 17.9883 15.3684 17.4943 8.27327 8.2679 
13.7557 18.0342 18.7304 16.9134 16.3537 8.09201 8.08933 
13.5372 17.7507 18.5355 18.1729 16.0371 7.97614 7.97479 
12.474 18.3152 19.8487 18.0076 15.4874 7.92998 7.92931 
13.2896 18.105 20.1349 16.4775 16.0595 7.96499 7.96465 
12.3895 16.8184 23.8972 17.3877 13.668 7.91866 7.9185 
11.9854 17.3179 23.864 17.2684 13.6269 8.0796 7.8568 
12.1571 17.5631 22.206 18.2233 13.092 8.83432 7.92383 
11.3883 17.5205 22.1649 19.6205 12.8513 8.51008 7.94422 
10.4767 17.782 21.952 20.6798 13.0561 8.16808 7.88515 
10.3231 18.319 22.5226 19.6619 13.3077 8.00353 7.86207 
10.8361 18.3672 22.8245 19.3599 12.7566 7.96322 7.89249 
10.0791 19.8827 20.4165 18.7901 15.0648 7.9011 7.86574 
10.5705 19.1228 20.164 18.2446 16.0501 7.93285 7.91517 
9.81111 19.4752 19.6725 18.0663 17.0768 7.9535 7.94465 
10.3621 19.9826 19.9699 17.7191 16.2221 7.8743 7.86988 
10.917 18.5411 20.6992 18.3834 15.795 7.83325 7.83104 
10.3365 19.2484 20.66 18.8369 15.1037 7.90776 7.90665 
9.39821 20.3617 20.7422 18.9629 14.4933 8.18381 7.85788 
8.91323 19.7481 20.7355 20.1876 14.3082 8.19213 7.91527 
10.7899 18.6518 21.2567 17.9827 15.2652 8.09607 7.95764 
9.72831 18.8815 21.1839 19.2136 14.9659 8.04803 7.97882 
10.1759 19.256 20.2917 18.6137 14.7578 8.98937 7.91551 
9.43579 18.9758 20.1459 19.8503 15.0963 8.62512 7.8708 
9.34155 20.3481 21.0407 18.2047 14.86 8.29106 7.91389 
9.97552 20.2192 19.4368 19.4861 14.8792 8.09587 7.90729 
9.66066 19.3386 20.5829 20.3739 13.5144 8.60401 7.92561 
10.9962 16.5079 23.1838 19.8282 13.3715 8.22577 7.88657 
10.3405 16.6999 21.727 19.5988 14.9065 8.84262 7.88473 
9.70538 17.647 21.4077 20.2302 14.7095 8.38956 7.91062 
8.74879 17.0486 21.0935 21.9117 15.2552 8.09088 7.85141 
9.08028 16.5243 20.3114 20.4852 16.5688 9.10427 7.92571 
8.74368 16.3374 21.6601 22.7426 14.0366 8.53443 7.94515 
8.69002 15.3278 22.5346 22.5077 14.6319 8.35813 7.94985 
8.61467 16.2032 21.7167 22.0404 15.4059 8.11165 7.90751 
8.20642 17.2759 21.6382 20.7679 15.5011 8.75766 7.85284 
9.03109 16.0899 24.1604 18.0762 14.8419 9.90768 7.89276 
9.09144 16.6387 22.9061 18.5247 16.1263 8.86009 7.85263 
10.4485 15.148 22.2169 21.1837 14.7761 8.36523 7.8615 
10.5695 16.3714 21.6875 19.7232 15.74 8.08016 7.8283 
10.0744 15.0782 22.7597 20.8429 14.7625 8.59616 7.88611 
9.22442 15.544 20.9857 21.2589 16.3714 8.73158 7.88394 
8.93039 16.6356 20.8338 21.4249 15.913 8.34306 7.91924 
8.73771 16.9783 20.925 21.567 15.8087 8.09763 7.88572 
9.00687 18.8964 21.2091 21.0776 13.7867 8.12121 7.90214 
9.20527 18.7372 20.9256 20.6305 14.6915 7.95969 7.85015 
9.15844 19.9609 21.2829 18.7435 14.9767 7.96618 7.91141 
8.90614 20.1968 20.8578 19.8285 13.8586 8.4302 7.92205 
8.95758 20.2335 19.8883 19.9368 14.4743 8.60699 7.90247 
9.07784 19.9045 19.7319 20.9354 14.3126 8.19501 7.84274 
8.93707 20.4847 20.7456 21.0001 12.7119 8.26417 7.85656 
10.1828 19.1709 20.4918 20.381 13.8559 8.06066 7.85685 
9.48956 20.928 21.5885 18.8711 13.2937 7.96551 7.86361 
9.42104 19.5767 23.0245 20.107 12.0425 7.93959 7.88864 
9.69864 19.2896 25.0514 19.1984 11.0094 7.88904 7.86356 
10.8233 17.5669 24.3439 20.2485 10.9592 8.23023 7.82788 
10.3634 17.7206 23.7662 21.2354 10.9144 8.10062 7.89945 
10.5774 17.4934 23.5138 22.3683 10.0136 8.12705 7.90656 
10.3009 18.7712 24.5931 20.7196 9.7745 7.97551 7.86526 
9.22453 18.151 25.6299 20.9771 10.1959 7.93837 7.88325 
9.12446 19.0755 23.3027 20.7324 12.0492 7.87162 7.84406 
10.6009 16.7841 23.8494 21.115 11.8217 7.92132 7.90754 
9.68874 17.0357 25.0896 21.1958 11.097 7.95002 7.94313 
9.20846 18.7423 22.8939 22.1939 11.0348 7.96504 7.96159 
9.83983 19.057 21.6564 22.2226 11.1457 8.171 7.9075 
9.32798 19.4781 22.2892 22.5723 10.3587 8.11573 7.85803 
9.12182 19.2571 23.1928 22.1295 10.3601 8.03377 7.90492 
8.72758 19.0648 24.0964 21.7265 10.5722 7.93845 7.87403 
8.30781 20.6011 21.8446 21.932 11.5202 7.91325 7.88103 
8.93427 18.8277 23.4546 21.6895 11.4449 7.83259 7.81649 
9.84213 19.0388 22.7273 20.5947 11.9724 7.9163 7.90824 
9.28427 18.4817 21.6231 22.0898 12.8258 7.84966 7.84563 
9.56825 17.2458 22.8805 21.636 12.94 7.86572 7.8637 
9.22057 15.3375 23.071 24.1274 12.4652 7.88969 7.88869 
9.34713 14.6424 24.2986 24.4321 11.4958 7.89221 7.89171 
10.1281 14.2043 25.2662 22.7355 11.9816 7.84221 7.84196 
11.3965 12.775 24.7703 23.6369 11.6636 7.87889 7.87876 
12.1015 12.7908 24.238 23.6713 11.2814 8.02664 7.89034 
11.5355 13.9209 24.2364 23.6979 10.7427 7.9674 7.89925 
10.9677 14.4271 24.9182 22.6489 11.1047 7.9837 7.94962 
10.9039 15.4791 25.3317 21.2161 11.2434 7.92139 7.90435 
9.42021 15.0147 26.687 22.5128 10.5159 7.92895 7.92043 
10.5112 13.0322 26.8794 22.3061 11.6115 7.83188 7.82762 
10.6712 12.3096 26.0342 25.2589 10.0879 7.82022 7.81809 
11.218 11.8971 25.342 25.9347 9.9459 7.83168 7.83061 
11.3352 12.2335 25.7995 25.2579 9.72155 7.82645 7.82592 
11.6837 11.9991 24.3971 25.1958 11.1442 7.79023 7.78997 
12.6773 11.316 25.996 24.37 10.0025 7.81917 7.81903 
11.6089 12.685 24.7548 24.3472 10.9472 7.8285 7.82844 
12.2045 12.6092 25.1774 22.9736 11.2069 7.91425 7.91422 
12.9328 12.862 24.8838 22.4158 11.0679 7.91887 7.91886 
12.2356 13.7112 24.2551 22.609 11.3032 7.94295 7.94295 
12.5868 14.4028 25.2003 20.3341 11.7163 7.87983 7.87983 
14.0077 14.3442 25.1716 20.5956 10.001 7.93992 7.93991 
13.2538 14.1662 24.6394 21.6073 10.6553 7.83901 7.839 
12.7913 15.1653 24.2375 21.4886 10.5331 7.89211 7.89211 
12.7143 15.1376 24.344 21.4586 10.4863 7.92957 7.92957 
14.5974 16.7867 22.7865 19.8075 10.2711 7.8754 7.8754 
15.4219 15.5362 25.819 18.027 9.47729 7.85927 7.85927 
13.0331 16.0314 27.1952 18.9575 9.08038 7.8512 7.8512 
14.5767 13.4802 28.0785 18.905 9.185 7.88735 7.88735 
15.6698 11.7979 27.045 20.7242 9.07227 7.84541 7.84541 
16.3545 11.7649 26.5113 20.6973 9.00541 7.83332 7.83332 
16.2697 12.2408 27.1285 20.1752 8.54895 7.81839 7.81839 
15.4922 11.9763 27.0778 20.8984 8.92913 7.8131 7.8131 
15.6033 11.7024 26.1103 20.8778 9.89314 7.90655 7.90655 
15.2729 11.4547 26.2735 22.3642 8.96956 7.83259 7.83259 
13.9402 11.1715 26.4606 24.2193 8.63951 7.78449 7.78449 
12.981 11.7333 26.0718 24.5414 8.96456 7.85399 7.85399 
12.3547 12.1938 29.2396 22.1472 8.49463 7.78502 7.78502 
13.7116 11.7133 26.8116 23.8133 8.21992 7.86511 7.86511 
13.5032 11.059 27.4231 24.3344 8.01169 7.83429 7.83429 
13.7081 10.8918 28.2043 23.6165 7.91889 7.83019 7.83019 
13.2461 11.6959 26.6022 23.3139 9.35717 7.89237 7.89237 
14.8342 10.8333 27.2307 22.0675 9.22404 7.90513 7.90513 
14.6442 10.4314 27.7746 22.2432 9.0368 7.93486 7.93486 
16.5175 9.66972 26.531 22.4722 9.1161 7.84674 7.84674 
15.8807 10.4751 28.8143 20.3824 8.6739 7.88679 7.88679 
16.4698 11.267 28.2307 19.75 8.4546 7.91398 7.91398 
17.6574 10.0408 28.705 19.2975 8.48262 7.90836 7.90836 
17.8099 9.44398 28.6957 19.7024 8.6649 7.84158 7.84158 
18.2617 8.66936 27.9443 20.6699 8.71842 7.86816 7.86816 
17.6792 8.68952 28.1657 21.6253 8.23018 7.80505 7.80505 
17.5674 8.48677 27.8403 22.2032 8.10917 7.89661 7.89661 
17.6333 8.22569 28.8169 21.4261 8.03689 7.9306 7.9306 
18.2429 8.07459 27.6598 22.1884 7.98019 7.92705 7.92705 
19.1501 7.90549 26.2941 23.1286 7.85829 7.83172 7.83172 
18.681 8.91963 25.3987 22.4915 8.73047 7.88937 7.88937 
20.0443 9.44515 26.0425 19.7501 8.91069 7.90363 7.90363 
20.4323 9.45444 26.1127 19.812 8.39856 7.89503 7.89503 
18.1916 10.2487 25.0195 21.5624 9.10726 7.93525 7.93525 
18.2003 9.30345 26.0919 22.2738 8.43423 7.84822 7.84822 
19.038 9.15483 25.9341 21.5406 8.72022 7.8061 7.8061 
17.976 8.43498 27.062 22.1946 8.81115 7.76062 7.76062 
16.825 8.60621 29.0483 21.5989 8.32407 7.7988 7.7988 
16.3605 8.20484 28.1079 23.6607 8.06377 7.80114 7.80114 
16.0172 8.02091 28.3173 24.0561 7.95038 7.81906 7.81906 
17.4761 8.44833 26.5847 23.4186 8.26513 7.90361 7.90361 
16.7026 8.79643 27.8941 22.6237 8.11487 7.93411 7.93411 
16.4259 9.52244 25.7483 23.4237 9.18166 7.84904 7.84904 
18.1456 8.96997 28.0257 20.8027 8.46288 7.79657 7.79657 
18.6104 8.38672 28.0302 21.2395 8.13318 7.80002 7.80002 
18.9206 8.33537 26.2932 22.602 8.06067 7.89409 7.89409 
18.7437 8.07648 27.1531 21.5616 8.75346 7.85584 7.85584 
17.4315 8.51585 28.2034 21.2286 9.0036 7.80852 7.80852 
17.4536 8.46505 28.3412 21.6175 8.54711 7.78775 7.78775 
17.0846 8.19147 26.9272 23.8586 8.2325 7.85282 7.85282 
17.7323 8.14558 26.2362 24.2346 8.01033 7.82049 7.82049 
18.3346 8.39173 27.4038 21.918 8.15799 7.89696 7.89696 
18.5131 9.18029 26.9418 21.7066 7.97308 7.84256 7.84256 
16.7651 9.19765 27.8054 22.4574 8.0821 7.84619 7.84619 
17.1971 8.55019 28.4923 22.019 7.99242 7.87446 7.87446 
19.1249 8.14507 27.8685 21.381 7.86618 7.8072 7.8072 
18.9564 8.01193 27.5706 21.9026 7.87248 7.84299 7.84299 
18.3017 8.18553 28.0268 22.0968 7.80621 7.79147 7.79147 
19.6447 8.56807 26.5134 21.8509 7.91545 7.75376 7.75376 
19.5626 8.18014 28.1918 20.341 8.1785 7.77298 7.77298 
19.0345 8.79786 28.7063 19.4238 8.47237 7.7826 7.7826 
19.3993 8.38123 28.9549 19.1514 8.36598 7.8736 7.8736 
19.6006 8.15101 28.8339 19.4767 8.14339 7.8972 7.8972 
19.9474 8.48727 26.9169 20.7678 8.04228 7.91919 7.91919 
20.5987 8.46239 27.8335 19.4464 7.92739 7.86584 7.86584 
19.6451 8.28104 29.0258 19.5363 7.85778 7.827 7.827 
21.1461 8.11111 28.1894 18.8858 7.89948 7.88409 7.88409 
20.7397 8.72222 28.2613 18.4429 7.94974 7.94204 7.94204 
22.3572 9.09297 26.4335 18.0543 8.23354 7.91424 7.91424 
23.471 9.8621 26.6719 15.6716 8.43571 7.94383 7.94383 
24.8227 9.96461 27.0943 14.0439 8.41249 7.83098 7.83098 
24.3715 9.63347 28.8296 13.1681 8.19295 7.9022 7.9022 
26.1119 9.17915 28.6765 12.4565 7.95554 7.81016 7.81016 
27.0882 8.78312 29.177 11.5509 7.84874 7.77605 7.77605 
25.1066 8.29781 32.401 10.7754 7.83062 7.79427 7.79427 
25.0911 8.0764 29.6446 13.6959 7.8428 7.82463 7.82463 
25.1568 8.1925 28.6205 14.5631 7.92734 7.76988 7.76988 
