5 80000 300 266
20 20 20 20 20 
18.277 20.6419 21.2331 20.6419 19.2061 
18.6412 20.0012 22.9611 21.1558 17.2407 
16.1259 20.0195 24.524 22.4871 16.8434 
17.8095 18.4893 24.1529 23.2319 16.3164 
18.0052 18.3451 24.3149 23.436 15.8988 
16.8184 19.7721 24.6842 23.2812 15.4441 
16.5873 20.6521 25.2821 23.2348 14.2438 
15.2599 19.3148 27.2478 23.4151 14.7623 
14.3193 19.408 26.4357 25.313 14.524 
13.3828 19.146 26.7372 25.9612 14.7727 
12.0726 19.8869 27.6062 25.6488 14.7855 
11.6291 20.1224 31.2528 23.1152 13.8804 
11.5163 19.9296 31.8545 22.9611 13.7385 
11.7105 19.4886 29.9749 25.2901 13.5359 
11.27 19.5369 29.6188 25.4331 14.1412 
11.369 16.8786 30.7497 26.0193 14.9835 
12.1004 16.4039 29.9766 26.7265 14.7926 
13.0479 14.974 34.5143 24.6499 12.8139 
12.1546 15.8203 32.5725 25.8385 13.6142 
11.9446 15.4357 32.1026 27.5876 12.9295 
11.6214 15.0496 30.234 29.4188 13.6763 
10.7419 15.2083 32.4335 27.8975 13.7189 
10.8278 17.3757 29.2878 30.1924 12.3163 
12.2718 16.7926 28.3596 28.9366 13.6394 
11.5883 19.3012 29.7251 27.1133 12.2722 
12.0914 19.6002 29.8499 26.9068 11.5517 
11.9981 18.3715 29.925 28.2153 11.4901 
12.2927 20.1415 30.4636 25.9958 11.1064 
11.3648 21.3571 28.8241 27.1969 11.2571 
11.5437 21.3245 28.2876 27.7133 11.1309 
10.841 22.4134 28.3143 27.9119 10.5194 
10.3962 20.9154 27.0212 30.9463 10.7209 
11.1223 21.9506 28.4395 28.1509 10.3367 
11.7383 21.5814 31.5857 25.0311 10.0635 
11.7654 19.8709 32.5381 25.841 9.98457 
12.9879 19.2775 31.1375 26.6047 9.99228 
12.744 19.6147 31.5543 25.3216 10.7654 
12.6073 20.278 30.9536 25.8373 10.3239 
12.1934 22.1691 28.5094 26.9537 10.1745 
11.6114 21.1335 29.941 27.3249 9.98919 
11.3057 21.5668 30.3455 26.6625 10.1196 
12.1172 20.2821 31.1358 25.8642 10.6007 
12.5334 18.5343 32.3545 25.522 11.0557 
13.201 19.4861 31.8707 24.9265 10.5157 
12.4116 17.8544 33.7319 25.7804 10.2215 
11.598 17.6282 33.9003 26.8608 10.0127 
11.7898 17.109 34.4617 25.5272 11.1124 
12.0352 15.948 33.5216 28.0518 10.4434 
12.9796 16.3284 31.0646 28.9626 10.6647 
13.4923 16.1495 31.1343 27.872 11.352 
14.6762 16.0048 31.6962 26.9736 10.6491 
15.2537 18.8204 28.513 26.6794 10.7335 
14.4279 16.9669 29.4958 28.8309 10.2786 
14.0842 15.2264 30.3967 30.1915 10.1011 
14.0161 15.5328 29.9738 29.8712 10.6061 
13.6496 14.1574 33.5333 28.0935 10.5662 
14.299 15.0684 31.7151 28.222 10.6955 
16.012 16.6612 29.2173 27.8676 10.2419 
14.2723 17.469 31.4494 26.7275 10.0818 
12.8427 16.7508 32.8443 27.0866 10.4757 
11.9769 15.9151 33.3533 28.6227 10.132 
12.477 16.1 33.9795 27.2884 10.1551 
13.4736 15.2852 34.1732 27.0809 9.9871 
14.3871 13.9267 35.6658 26.1088 9.91158 
15.6768 15.3181 35.0566 23.8513 10.0972 
15.5947 15.1383 34.9798 24.2525 10.0347 
17.5431 15.62 29.778 26.2506 10.8083 
15.549 16.6335 31.3852 26.0409 10.3914 
15.8567 16.125 32.9529 24.9382 10.1272 
15.9013 17.2517 31.8818 24.9016 10.0636 
15.8791 17.0657 32.1813 24.8549 10.019 
14.0206 16.1004 33.388 26.4815 10.0095 
13.9966 15.5845 33.1323 27.3503 9.93626 
16.5635 15.6183 29.8995 28.023 9.89567 
15.1239 16.7565 32.055 26.1168 9.94783 
13.253 16.3728 32.6942 26.8795 10.8005 
12.5088 15.4057 33.0583 28.6804 10.3468 
13.0112 15.1353 34.2319 27.3132 10.3085 
12.8886 15.1664 33.2254 28.7022 10.0175 
12.3509 15.0008 33.2336 28.6368 10.778 
12.4957 15.0847 33.0494 29.0656 10.3047 
13.5104 15.7826 33.1448 27.5216 10.0406 
13.7384 16.2712 31.7959 28.0066 10.1879 
13.302 16.1765 31.8336 28.6232 10.0647 
13.2984 15.7472 34.1249 26.8839 9.94565 
13.7725 15.1339 32.8159 28.3734 9.90433 
15.0783 15.3353 31.8034 27.8873 9.89567 
15.4188 13.5416 33.9533 27.2674 9.81889 
15.4133 14.1726 33.4419 27.0778 9.89434 
15.4653 12.8334 34.3934 27.4757 9.83223 
15.2185 12.6314 34.0046 28.2859 9.85962 
15.5865 12.1562 35.6633 26.6785 9.91556 
17.7348 11.4874 35.2293 25.62 9.92854 
17.6211 11.9752 34.3802 26.1631 9.86041 
19.7792 11.5431 31.4351 27.3266 9.91596 
18.9936 11.6964 31.3245 28.1141 9.87128 
18.9364 12.0429 32.0339 27.1839 9.80289 
18.8166 13.2452 32.0226 26.0565 9.85895 
19.4382 13.2095 30.2329 27.2498 9.8696 
17.8424 11.7868 31.7831 28.751 9.83676 
17.6102 11.5336 31.5928 29.4669 9.79643 
19.039 12.0534 30.4163 28.6224 9.86897 
18.6526 10.9802 31.1524 29.3267 9.88805 
18.994 11.0792 33.552 26.4458 9.92892 
18.3927 10.4476 36.2545 25.0327 9.87243 
19.9316 10.812 36.2155 23.1046 9.93622 
22.0029 10.3443 34.6201 23.1264 9.90638 
22.5936 11.3174 33.3715 22.876 9.84146 
22.6387 10.6108 33.6187 23.2591 9.87281 
22.7307 11.1612 34.6772 21.5395 9.89136 
23.1752 10.4886 34.3631 22.1194 9.85365 
22.4439 10.2902 35.0715 22.3747 9.81979 
23.0375 11.0529 34.3945 21.7061 9.80903 
24.4706 10.4963 33.9141 21.2446 9.8744 
24.8915 10.2482 33.9883 20.9348 9.9372 
23.2566 10.9799 33.811 22.029 9.92355 
24.2423 10.5052 33.1669 22.2607 9.825 
24.2057 10.2375 34.8614 20.798 9.89739 
24.0151 10.2912 33.8884 21.9978 9.80763 
23.8746 10.0506 34.6657 21.6001 9.80888 
23.4153 10.8429 33.5278 22.4353 9.77865 
23.7825 10.3534 32.4102 23.2925 10.1614 
22.7539 11.0873 33.777 22.3491 10.0328 
21.8074 10.6761 33.6103 23.9229 9.98328 
22.7135 11.1663 31.3757 24.8449 9.89962 
21.5509 10.7611 32.3545 25.5292 9.80418 
21.7818 11.5126 32.8439 24.0854 9.7763 
26.1007 10.6514 30.5828 22.8818 9.78326 
23.7875 12.0565 30.035 24.2614 9.85958 
24.3505 11.0455 29.5504 25.2795 9.77408 
25.0235 12.9531 29.4811 22.7017 9.8406 
26.7523 11.8563 30.4051 21.161 9.82536 
25.754 11.7913 31.6521 21.0039 9.79868 
23.0145 11.7376 31.6336 23.7322 9.88216 
25.2951 10.8688 30.2107 23.6843 9.94108 
26.9333 11.1162 29.0664 23.0434 9.84067 
26.7453 10.804 30.7627 21.8496 9.83837 
26.7167 10.3859 28.7254 24.2688 9.90311 
26.1873 11.114 27.8495 24.9634 9.88576 
28.8344 10.557 28.5544 22.1113 9.94288 
29.9224 10.1566 31.6988 18.3727 9.84949 
30.0619 11.2863 30.7823 18.079 9.79052 
30.637 10.6432 30.8457 17.9789 9.89526 
28.4673 10.1659 32.8969 18.678 9.79192 
26.6161 9.94187 34.0033 19.6838 9.75489 
26.4228 9.88897 33.2312 20.6616 9.79548 
26.6982 9.87869 32.734 20.8571 9.83195 
25.9705 9.79372 32.71 21.7554 9.77034 
24.3731 9.87906 32.0134 23.867 9.86738 
24.8163 10.3029 31.2316 23.8712 9.77798 
27.6411 9.99014 31.028 21.613 9.7277 
30.7697 9.91032 31.1072 18.4336 9.7791 
30.9077 9.85712 32.0569 17.3868 9.79151 
30.2266 11.2597 30.6388 18.109 9.76589 
30.5118 10.5212 30.5368 18.6559 9.77425 
29.9056 11.7892 29.7588 18.7229 9.82343 
28.8042 10.7933 30.251 20.3412 9.81036 
26.3693 10.3147 32.8304 20.6624 9.82321 
26.518 10.1573 31.7486 21.6645 9.91161 
26.5276 10.2567 32.3791 21.0264 9.81017 
26.5744 10.0771 32.5718 20.9228 9.85389 
28.102 9.92072 30.4273 21.7408 9.8091 
31.3979 9.89233 27.4586 21.4146 9.83652 
30.9387 9.91192 29.1402 20.1251 9.88402 
31.2203 10.2673 31.6031 17.0223 9.88706 
32.2768 10.0656 33.6587 14.1234 9.8755 
31.8307 10.7251 32.8293 14.754 9.86083 
30.4544 10.3271 33.9679 15.3557 9.89495 
30.5333 11.4561 32.4601 15.6711 9.87945 
29.4146 10.712 34.8796 15.0703 9.92365 
30.176 10.356 34.471 15.0351 9.96182 
31.5396 10.178 31.9129 16.3885 9.98091 
30.4224 10.0739 32.1196 17.4088 9.97535 
30.3086 10.2317 30.0208 19.581 9.8578 
29.6494 10.0019 30.4827 20.0511 9.8149 
29.4935 11.1524 30.0679 19.4893 9.79704 
29.3037 10.4812 31.3314 19.0801 9.80358 
28.1387 10.1748 32.2775 19.5729 9.836 
31.4452 10.5839 28.1955 19.8928 9.88254 
31.742 10.4699 29.7935 18.1989 9.79564 
30.9372 10.2019 32.7776 16.2186 9.86471 
31.3307 10.1009 31.906 16.73 9.93235 
33.2092 9.96274 32.2688 14.6808 9.87846 
32.9869 10.4421 33.5405 13.1424 9.88803 
33.511 10.1333 34.3141 12.1853 9.8563 
33.6386 9.9368 33.7155 12.9108 9.79828 
34.5825 9.90261 32.6472 13.0344 9.83335 
35.4573 11.5257 30.1644 13.0916 9.76097 
34.9472 10.7297 31.3074 13.1683 9.84737 
31.325 11.1081 32.2077 15.5369 9.82233 
33.2063 10.4663 31.8933 14.6105 9.82345 
32.4762 10.1538 31.8197 15.718 9.83236 
31.5341 10.0111 32.0283 16.5761 9.85039 
30.6186 10.1211 32.3508 17.0339 9.87569 
31.1321 9.9656 31.0488 18.0106 9.84291 
32.0044 9.94855 30.0792 18.0807 9.88721 
32.9036 10.0799 32.1171 15.0262 9.87318 
35.8676 10.0228 30.3197 13.8705 9.91941 
35.5609 9.92664 31.2615 13.3759 9.87496 
34.9626 9.94614 32.1256 13.0454 9.9203 
35.5141 9.8911 31.9644 12.7522 9.87818 
32.8733 9.92894 32.0952 15.1801 9.92248 
30.9367 9.96447 34.0476 15.09 9.96124 
29.8232 9.98223 34.4432 15.7708 9.98062 
31.2125 9.85005 32.8956 16.1926 9.84924 
31.2103 9.7908 32.3874 16.8211 9.79039 
32.327 9.86229 30.7632 17.1854 9.86208 
32.4174 10.0395 31.0163 16.6422 9.8846 
31.325 10.1693 30.4583 18.1218 9.92569 
31.6045 9.97593 31.1712 17.3942 9.85415 
31.7562 9.92218 30.3882 18.0721 9.86129 
29.7045 10.4273 30.4674 19.4862 9.91457 
30.4985 10.1456 29.3494 20.1173 9.88926 
30.9835 9.96792 31.4579 17.7509 9.83973 
31.7378 9.87355 31.0286 17.5505 9.80946 
32.4218 9.88558 31.0433 16.7958 9.85353 
31.536 9.89635 32.2399 16.4474 9.88033 
31.6043 9.93038 31.7783 16.7646 9.92237 
31.8366 9.96519 31.9236 16.3133 9.96118 
31.9897 9.9826 32.7475 15.2995 9.98059 
32.9357 10.09 32.6567 14.3932 9.92451 
31.2136 10.2992 31.7521 16.8576 9.87751 
31.3963 10.2373 32.3673 16.1481 9.85103 
30.3085 9.9888 34.0408 15.8663 9.79565 
30.3503 10.7134 32.8701 16.2665 9.79978 
30.0541 10.201 30.9679 19.0329 9.74418 
29.0001 11.4978 30.8038 18.9441 9.75425 
28.9481 10.619 30.824 19.8616 9.74725 
28.7352 10.2923 31.735 19.381 9.85644 
29.3853 10.0932 32.652 17.9944 9.87522 
29.1526 10.7957 29.9148 20.3212 9.81566 
30.1909 10.3812 28.5787 20.958 9.89122 
28.3097 10.1906 30.1822 21.3718 9.94561 
28.6819 10.3318 29.1114 22.0035 9.87145 
28.8146 10.1001 30.5096 20.7057 9.86994 
27.9021 9.89435 30.9988 21.4255 9.77926 
28.2893 9.91041 30.3891 21.5583 9.85286 
28.2956 9.98665 31.3895 20.5276 9.80065 
27.0849 9.88843 32.478 20.7533 9.79543 
27.0803 9.81786 31.7625 21.568 9.77136 
28.095 10.0459 30.7785 21.2292 9.85143 
28.3098 9.94099 30.6351 21.2703 9.84375 
28.3933 9.93738 31.3772 20.4034 9.88876 
31.5043 9.8638 28.8005 19.9919 9.83949 
29.5785 9.91582 32.2459 18.3561 9.90367 
29.7553 9.88988 31.0889 19.3821 9.88381 
30.6119 10.0149 31.6284 17.9078 9.83701 
28.3423 9.95793 31.8208 20.01 9.869 
27.1779 9.87761 32.8023 20.3091 9.83315 
28.3347 9.85406 30.6384 21.341 9.83183 
28.8732 9.88059 32.1923 19.1844 9.86947 
30.8327 9.81043 31.3559 18.1961 9.80487 
32.3106 9.85402 30.3537 17.6305 9.85124 
29.3957 10.6761 29.1141 21.0104 9.80367 
26.738 10.522 31.1123 21.8764 9.75133 
25.4686 10.5991 31.0366 23.0379 9.85787 
24.7415 10.1383 32.1849 23.1677 9.76765 
25.1954 11.4003 31.0275 22.6228 9.75395 
24.8318 10.6647 29.5209 25.1412 9.84152 
23.3956 10.231 31.3145 25.2395 9.81941 
23.7946 10.2768 30.6572 25.3617 9.9097 
23.564 10.1384 29.8286 26.5142 9.95485 
22.2215 10.0143 29.7495 28.0923 9.92248 
21.2172 11.922 28.7045 28.2305 9.92578 
20.7113 10.9268 28.7358 29.6975 9.92864 
18.4439 10.7943 30.7282 30.1061 9.92756 
20 20 20 20 20 
18.4871 23.0996 19.7786 20.6089 18.0258 
21.2001 21.2488 21.6786 20.5887 15.2838 
21.5375 20.1832 24.2584 20.4046 13.6162 
19.0863 18.8818 25.3617 22.4897 14.1805 
18.2716 19.2469 26.0429 21.5897 14.8489 
16.8032 19.2347 25.6565 22.0259 16.2797 
16.9382 19.0409 28.4602 21.2125 14.3483 
15.9001 20.03 29.5167 21.3281 13.2251 
14.7317 18.5207 32.9193 20.3192 13.5091 
13.9448 19.2384 32.2491 21.7824 12.7853 
14.0802 19.178 29.9726 23.1461 13.623 
13.7149 20.0259 30.5203 23.2235 12.5154 
14.1262 19.5945 30.4584 23.2858 12.5352 
13.7064 19.0047 32.4786 22.249 12.5613 
13.5115 18.7988 30.6865 24.5667 12.4364 
12.7604 19.6765 30.2393 24.4081 12.9157 
12.8318 19.9765 31.7095 23.2639 12.2182 
11.5107 19.4669 32.087 24.7836 12.1518 
12.0053 19.1653 32.8617 24.5509 11.4168 
11.9409 19.3214 32.3453 24.1519 12.2405 
11.3358 20.163 31.5836 24.8614 12.0563 
11.2668 21.9304 28.0314 25.8421 12.9292 
11.6154 20.2203 29.4785 26.6908 11.9951 
11.7039 18.7186 31.9562 26.3171 11.3041 
11.2347 19.0483 32.0068 26.6753 11.0348 
10.843 19.3816 30.7302 27.5894 11.4557 
11.1727 19.55 29.0975 27.9966 12.1832 
10.9104 19.8444 29.3636 27.1927 12.6888 
11.3984 21.2917 28.5061 27.2915 11.5124 
10.6992 20.4186 29.5939 26.9412 12.3471 
10.9051 19.1465 29.5313 28.2049 12.2122 
10.4144 20.3875 29.015 28.8607 11.3224 
10.3354 21.1495 28.377 29.4653 10.6728 
10.0956 21.2718 28.251 29.6365 10.7451 
10.0478 21.2173 30.2883 28.0741 10.3725 
10.7278 19.1038 30.7995 28.9642 10.4047 
12.8283 19.623 30.4471 26.9229 10.1787 
11.4485 19.4225 33.187 25.3607 10.5813 
12.3582 18.8021 32.9325 25.7025 10.2047 
13.3047 19.546 32.5291 24.5662 10.054 
14.7773 18.773 31.1395 25.1581 10.152 
13.6069 19.5388 31.5596 24.2542 11.0405 
13.2199 19.5757 31.5183 24.3547 11.3314 
13.1922 18.7752 33.1009 24.0761 10.8556 
12.6685 18.6899 32.7003 25.6039 10.3373 
13.6836 16.6944 34.1815 24.3682 11.0723 
13.8244 16.7013 32.9262 25.1517 11.3965 
16.1193 16.279 32.0641 24.0848 11.4527 
14.7428 16.6791 32.1212 24.9137 11.5432 
15.5468 17.5813 31.8189 24.3052 10.7479 
15.5728 16.3115 31.5083 26.3587 10.2486 
14.0836 16.9719 30.8675 27.663 10.414 
14.2194 17.3667 30.5189 27.0918 10.8031 
12.3453 15.3588 32.0134 29.9072 10.3754 
12.0393 16.8794 30.6734 29.4869 10.921 
12.7972 17.2632 30.0426 29.4493 10.4477 
11.9975 16.5743 30.1254 30.3497 10.953 
10.8887 17.4559 30.2216 30.5783 10.8555 
10.769 19.637 29.7861 29.445 10.3628 
11.507 18.1093 30.1992 29.9011 10.2834 
11.7631 17.4681 30.4842 29.9746 10.31 
12.5211 16.8641 33.1283 26.6404 10.8461 
13.1483 15.9576 34.9315 25.1824 10.7802 
13.3923 17.701 31.7334 25.9751 11.1982 
13.4863 17.8629 32.9037 24.9628 10.7843 
12.6642 16.1683 32.7677 26.8235 11.5763 
12.1368 17.8467 34.3258 25.0213 10.6694 
13.467 17.9925 31.96 26.3531 10.2273 
14.2604 17.1952 32.6467 25.811 10.0868 
14.9969 17.6643 31.6567 25.7055 9.97672 
15.0581 16.7897 31.4782 25.9827 10.6913 
15.1378 15.4601 31.9076 26.7142 10.7804 
15.4146 15.4428 31.1134 26.256 11.7732 
15.0372 14.6586 31.2635 28.1804 10.8604 
14.1468 14.678 32.3464 28.3553 10.4734 
16.2734 15.339 30.0399 28.1777 10.1701 
16.024 15.2751 29.8087 28.8776 10.0146 
15.137 15.1376 32.6543 27.0638 10.0073 
17.013 14.3743 32.5772 26.0319 10.0037 
17.0937 15.6359 31.6625 24.9273 10.6805 
15.6176 14.7624 34.3919 24.9637 10.2645 
15.7568 15.1847 30.0572 27.6552 11.3461 
15.0212 14.8752 30.8549 28.5335 10.7151 
16.0121 13.9218 31.854 27.9555 10.2567 
15.4586 15.4975 28.6641 29.4249 10.9549 
13.124 15.9066 31.7005 28.1335 11.1353 
12.5729 15.7402 32.3803 28.8209 10.4857 
13.3343 17.7105 31.6157 27.1764 10.1631 
14.9007 17.2385 28.9815 28.2589 10.6205 
15.1867 16.4989 31.9693 26.1638 10.1813 
15.0314 17.3404 30.9984 26.5805 10.0493 
17.099 17.1424 29.527 26.068 10.1635 
17.9678 17.574 28.3369 26.0534 10.0679 
16.6974 16.9137 30.8351 25.5611 9.99264 
16.7558 17.6014 30.7568 25.0225 9.86358 
15.9802 16.5492 30.4369 27.1311 9.90255 
14.0341 17.7526 31.0151 27.3018 9.89633 
15.3269 16.2003 31.7048 26.8903 9.87774 
16.9172 14.2195 31.9718 27.0273 9.86424 
16.9751 14.9394 32.6068 25.6015 9.87718 
15.9118 14.4394 33.8791 25.8311 9.93859 
16.5519 13.2369 33.2719 27.0989 9.84035 
17.0995 11.6184 33.5477 27.8142 9.92018 
17.6015 12.5621 33.2969 26.6944 9.84515 
20.4674 12.3417 31.9515 25.3169 9.92257 
19.7792 12.989 31.8848 25.3857 9.96129 
21.9585 14.1748 28.4816 25.5455 9.83958 
22.5418 13.1811 30.9595 23.3978 9.91979 
20.9251 14.9479 31.3299 22.9381 9.85903 
21.8823 13.3382 32.4859 22.4258 9.86779 
21.633 13.4301 32.2807 22.8481 9.80811 
21.3506 13.9851 32.9059 21.9582 9.8002 
21.1616 13.9834 34.3861 20.7055 9.76332 
22.9226 11.8968 31.9082 23.4857 9.78672 
21.9876 11.0653 32.4746 24.6083 9.86412 
23.3395 12.1685 30.7435 23.8782 9.87033 
24.3609 11.7417 31.5797 22.4896 9.82813 
22.6099 12.0058 33.1211 22.4411 9.82204 
24.6485 10.9109 32.5115 22.1101 9.819 
21.8481 12.1221 34.9859 21.2138 9.83013 
21.8136 11.7359 34.2107 22.4167 9.82304 
22.0179 12.0083 33.6258 22.4657 9.88228 
24.3086 11.223 30.2809 24.3641 9.8233 
23.4303 11.5462 30.274 24.9417 9.80779 
26.3278 10.7027 28.3412 24.7948 9.83347 
26.9797 10.9434 30.7825 21.4435 9.85095 
26.8339 11.4203 29.3784 22.4581 9.9094 
26.1829 12.549 30.1907 21.2594 9.81792 
26.2836 11.1605 30.4048 22.3561 9.79495 
25.8807 12.7459 28.419 23.1207 9.83378 
22.7376 11.2716 28.9054 27.2698 9.81554 
21.7789 11.6295 30.6988 26.0955 9.79736 
21.5376 11.6789 31.5531 25.3934 9.83695 
21.5264 12.9607 31.6856 23.9088 9.91848 
24.1295 11.4308 29.8692 24.6607 9.90973 
25.2813 11.4479 28.7881 24.5915 9.89117 
24.9804 10.6919 30.9005 23.5137 9.91353 
24.0866 11.37 31.4141 23.2026 9.92665 
23.7255 10.6694 33.1525 22.5047 9.94775 
23.1373 10.2367 32.9161 23.8341 9.87583 
23.7262 10.0841 32.8964 23.3896 9.90367 
22.9237 10.042 32.6603 24.4221 9.95184 
21.927 10.0044 34.1043 24.0051 9.95931 
22.5648 9.90417 33.2286 24.4208 9.88161 
23.4183 9.80645 33.281 23.6991 9.79518 
22.9508 9.769 34.2579 23.2589 9.76336 
25.1878 9.734 30.0052 25.3418 9.73118 
27.1049 9.75659 26.99 26.3933 9.75518 
25.7438 9.81657 29.0814 25.5423 9.81586 
25.4569 10.6906 28.9965 25.0161 9.8399 
27.907 11.0596 25.5697 25.5437 9.91995 
26.3281 11.8843 25.9955 25.9826 9.80947 
24.4544 10.7809 30.3813 24.64 9.74345 
26.2795 10.2924 29.8965 23.7579 9.77368 
26.109 10.095 30.4773 23.4831 9.83565 
26.9346 10.8835 28.6456 23.7289 9.80741 
28.043 10.4233 29.8209 21.8276 9.88526 
25.8676 12.1347 30.2951 21.8369 9.86571 
24.4354 11.0194 32.5597 22.1005 9.88493 
23.1211 10.4941 34.6599 21.7979 9.92689 
25.4867 10.1128 31.5917 22.9795 9.82922 
23.8932 9.93447 33.9143 22.4654 9.79266 
25.9989 9.8692 33.6238 20.7098 9.79829 
27.1374 9.9346 32.674 20.3549 9.89914 
30.6643 9.93053 33.8002 15.6922 9.91281 
29.173 9.80956 33.5091 17.7077 9.80069 
24.7619 9.81706 35.5265 20.0819 9.81263 
25.2188 9.80718 31.9524 23.2166 9.80496 
23.8748 11.2307 31.4083 23.6454 9.84075 
22.8589 10.5642 29.6973 27.0104 9.86918 
21.7183 11.0583 30.1916 27.2236 9.80824 
24.3404 10.4779 29.089 26.2398 9.85292 
24.6702 10.9955 28.0313 26.4423 9.86067 
22.4725 10.4806 29.4796 27.6541 9.91315 
21.9979 10.3727 30.7994 26.9065 9.92346 
23.7506 10.0521 29.1581 27.2117 9.8275 
21.3991 10.6383 31.0756 27.0412 9.84572 
23.6688 10.268 29.019 27.1725 9.87167 
23.6284 10.7818 29.4597 26.2108 9.91922 
22.8108 11.061 28.991 27.1948 9.94243 
22.1693 10.3916 30.4677 27.139 9.83233 
25.0974 10.1321 28.6097 26.3084 9.85247 
26.0299 10.0149 28.6393 25.4409 9.87504 
25.4705 10.7014 29.2663 24.6421 9.91973 
26.4194 10.263 27.9665 25.479 9.87214 
25.1594 10.0057 31.7505 23.2741 9.81029 
26.9361 9.95334 30.8918 22.3631 9.85564 
25.3646 10.6663 30.6183 23.4229 9.92782 
26.3479 10.3171 30.1001 23.287 9.94783 
26.6355 10.2867 28.9924 24.1435 9.94186 
25.0419 10.1434 30.0134 24.8304 9.97093 
25.81 10.0551 29.6247 24.5414 9.96885 
25.2053 9.97961 30.7868 24.0918 9.9365 
25.1456 9.97263 30.3418 24.5889 9.95107 
24.4862 10.4015 29.7919 25.4713 9.84918 
24.2706 10.1836 29.6726 25.9659 9.90741 
25.422 10.3365 29.6964 24.6962 9.84881 
24.8928 10.0774 30.3028 24.8936 9.8335 
23.6842 9.92467 29.8094 26.779 9.80274 
23.8353 10.8745 30.6141 24.876 9.80002 
23.9452 10.4201 31.2865 24.4655 9.88283 
23.3874 11.4801 31.2381 23.9691 9.92534 
23.2443 10.6451 28.752 27.4909 9.86773 
20.7427 10.2086 30.8255 28.4034 9.81986 
19.4174 10.0385 31.2022 29.4978 9.84414 
19.9397 9.96974 29.9575 30.2604 9.87257 
19.3344 10.6705 31.3667 28.8426 9.78578 
19.3191 10.2403 30.8732 29.7694 9.79795 
21.5185 10.5689 29.8597 28.186 9.86693 
22.3912 10.1455 29.3396 28.3291 9.79457 
21.812 10.2098 32.1355 25.9796 9.86304 
22.348 9.96381 32.3687 25.529 9.79045 
21.5701 10.4275 32.686 25.4708 9.84572 
21.141 10.0681 30.9061 28.1076 9.77723 
23.6934 10.0174 29.2404 27.1767 9.872 
22.8433 10.3352 30.4278 26.4749 9.91882 
21.6565 10.0334 31.6568 26.8281 9.82518 
21.4781 11.1539 30.4494 27.1325 9.78624 
21.815 10.482 31.5221 26.3827 9.79818 
21.5983 11.1621 29.4124 27.994 9.8333 
20.0518 10.5632 31.0763 28.4098 9.89886 
22.3735 10.4645 31.2394 26.0951 9.82748 
21.9804 10.1529 30.2229 27.8095 9.83437 
21.6431 10.0593 29.8881 28.5095 9.9 
25.3978 9.94489 29.0118 25.7802 9.86526 
26.8468 9.95637 28.9754 24.3049 9.91655 
26.2262 10.1685 30.5776 23.2251 9.80257 
28.338 9.92854 29.8217 22.1662 9.74557 
27.1198 10.702 31.3043 21.0831 9.79082 
27.9412 10.2005 33.3779 18.7355 9.74491 
28.4867 10.1002 32.818 18.7226 9.87245 
28.201 9.99712 31.0733 20.8454 9.88322 
28.2071 9.85749 29.0163 23.1186 9.80055 
28.7555 9.8738 30.9917 20.5337 9.84533 
28.072 9.87321 31.5786 20.6172 9.85897 
28.5265 10.1914 30.7575 20.6589 9.86579 
28.4524 9.99434 29.7368 21.9849 9.83154 
28.633 10.0819 29.9532 21.5009 9.83103 
28.6729 10.1565 29.168 22.1366 9.86601 
29.9102 9.99627 28.3545 21.888 9.85104 
27.8862 9.99813 29.8669 22.3233 9.92552 
28.347 10.4626 29.9997 21.261 9.92965 
27.1243 10.969 31.5572 20.4666 9.88286 
29.3785 10.4165 29.8943 20.4374 9.8734 
32.0577 10.9977 27.2278 19.8678 9.84898 
31.8183 10.762 28.7455 18.8155 9.8587 
33.0624 10.308 30.6136 16.1596 9.85636 
32.9648 10.3988 32.7893 14.0238 9.82328 
32.7576 10.0652 34.0121 13.3878 9.77741 
32.4261 9.93123 33.3912 14.4641 9.78736 
32.6416 9.96561 33.4813 14.0178 9.89368 
34.1897 11.2123 32.6423 12.0909 9.86487 
33.37 10.4719 33.603 12.7568 9.79821 
34.1044 10.5585 33.0918 12.3462 9.8991 
32.9306 10.1779 33.7756 13.2677 9.8482 
33.2427 10.0723 32.1702 14.6073 9.90749 
33.8399 10.0031 32.3103 13.9261 9.92063 
35.5406 10.0015 32.1896 12.3079 9.96032 
36.3462 11.3475 30.0267 12.3459 9.93372 
34.5432 10.656 30.4938 14.358 9.94907 
33.9383 10.26 32.4238 13.4715 9.90651 
34.5459 10.0788 32.9354 12.5378 9.90206 
33.9908 10.1007 33.9524 12.0971 9.859 
32.1678 10.2228 34.7348 12.9451 9.9295 
32.5887 10.1276 33.5486 13.9159 9.81912 
32.5281 10.5833 32.1964 14.9125 9.77969 
20 20 20 20 20 
16.6176 21.2132 21.6728 19.2831 21.2132 
18.8699 22.2403 21.1499 18.7175 19.0225 
19.5227 21.5587 22.0662 19.3587 17.4937 
18.4398 20.6413 24.2481 21.3164 15.3543 
20.9158 19.0926 23.7225 22.8415 13.4277 
19.9871 19.4118 24.8657 23.4162 12.3192 
17.6522 21.7409 26.2184 21.6644 12.7242 
14.9799 22.5188 26.4059 22.4805 13.6148 
14.1779 21.132 26.7911 24.4037 13.4953 
12.7756 21.9394 29.5973 23.468 12.2198 
12.3375 23.4411 30.2448 20.8873 13.0893 
12.0778 23.6524 30.6906 20.7846 12.7946 
11.8212 24.0711 29.2909 22.1837 12.6331 
10.8418 23.1594 30.8152 22.7891 12.3946 
10.6363 22.8042 29.8067 23.9796 12.7732 
10.5265 21.703 29.8339 25.9944 11.9422 
13.3011 20.1896 31.1108 24.1083 11.2902 
12.9579 20.7599 31.3811 23.9808 10.9203 
11.397 21.8554 30.0934 24.8709 11.7834 
11.306 22.4931 31.0514 23.8841 11.2655 
11.0928 19.8114 33.234 24.3263 11.5355 
11.6785 19.1038 30.7679 27.7292 10.7206 
11.6449 20.4524 29.602 27.8456 10.4551 
11.1878 18.4454 32.4951 27.5073 10.3645 
10.9767 17.5959 31.7978 29.5431 10.0866 
11.6264 19.6675 29.5817 28.0708 11.0535 
11.4895 18.4086 30.3706 28.4074 11.3239 
10.6608 17.8374 30.533 30.3907 10.578 
11.0482 16.9479 31.6899 30.0372 10.2768 
12.1666 15.8411 31.3039 29.9945 10.694 
11.7068 18.3117 28.9771 29.6672 11.3372 
10.7813 19.1318 29.9934 28.0547 12.0388 
10.3525 19.3624 27.4649 30.4396 12.3807 
10.0923 19.873 28.3607 29.3685 12.3055 
12.1534 18.4153 30.1405 28.1506 11.1403 
11.5779 20.6991 27.6619 27.8895 12.1716 
11.6852 21.7882 25.9772 28.4494 12.1 
10.8087 21.165 28.7899 27.4301 11.8062 
11.1421 21.004 31.3739 25.4247 11.0553 
11.0684 19.1408 29.1686 29.5972 11.025 
11.8574 19.7577 29.2213 28.0304 11.1331 
12.5789 20.8395 29.389 26.0842 11.1084 
14.0306 23.6177 26.7503 23.4482 12.1532 
13.2034 20.8435 29.093 24.7191 12.141 
13.2768 20.6233 29.0301 24.8281 12.2418 
14.2141 20.5389 29.6666 22.8938 12.6865 
14.4781 20.9574 26.9954 25.5747 11.9944 
13.489 21.1758 27.5602 25.2873 12.4876 
12.642 22.2546 28.6519 25.0796 11.372 
13.9546 20.2876 27.812 26.2802 11.6656 
13.3187 21.2414 29.5157 25.0913 10.8328 
11.6594 21.7457 29.6329 25.9207 11.0414 
11.6086 21.4256 29.8918 26.6538 10.4202 
11.414 22.2982 28.3605 27.1074 10.8199 
11.9733 21.3319 28.8017 27.0002 10.893 
10.9605 21.9225 27.6207 28.2907 11.2056 
12.5331 21.6665 28.7978 26.362 10.6406 
13.4831 20.2405 31.4092 24.3923 10.4749 
13.2519 19.365 32.5015 24.4357 10.4458 
13.5469 19.852 29.9513 26.2009 10.4489 
14.4855 19.8232 28.8574 25.9539 10.88 
15.2628 17.1798 30.7194 26.5108 10.3272 
13.5808 18.2101 31.5622 26.2934 10.3535 
14.1136 16.0495 32.4478 26.6568 10.7323 
13.8453 14.8133 33.4563 27.2971 10.5881 
15.256 14.2015 32.1128 28.1357 10.294 
15.5515 14.068 32.723 27.3192 10.3383 
15.5478 15.3241 33.3304 25.7062 10.0914 
14.3123 15.3544 33.7165 26.1865 10.4303 
15.0302 14.6326 35.0997 25.0355 10.202 
15.6868 13.826 35.5554 24.1521 10.7797 
17.8698 14.3009 34.2685 23.2898 10.2711 
17.3588 13.808 33.8462 24.2808 10.7062 
17.6283 12.8699 34.2526 24.9245 10.3247 
16.2427 14.435 34.2692 24.6051 10.4481 
16.4783 15.0078 31.7238 26.6085 10.1815 
16.5498 14.1797 34.3905 24.8846 9.9954 
16.6548 15.0507 34.6534 23.7552 9.88597 
17.3825 14.7432 33.5996 24.3448 9.92986 
17.0246 15.5661 31.7998 25.2279 10.3816 
17.756 14.7858 32.0064 25.3591 10.0928 
19.0318 14.316 30.6186 25.2949 10.7387 
19.4629 14.9829 31.8875 23.3902 10.2765 
17.8917 14.168 34.3414 23.5645 10.0344 
18.6916 14.5699 33.4136 23.3642 9.9607 
17.167 15.2458 33.1873 24.5313 9.86862 
17.1095 14.2703 33.7902 24.9824 9.8476 
17.6828 14.7646 33.3801 24.3441 9.82843 
16.6318 14.4644 34.1121 24.9199 9.87172 
15.5808 15.6368 34.435 24.4258 9.92162 
16.0537 16.5019 31.7833 25.7983 9.86277 
17.8559 15.0885 32.4159 24.7225 9.91714 
17.074 14.8476 32.5001 25.704 9.8743 
19.2181 13.461 32.6587 24.7715 9.89071 
19.519 14.5383 29.3924 26.65 9.90031 
17.8433 15.9518 30.5645 25.7502 9.89027 
17.9217 14.2616 29.7108 28.1608 9.94514 
18.9608 13.698 30.2285 27.2147 9.89794 
19.7652 12.5452 30.1459 27.6896 9.85403 
18.7963 12.6793 30.9504 27.7724 9.80167 
18.0437 12.1033 33.3426 26.7104 9.79997 
18.9634 11.461 33.338 26.3669 9.87075 
17.9891 11.1036 34.4302 26.6163 9.86075 
17.0591 12.4433 33.1975 27.3844 9.91571 
16.6261 11.4773 32.6499 29.3172 9.92945 
17.6786 12.2341 32.7902 27.3474 9.94962 
17.7836 13.0086 32.6708 26.5769 9.96015 
19.1191 12.1861 30.9458 27.5742 10.1749 
19.381 11.7478 32.8836 25.9895 9.99815 
20.2733 12.3156 31.3191 26.1849 9.90705 
21.7002 12.3467 29.9918 26.1218 9.83952 
20.6938 12.8921 31.0896 25.4046 9.91976 
21.1312 12.165 33.6821 23.1598 9.86184 
19.7428 10.9876 35.5119 23.9217 9.83598 
19.1986 10.9984 35.3401 24.652 9.81096 
21.266 10.6507 33.7306 24.4472 9.90548 
21.7257 10.2922 34.0839 23.9786 9.91963 
21.3567 10.393 34.3259 24.0263 9.89809 
24.1088 10.0509 31.8879 24.1491 9.80341 
24.5973 10.1801 30.5487 24.7893 9.88452 
25.0856 10.0081 32.9793 22.0668 9.86029 
24.316 10.818 32.3327 22.6613 9.87201 
25.0864 11.6395 31.8984 21.4553 9.92043 
24.885 10.7248 33.3543 21.0124 10.0235 
25.5144 10.2644 31.2196 23.0879 9.91371 
24.495 10.0102 30.5488 25.111 9.83491 
22.678 9.97201 32.493 24.9727 9.88434 
22.5254 10.2402 29.9753 27.4016 9.85742 
21.9184 10.8578 29.7417 27.6352 9.84674 
23.2109 10.3958 30.9305 25.5726 9.89026 
21.7453 10.093 31.724 26.5975 9.84023 
19.3142 11.053 33.5568 26.2858 9.79025 
21.095 10.4285 32.4647 26.2148 9.79708 
20.1185 11.8149 32.0739 26.1437 9.84904 
20.1921 10.8908 32.9805 26.0287 9.90791 
21.2072 12.5883 29.8236 26.5064 9.87459 
21.9818 11.4223 29.8156 26.875 9.90524 
22.0841 10.8559 30.5027 26.6208 9.93654 
22.5307 10.4441 29.1672 28.0353 9.82264 
22.9742 10.1271 30.7228 26.3594 9.81638 
22.3846 10.1918 31.5473 26.0002 9.87614 
23.6072 10.0279 32.4403 24.0545 9.87004 
23.1809 10.1037 33.1363 23.7039 9.87514 
24.8795 10.0353 31.5183 23.646 9.92096 
22.7291 11.2877 32.801 23.2378 9.9444 
25.6727 10.5181 30.0797 23.883 9.84642 
24.5247 11.1032 30.2996 24.2792 9.79334 
26.2279 10.5516 29.805 23.5189 9.89667 
26.3825 13.5282 27.5238 22.7627 9.8027 
26.5692 11.6136 29.6482 22.4181 9.75085 
26.4768 11.9957 30.4593 21.3068 9.76142 
26.6255 10.9979 29.9071 22.5889 9.88071 
27.2368 10.5622 31.4092 20.9463 9.84542 
29.0789 10.2153 30.1783 20.6705 9.85692 
28.7535 10.4588 29.3032 21.7065 9.77796 
29.5144 10.1224 28.8718 21.7095 9.78195 
28.8555 10.7989 29.8457 20.6908 9.80901 
28.9826 10.3652 32.2174 18.5646 9.87026 
28.1569 10.1665 32.3466 19.4109 9.91905 
29.1425 10.0512 32.6797 18.199 9.92747 
29.4865 9.94086 31.2551 19.4385 9.87899 
29.0061 10.0986 31.9737 19.0141 9.90744 
29.5195 9.99981 31.4984 19.078 9.90422 
29.5438 10.6477 29.7027 20.1702 9.9355 
31.8772 10.2111 31.0168 17.04 9.85497 
33.7957 10.0375 32.175 14.1322 9.85946 
31.8511 10.0032 32.91 15.3216 9.91415 
30.7857 9.8967 32.3641 17.1013 9.85218 
30.7154 11.0774 30.5369 17.7442 9.92609 
31.0862 10.6711 30.3347 17.9781 9.92993 
31.9224 10.508 32.5811 15.0235 9.96497 
33.3453 10.552 33.6747 12.4786 9.94937 
32.145 10.9763 32.9611 14.0569 9.86068 
32.5725 10.4882 32.1472 14.8618 9.93034 
29.6642 10.0936 32.9632 17.4643 9.81467 
29.2361 10.1792 31.7134 18.9971 9.87422 
29.4695 10.5352 31.2032 18.9045 9.88761 
30.8912 10.1996 31.588 17.4454 9.87578 
31.2099 10.673 31.3991 16.8437 9.87419 
30.4879 10.186 31.7531 17.7864 9.7866 
31.3457 11.0252 31.3003 16.5203 9.80855 
35.9627 10.4039 30.6864 13.1515 9.79558 
34.7021 10.5591 31.7393 13.2316 9.76792 
33.8543 10.1815 33.1899 12.9883 9.78592 
32.8441 10.1081 33.377 13.9336 9.73725 
32.8672 10.2035 31.8048 15.2725 9.85201 
32.4014 10.2631 31.225 16.1846 9.92601 
31.7007 10.1315 32.7791 15.4256 9.963 
32.4098 10.0497 31.8237 15.7514 9.96542 
32.2763 9.89497 31.8209 16.1549 9.85284 
32.6398 9.89798 31.9171 15.6682 9.87692 
34.3471 10.2211 31.6048 13.9566 9.87043 
33.6815 10.0312 31.9929 14.4386 9.85585 
32.9291 9.90518 33.5043 13.8439 9.81752 
32.9182 9.90467 32.0876 15.2287 9.86083 
31.8689 10.3622 30.7979 17.1225 9.84845 
32.0582 10.0671 30.7084 17.3561 9.81022 
29.5523 11.0834 34.0375 15.4396 9.88732 
30.6702 10.5086 32.9128 15.9979 9.91055 
30.06 10.1087 33.2849 16.7368 9.80964 
29.4562 9.97236 32.8719 17.8766 9.82285 
28.8477 9.96957 31.5523 19.7356 9.89482 
25.9145 10.7301 31.3041 22.1349 9.91635 
28.5202 10.332 29.2282 21.9946 9.92506 
26.3039 10.6404 31.4024 21.7637 9.88954 
27.8071 10.3202 31.2185 20.7094 9.94477 
28.9657 10.1291 31.1372 19.8268 9.94133 
29.0043 10.015 33.5554 17.5041 9.92116 
30.656 10.2383 31.5469 17.6752 9.88366 
32.5204 10.0087 30.6 17.0395 9.83142 
31.075 10.0044 33.0778 15.9271 9.91571 
31.9138 10.0544 30.9988 17.197 9.8359 
30.7956 11.8014 30.6607 16.8243 9.91795 
27.8978 11.3802 31.5975 19.1998 9.92473 
25.1173 11.8756 32.9809 20.081 9.94518 
26.8444 10.9212 31.7728 20.5056 9.95598 
26.1982 10.3502 31.3438 22.2402 9.86758 
25.4737 10.0246 31.2238 23.4947 9.78329 
23.3533 10.3205 32.7352 23.7336 9.8574 
22.978 10.126 32.4635 24.5381 9.89445 
22.693 10.0797 33.2886 24.1419 9.79672 
24.266 9.90564 33.5906 22.4737 9.76413 
22.529 9.90331 33.957 23.7781 9.83256 
24.1024 9.85031 33.5326 22.6999 9.81493 
23.289 9.81115 33.0529 24.0535 9.79346 
22.2452 9.85257 32.0742 25.9844 9.84373 
19.3418 10.0633 32.8179 27.8894 9.88762 
19.4891 10.1225 33.1362 27.3993 9.8529 
19.8392 10.7395 32.9719 26.6334 9.81604 
20.8411 10.6599 31.503 27.1392 9.85683 
21.2453 11.3437 31.3872 26.1126 9.91123 
24.4925 10.6376 30.5909 24.3577 9.92137 
25.2557 10.6479 30.3425 23.9343 9.81962 
25.3397 10.2392 30.256 24.34 9.82506 
23.3365 10.2863 30.128 26.3367 9.91253 
24.2106 10.0584 29.8098 26.0497 9.87152 
24.6892 9.89497 29.8378 25.7765 9.80153 
23.7325 10.8194 30.3993 25.1658 9.88297 
22.9774 10.3303 30.5965 26.2337 9.86212 
22.6589 10.1297 30.5465 26.7693 9.8956 
21.0284 9.91435 31.1595 28.1004 9.7973 
20.6613 10.5454 32.7856 26.109 9.89865 
20.4334 10.2385 31.4613 27.9518 9.91508 
22.6757 10.2012 29.5011 27.7464 9.87557 
25.0221 10.0129 30.1892 24.9258 9.85007 
25.212 10.3119 31.3325 23.2346 9.90896 
26.9696 10.065 29.8481 23.2537 9.86357 
24.1866 10.6466 30.3626 24.9602 9.84407 
24.7535 10.6117 30.0852 24.6596 9.88998 
24.7514 10.1554 29.9255 25.3733 9.79449 
22.6187 10.1124 32.1503 25.3602 9.75836 
22.3655 10.0067 30.2666 27.5316 9.82967 
22.2217 9.87348 30.2307 27.8892 9.78497 
21.4617 9.84902 31.782 27.1025 9.80476 
22.4858 10.7192 30.7917 26.134 9.86927 
21.486 10.7416 30.8472 27.1295 9.79575 
21.7266 10.9445 32.1449 25.368 9.81591 
20.934 10.4193 30.0301 28.7618 9.85495 
21.3296 11.2799 28.9128 28.5981 9.87955 
22.5614 10.64 29.284 27.5749 9.93978 
21.1373 10.6963 30.9502 27.4075 9.8086 
22.208 10.2662 30.5571 27.1464 9.82233 
24.4911 10.9395 28.5043 26.1538 9.91117 
24.5166 10.4148 29.6368 25.5311 9.90064 
23.8477 10.1743 31.2091 24.8517 9.91721 
25.5905 10.4205 29.1046 24.9258 9.9586 
20 20 20 20 20 
20.8108 20.991 24.0541 16.4865 17.6577 
22.3846 19.4365 23.0513 18.3995 16.7281 
21.945 20.4709 24.7873 19.4148 13.382 
20.9334 21.173 25.6749 19.766 12.4527 
20.8834 22.5382 24.6796 19.4225 12.4764 
19.4943 24.2165 25.8135 19.2902 11.1855 
17.9439 22.0614 27.4266 21.1205 11.4476 
15.9763 23.6385 27.0754 21.5516 11.7583 
14.3618 22.9181 28.5926 23.3033 10.8242 
14.1221 22.5179 28.7669 23.0634 11.5297 
13.2832 21.7034 29.939 22.5317 12.5426 
14.1129 21.8862 30.6017 20.8061 12.5932 
13.8042 22.005 30.3451 21.5756 12.27 
11.7972 22.0748 32.7716 21.3939 11.9625 
11.1966 20.3089 33.6043 22.6175 12.2727 
11.9865 18.9997 35.2297 22.4881 11.296 
12.3164 20.5069 32.8373 22.8366 11.5028 
12.3067 22.3184 29.9918 23.9473 11.4359 
12.1743 22.2849 30.8336 23.3611 11.3462 
14.0365 23.124 29.8177 21.8188 11.2031 
15.0584 22.6173 28.0998 22.7184 11.5061 
13.8822 22.7204 26.9911 24.5357 11.8707 
14.0154 23.1108 26.2054 24.3782 12.2903 
14.5194 22.7056 24.2529 24.7478 13.7742 
14.0067 24.0034 23.6927 24.7835 13.5136 
13.9831 22.9154 23.0139 26.0973 13.9903 
13.1279 23.1623 25.3706 26.0032 12.3361 
11.5408 23.6182 27.6158 26.0803 11.1449 
12.199 24.9043 25.5936 26.2544 11.0486 
12.6055 23.416 26.7727 25.2959 11.9099 
12.343 23.9004 26.0262 26.5182 11.2122 
13.0264 24.9878 24.0346 25.8935 12.0577 
11.8323 24.4325 22.6556 27.9586 13.1211 
11.5744 21.916 27.3786 26.6814 12.4497 
11.6484 18.8527 29.9572 26.4986 13.043 
12.375 18.1162 29.6845 27.8215 12.0028 
12.2519 18.464 30.6838 27.6484 10.9519 
11.765 19.3824 32.3845 26.1049 10.3632 
12.837 19.0437 32.6191 24.9229 10.5773 
11.6566 19.76 33.4524 24.8424 10.2886 
11.8424 20.2573 32.0564 25.6288 10.2151 
12.3889 18.3376 33.8143 25.3766 10.0827 
13.1865 19.459 30.0997 25.749 11.5057 
12.9257 21.8667 26.3955 26.7267 12.0853 
12.4239 21.5173 28.4046 26.1371 11.5171 
13.3006 19.3662 30.1517 25.4736 11.7079 
13.1407 19.0581 32.1431 24.1551 11.503 
13.7819 19.0243 30.1341 26.3804 10.6794 
12.2127 19.4131 29.671 27.7942 10.909 
11.9667 18.0607 32.0425 27.4881 10.442 
12.6584 19.6097 30.8827 26.2126 10.6366 
12.8886 19.9534 31.2829 25.4825 10.3926 
13.6636 18.6665 30.481 27.0461 10.1428 
13.3535 18.3912 30.4579 27.7742 10.0231 
12.8325 19.1202 31.3094 26.1987 10.5392 
12.4464 18.8566 31.7351 26.7928 10.1691 
11.9719 19.455 30.0387 28.3697 10.1648 
10.9859 17.8044 30.7886 29.6977 10.7234 
12.1269 18.3617 31.2419 27.9938 10.2757 
12.7214 19.2331 31.4173 26.5295 10.0987 
13.8949 18.9316 30.9141 26.2785 9.98085 
12.9842 16.5524 31.73 28.6248 10.1085 
12.3445 18.0726 30.7505 28.8162 10.0161 
12.2636 17.1581 32.5072 28.1137 9.95729 
13.5344 16.2414 33.6562 26.6542 9.91371 
13.1144 17.9653 31.4654 27.5758 9.87913 
14.6091 16.645 32.6158 25.4762 10.6539 
14.8803 16.5296 32.3433 25.4906 10.7562 
14.4672 17.8594 32.6581 24.6372 10.3781 
15.4564 17.2851 33.5704 23.5918 10.0962 
16.7721 17.1697 32.0307 23.8114 10.2161 
16.9194 17.5182 33.3487 22.1724 10.0414 
17.9905 17.7034 32.0702 22.2299 10.006 
17.5224 17.2496 33.0894 22.2261 9.91257 
18.1446 17.7401 31.5581 22.6412 9.91607 
19.1862 17.2746 30.4514 23.1439 9.94379 
20.0041 16.1715 31.3901 22.5309 9.9034 
20.0291 14.9963 33.0392 22.1055 9.82975 
20.2074 13.6965 35.6656 20.5569 9.87355 
20.2177 13.9708 35.2117 20.6773 9.92253 
21.6473 13.5788 33.8147 21.0529 9.90632 
20.6551 14.795 33.1995 20.9197 10.4307 
21.7236 13.5229 32.4117 22.1408 10.2011 
21.2066 13.658 31.4357 22.9957 10.704 
19.7814 12.0345 33.3891 24.5115 10.2835 
20.1391 12.0731 29.2722 26.3862 12.1293 
18.5441 12.9575 31.1615 25.7637 11.5731 
19.4072 12.4247 32.4727 24.0981 11.5974 
18.8328 13.3753 33.2307 23.8468 10.7144 
19.026 13.5945 32.3811 24.6862 10.3122 
19.5948 12.3831 34.4467 23.2423 10.3332 
19.5833 11.6961 34.0429 24.6181 10.0596 
21.4231 11.4372 32.7314 24.3936 10.0147 
22.1641 10.6069 34.8015 22.532 9.89561 
20.0641 10.3933 38.2091 21.4456 9.88792 
20.1161 10.0986 38.2922 21.6472 9.84592 
23.2892 9.92395 36.5556 20.4336 9.79761 
22.6591 10.7591 34.6546 22.1009 9.82634 
23.6463 10.3649 35.0692 21.0211 9.89851 
22.9996 11.0648 36.064 19.9223 9.94925 
23.722 10.453 35.6511 20.2786 9.89526 
24.2843 11.8216 34.6967 19.3418 9.85561 
25.5458 10.8807 32.8604 20.8155 9.89768 
25.4872 10.8689 33.4302 20.2649 9.94884 
26.4201 10.4345 32.8916 20.2795 9.97442 
26.21 12.0744 31.4458 20.2826 9.98721 
25.3499 11.4794 31.7093 21.5359 9.92558 
27.1567 12.1421 28.3546 22.5057 9.84084 
28.228 11.4851 28.0308 22.3994 9.85672 
25.0036 12.6444 29.9663 21.7825 10.6032 
22.0336 11.8406 32.7089 23.2658 10.1511 
23.7592 13.3995 30.4819 22.1592 10.2002 
23.3826 12.3746 30.8851 23.3496 10.0081 
21.467 13.2386 30.9874 24.335 9.97199 
21.6802 13.572 30.5825 24.2977 9.86765 
20.7427 12.6301 31.8497 24.9735 9.80396 
20.2785 12.6618 32.1787 25.0255 9.85554 
21.0933 11.4546 31.8137 25.7636 9.87477 
21.2717 11.9206 29.6531 27.2323 9.92228 
20.3843 11.4635 31.4932 26.8237 9.83535 
20.3094 11.7435 32.0223 26.0218 9.90301 
20.6643 11.2857 31.6162 26.5459 9.88781 
21.2154 10.5325 31.1078 27.3108 9.8335 
20.5436 10.2342 31.4193 27.9182 9.8847 
23.2776 10.0304 31.7501 25.0863 9.85564 
24.2174 10.6756 31.1266 24.1784 9.80204 
22.4705 10.7654 31.6817 25.2471 9.83523 
22.0289 11.4145 31.2377 25.1632 10.1557 
23.7154 10.8519 30.7314 24.6395 10.0618 
23.0228 11.8985 31.8705 23.323 9.88526 
21.8207 11.4475 31.3992 25.4072 9.92545 
24.8638 11.3924 30.6705 23.1687 9.90458 
25.8871 11.344 30.7838 22.0495 9.93568 
25.3607 11.6323 31.1204 21.9519 9.93473 
25.3493 12.5729 29.2426 22.9692 9.86601 
26.2964 12.2159 27.7623 23.8243 9.90095 
25.6482 12.2768 29.4656 22.7888 9.82061 
24.9504 11.6201 33.3374 20.1984 9.89369 
26.4752 11.5024 32.2072 19.9453 9.86992 
28.1878 10.7346 30.3893 20.77 9.91835 
27.9735 11.2201 29.9104 21.0873 9.80867 
30.8786 11.1844 29.1444 18.9896 9.80299 
31.5221 11.1654 29.8588 17.6158 9.8378 
31.0488 10.4388 31.656 17.0813 9.77501 
33.8686 11.3882 29.7891 15.1965 9.75764 
31.7302 10.6261 30.8809 16.952 9.81079 
30.5203 11.1751 33.1991 15.2001 9.9054 
30.7484 10.4697 32.2561 16.691 9.83485 
28.9949 11.0969 33.197 16.7938 9.91743 
30.659 10.4306 32.4234 16.646 9.84087 
30.8411 10.1658 31.3932 17.729 9.87093 
29.9205 10.0829 30.1966 19.8645 9.93546 
29.1241 9.99026 31.3099 19.6592 9.91654 
28.6196 10.2667 31.3099 19.8935 9.91035 
25.9603 9.98772 33.4543 20.7882 9.80954 
27.2893 10.0925 31.6943 21.0849 9.83898 
25.9157 9.99133 33.979 20.2494 9.86455 
26.1782 9.91092 34.6166 19.4467 9.84753 
27.2783 9.85411 33.1867 19.8585 9.82241 
26.4462 9.83933 32.9091 20.9819 9.82349 
26.1727 9.95564 33.361 20.7427 9.76786 
26.7227 11.0384 30.3169 22.1559 9.76608 
25.5489 10.8317 31.0959 22.6404 9.88304 
25.4347 11.1851 31.8941 21.5766 9.90947 
27.5822 10.4912 29.4606 22.6126 9.85338 
25.9174 11.5579 30.0127 22.602 9.91008 
28.0322 10.7422 31.1828 20.1245 9.91828 
29.841 10.7583 30.4062 19.1532 9.84129 
29.2738 10.2687 29.3987 21.2485 9.81024 
28.5165 10.1511 31.7562 19.8216 9.75462 
29.8598 9.96276 32.4195 17.9935 9.76453 
30.0965 9.98138 31.8764 18.1634 9.88226 
30.8558 9.97351 31.5739 17.6728 9.92395 
28.5427 9.90479 33.9837 17.6888 9.88001 
29.4179 9.83839 33.4414 17.4763 9.826 
29.3695 9.85747 32.1528 18.769 9.85127 
28.0181 9.92873 31.2431 20.8845 9.92564 
26.3727 9.87346 32.3488 21.5332 9.87191 
27.0477 10.0522 32.016 20.9976 9.88645 
29.0191 9.9782 29.9058 21.2017 9.8953 
26.5225 10.1839 30.6996 22.7762 9.81778 
26.5836 10.0262 29.8235 23.7236 9.8431 
25.4324 9.96516 30.407 24.3219 9.87363 
23.6639 9.88454 29.2558 27.357 9.83877 
24.2503 9.84423 29.6606 26.4236 9.82135 
22.9064 10.3909 29.2053 27.5868 9.91067 
21.9698 10.3615 29.3628 28.369 9.93689 
20.4492 10.1807 29.3243 30.0774 9.96844 
