5 80000 300 266
14 14 14 14 14 14 14 
14.874 14.7953 15.8189 14.7165 13.2992 13.6142 11.8819 
16.266 15.2973 15.3444 17.9531 13.8987 10.8034 9.93723 
14.7997 17.8338 15.2648 19.0691 14.4493 9.38317 8.9501 
14.696 18.6809 17.6109 17.9037 13.877 8.66154 8.445 
14.8324 19.3196 16.9136 18.931 13.4874 8.28087 8.17261 
13.3359 19.1736 17.9705 19.2964 14.1433 8.05164 7.99751 
12.4091 20.0252 18.2755 19.9822 13.3347 7.99242 7.96535 
10.9357 18.5072 19.6754 20.3137 14.1942 8.40481 7.96117 
9.46354 19.6208 20.5288 19.5521 14.6565 8.19809 7.97627 
9.88198 18.8233 19.7065 20.3984 14.9463 8.28359 7.95809 
9.14453 19.0355 20.2515 20.0443 15.2165 8.34534 7.96135 
9.25002 17.9377 20.7286 20.3132 15.7164 8.12277 7.93078 
10.5415 18.3656 19.181 18.6253 17.2549 8.12171 7.9097 
11.4664 18.0958 17.7427 18.5518 17.9753 8.29999 7.8679 
10.4746 19.1772 18.6774 18.3276 17.1773 8.24482 7.92102 
10.733 18.2093 18.4982 18.8621 17.1016 8.64827 7.94758 
11.0081 18.8392 19.6473 18.6125 15.6304 8.30644 7.95609 
11.4121 18.7194 19.2328 19.4813 14.9268 8.31077 7.91678 
11.525 18.7347 19.3147 20.0855 14.2522 8.14245 7.94546 
10.6158 18.171 20.2668 20.0879 14.6882 8.2473 7.92307 
9.29496 16.7363 21.9869 21.2508 14.6717 8.11072 7.9486 
10.8975 18.4559 20.0943 20.7131 13.9148 8.00273 7.92167 
10.4487 16.387 21.6381 20.9248 14.3438 8.31955 7.93811 
11.2981 16.5449 22.0989 20.5491 13.4626 8.17279 7.87361 
10.7801 18.207 23.1673 17.589 14.3732 8.01652 7.86694 
9.94559 18.659 22.8059 18.1278 14.5199 8.00826 7.93347 
9.30613 17.8851 23.1807 19.0639 14.5933 8.00413 7.96673 
9.57476 18.1148 22.1049 20.1584 14.2318 7.91705 7.89836 
9.22197 16.0419 22.0281 19.7244 16.9828 8.06052 7.94031 
10.4933 16.8445 20.709 18.9036 17.206 7.95183 7.89172 
10.918 15.9454 21.1184 18.1324 18.0938 7.9111 7.88105 
11.1408 16.7227 19.4228 18.0435 18.8196 7.93282 7.9178 
11.1748 15.6141 20.151 17.0437 19.9593 8.14224 7.91494 
10.2715 18.1556 19.7705 17.0186 18.9121 7.99269 7.87904 
9.11805 16.9318 21.279 18.7969 17.9737 7.97864 7.92182 
9.19703 16.6107 22.4042 18.7876 17.1317 7.9486 7.92019 
10.7932 16.7124 21.0472 18.9071 16.6411 7.9566 7.94239 
11.6043 18.2885 20.4559 17.2413 16.5598 7.92864 7.92154 
12.5067 18.0079 21.9325 15.7798 15.8935 7.94159 7.93804 
10.4106 18.8916 22.5393 15.8674 16.2614 8.1281 7.9016 
11.1337 17.3876 21.896 16.7704 16.9674 7.97904 7.86579 
10.5783 17.5776 20.4013 17.1551 18.0509 8.31754 7.91923 
9.47465 18.0648 19.7029 18.4192 18.3015 8.11804 7.91889 
10.1338 17.843 20.5343 18.2404 17.3005 8.02378 7.9242 
10.0432 18.0447 20.9306 18.2434 16.3517 8.51426 7.87205 
9.93963 18.2729 21.2382 18.9578 15.4358 8.23839 7.91729 
9.31304 17.1873 22.2716 20.0721 14.9213 8.35649 7.87814 
8.95884 19.6402 21.2521 19.1058 14.7862 8.36429 7.89256 
8.81732 20.779 20.3292 19.3703 14.5849 8.17758 7.94171 
9.25855 20.6666 19.9799 20.0777 13.2971 8.8232 7.89695 
9.74555 19.4031 20.455 19.9226 14.0904 8.48137 7.90196 
9.03944 19.0484 21.4888 20.4343 13.9146 8.18213 7.89242 
8.95154 19.7515 21.3126 20.6717 12.98 8.40924 7.92348 
8.64244 18.9035 21.1887 20.984 13.8974 8.48703 7.89693 
8.27471 18.6378 21.7571 20.7246 14.5068 8.197 7.90195 
8.40565 17.3677 22.4639 21.094 14.8144 8.00094 7.85342 
9.39606 16.8964 21.7392 21.2958 14.7743 7.98598 7.91221 
10.0424 17.7119 20.8459 20.9804 14.038 8.50605 7.87535 
10.3021 18.1818 22.6701 20.2655 12.5246 8.18561 7.87026 
10.3958 17.4825 23.5728 19.1071 13.4884 8.05551 7.89783 
10.5944 18.3227 22.1388 18.6945 14.3433 7.99251 7.91367 
11.5917 17.4749 21.402 19.561 14.1788 7.9155 7.87608 
10.3299 18.4352 21.5322 19.982 14.0163 7.86203 7.84232 
9.58354 17.2409 22.2777 20.4561 14.45 8.11706 7.87465 
10.093 16.3313 24.6328 19.0232 13.2491 8.75733 7.91323 
9.10681 18.4905 22.8733 20.5325 12.773 8.32298 7.90093 
9.5279 19.3218 21.7683 21.3632 11.8712 8.24312 7.90455 
10.1075 17.8034 23.6068 20.2236 12.2969 8.06558 7.89629 
10.7995 16.1144 23.2948 20.7475 13.2389 7.94477 7.86013 
11.7853 16.3705 23.6956 19.6509 12.6436 7.94829 7.90597 
12.6234 16.2381 23.867 19.4408 11.9708 7.94049 7.91933 
13.2348 15.6832 25.1386 17.6691 12.3957 7.9446 7.93402 
13.5686 16.2562 24.7644 17.737 11.9295 7.87474 7.86945 
14.1634 15.38 24.596 18.6649 11.4355 7.88139 7.87875 
15.0013 15.255 24.9457 18.1977 10.9187 7.8414 7.84008 
14.3371 15.8045 24.9394 19.2865 10.017 7.8081 7.80744 
14.2182 15.8657 24.0885 20.3482 9.83878 7.8205 7.82017 
13.1885 16.8658 24.203 19.8515 10.1303 7.88047 7.88031 
13.7371 17.0795 23.881 18.5724 11.0802 7.82495 7.82487 
11.7529 16.2519 23.8942 21.1114 11.1956 7.89705 7.89701 
11.8605 16.3706 23.3833 20.6621 11.8478 7.93789 7.93787 
11.0216 15.2349 23.7021 21.4276 12.843 7.88539 7.88538 
10.8914 15.229 22.8747 21.3437 13.9018 7.8797 7.8797 
10.759 15.7889 23.0177 21.1623 13.4904 7.89081 7.8908 
10.0548 16.4659 25.2751 19.2825 13.2387 7.84151 7.84151 
12.5841 14.7821 24.4763 20.7244 11.7831 7.82504 7.82503 
12.206 14.3803 25.1414 21.6525 10.9991 7.81037 7.81037 
12.0019 12.2463 24.9302 23.3263 11.8198 7.83777 7.83777 
11.5138 13.5591 24.5164 23.0734 11.5509 7.89324 7.89324 
11.8175 15.044 23.8285 22.4182 11.0096 7.94111 7.94111 
12.6211 12.7275 24.9279 22.9899 10.8473 7.94316 7.94316 
13.1758 13.0995 24.3811 22.8939 10.7345 7.85759 7.85759 
11.561 12.7325 24.8249 24.7534 10.4748 7.82664 7.82664 
10.2498 12.3719 26.9376 25.3655 9.42734 7.82394 7.82394 
11.4274 12.0683 27.6145 23.7472 9.47557 7.83354 7.83354 
11.5961 12.4767 26.5523 24.0585 9.63975 7.83834 7.83834 
12.3488 12.1207 25.5756 24.9971 9.36533 7.79617 7.79617 
13.7801 11.2716 26.8723 23.3436 9.04886 7.84175 7.84175 
14.0329 11.2072 26.8647 23.2433 8.81014 7.92087 7.92087 
13.7017 11.3139 26.6636 22.7637 9.83683 7.86016 7.86016 
12.5729 10.9703 27.637 23.3709 9.68681 7.88103 7.88103 
12.8324 10.0813 28.1639 24.2203 9.02168 7.84024 7.84024 
12.8051 10.5962 27.2764 25.3046 8.39973 7.80901 7.80901 
11.4025 10.8536 27.666 25.569 8.92209 7.79339 7.79339 
10.7421 10.4677 27.7294 26.4085 8.95696 7.84765 7.84765 
10.7419 9.19804 28.6985 27.1428 8.44267 7.88802 7.88802 
10.3128 9.68623 28.4481 26.3621 9.45389 7.86843 7.86843 
10.5032 9.75641 28.8194 26.6204 8.62868 7.83595 7.83595 
12.4339 9.43622 28.4981 25.603 8.45799 7.78538 7.78538 
13.7668 9.41896 27.212 25.0522 8.7874 7.88129 7.88129 
13.721 10.4075 26.8539 24.7768 8.3823 7.92925 7.92925 
14.6217 11.0246 26.1135 23.8809 8.66876 7.84522 7.84522 
15.2496 10.2477 25.4523 23.9182 9.48759 7.82233 7.82233 
14.7245 10.713 26.6234 23.2884 8.9734 7.83866 7.83866 
14.3464 11.0708 26.0101 23.0728 9.7248 7.88758 7.88758 
14.9177 11.7854 25.2333 22.5418 9.7537 7.88401 7.88401 
13.453 12.033 26.6517 22.2358 9.84761 7.88937 7.88937 
14.7568 12.0771 26.2047 22.1785 9.01471 7.88408 7.88408 
16.3925 11.6724 24.7925 22.6386 8.73271 7.8857 7.8857 
16.1508 10.3816 25.0383 23.8193 8.76976 7.92012 7.92012 
16.0095 10.2806 25.5431 23.2869 9.1753 7.85228 7.85228 
13.977 10.4181 25.5493 25.3934 9.03209 7.81503 7.81503 
12.8882 10.8138 26.639 24.6436 9.23581 7.88981 7.88981 
13.197 10.1483 27.3999 24.1034 9.50296 7.82422 7.82422 
15.1059 9.10398 27.7298 23.8428 8.63208 7.79271 7.79271 
15.3826 9.22232 27.0517 24.1467 8.43692 7.87987 7.87987 
15.0267 9.55128 26.2504 25.247 8.26038 7.83215 7.83215 
16.0537 8.81291 26.6345 24.1142 8.78857 7.79806 7.79806 
16.021 9.34831 25.3812 25.1385 8.46405 7.82345 7.82345 
14.9725 8.62985 26.2982 26.1768 8.18772 7.86742 7.86742 
14.205 9.15868 27.8366 24.9634 8.15636 7.83996 7.83996 
14.5949 9.01359 27.8327 24.4083 8.35953 7.89552 7.89552 
14.5577 9.71227 27.615 24.122 8.15237 7.92036 7.92036 
14.7629 9.79244 26.7056 24.7998 8.05707 7.94107 7.94107 
15.8134 8.8903 26.6664 24.678 8.02262 7.96462 7.96462 
16.111 8.31512 27.7295 24.2585 7.88128 7.85228 7.85228 
17.258 8.14529 25.9813 24.8593 7.92837 7.91387 7.91387 
15.6712 9.00222 25.8076 25.8099 7.90785 7.9006 7.9006 
15.1794 8.56361 26.9663 25.7175 7.86017 7.85655 7.85655 
14.7548 8.64318 26.723 26.4101 7.82417 7.82236 7.82236 
16.04 10.2486 26.4314 23.5394 8.01543 7.86255 7.86255 
17.1815 9.47215 27.812 21.8629 8.04498 7.81326 7.81326 
17.8559 8.72968 27.9635 21.6343 8.0161 7.90024 7.90024 
16.7314 9.56715 27.8546 22.2333 7.90978 7.85185 7.85185 
16.1828 9.06086 27.7916 23.2111 7.93719 7.90823 7.90823 
16.6852 8.90543 27.3333 23.4805 7.87485 7.86036 7.86036 
15.7793 8.72487 27.4325 24.3985 7.89312 7.88588 7.88588 
15.8684 8.44045 27.3687 24.7879 7.84727 7.84365 7.84365 
14.9374 9.10622 28.1795 24.2832 7.83243 7.83062 7.83062 
13.5246 8.90093 28.2202 25.9615 7.7982 7.7973 7.7973 
13.9052 8.87904 26.8244 26.695 7.8991 7.89865 7.89865 
14.0712 8.50732 27.141 26.7373 7.84786 7.84763 7.84763 
13.4419 8.31616 27.7892 26.9624 7.83018 7.83006 7.83006 
12.9524 8.01565 27.5445 28.1696 7.77266 7.7726 7.7726 
13.6627 8.28917 27.3808 27.0818 7.86186 7.86183 7.86183 
14.0414 8.06308 26.2296 28.1177 7.84943 7.84941 7.84941 
14.5282 8.08559 27.3791 26.3712 7.97877 7.82861 7.82861 
14.341 8.0428 27.8434 25.9548 7.98938 7.91431 7.91431 
14.7415 8.91099 26.54 25.2802 8.72655 7.90037 7.90037 
14.9028 8.4619 28.8149 24.0183 8.20943 7.79634 7.79634 
16.2564 8.16177 26.986 24.9022 8.03553 7.82899 7.82899 
18.2775 8.70775 27.6721 21.8541 7.89836 7.79509 7.79509 
16.0137 8.72888 28.5236 23.2708 7.85543 7.8038 7.8038 
16.0316 8.22246 28.9223 23.5181 7.78574 7.75992 7.75992 
18.5096 7.96926 26.8068 23.4875 7.75089 7.73799 7.73799 
16.2612 8.44323 27.4161 24.3233 7.85634 7.84988 7.84988 
17.236 8.21522 26.4876 24.3022 7.92178 7.91855 7.91855 
15.307 8.78989 27.4579 25.0274 7.80704 7.80543 7.80543 
14.7747 9.24343 26.4562 24.4834 9.35807 7.84211 7.84211 
14.9531 9.0625 26.7149 24.9062 8.6264 7.86842 7.86842 
15.5892 8.83589 27.0992 24.0425 8.61784 7.90772 7.90772 
15.9913 9.49991 26.1725 24.3163 8.24334 7.88829 7.88829 
16.0284 9.34012 26.201 24.1254 8.5479 7.87857 7.87857 
14.6059 9.65398 26.7661 25.246 8.13247 7.79781 7.79781 
13.9805 8.73579 27.3896 26.3038 7.97503 7.8077 7.8077 
13.6668 9.56077 27.3446 26.0599 7.84508 7.76142 7.76142 
13.4463 8.65135 27.2207 27.3848 7.79351 7.75168 7.75168 
12.9151 8.35044 27.0778 28.3983 7.76672 7.74581 7.74581 
13.3111 8.69236 28.3364 26.3487 7.77744 7.76698 7.76698 
14.3858 9.44486 26.1748 26.4967 7.83609 7.83086 7.83086 
14.57 9.47653 27.3497 24.7238 8.18034 7.84986 7.84986 
15.2604 9.03274 27.4785 24.3251 8.0779 7.91266 7.91266 
16.8835 9.22416 26.2393 24.0132 7.93505 7.85243 7.85243 
16.5323 8.49558 28.1682 23.3335 7.85102 7.80971 7.80971 
16.8289 8.22332 27.8456 23.4404 7.90105 7.88039 7.88039 
17.1101 8.31456 27.2561 23.7492 7.86357 7.85324 7.85324 
20.6054 8.11411 27.8367 19.7883 7.88862 7.88345 7.88345 
22.9716 8.11111 29.121 16.3131 7.82944 7.82686 7.82686 
22.495 9.25433 28.9336 15.6489 7.89026 7.88897 7.88897 
23.7475 8.59058 28.0339 15.9037 7.90854 7.9079 7.9079 
23.9259 9.18128 27.6977 15.6066 7.86307 7.86274 7.86274 
25.1513 8.64861 28.0518 14.6149 7.84458 7.84442 7.84442 
22.7023 8.75469 28.8993 16.01 7.87798 7.8779 7.8779 
23.4917 8.69044 28.6669 15.3532 7.9326 7.93256 7.93256 
25.0486 8.32076 26.5659 16.2393 7.94184 7.94182 7.94182 
25.3075 9.01475 26.7134 15.4012 7.85441 7.8544 7.8544 
27.7898 8.41894 28.4927 11.7822 7.83877 7.83877 7.83877 
27.0817 8.60507 29.9973 10.8362 7.94869 7.76554 7.76554 
26.3068 8.38055 32.1972 9.3188 8.22966 7.78348 7.78348 
26.6149 8.18436 29.2643 12.0558 8.10891 7.88582 7.88582 
27.7856 8.46928 28.7736 11.4151 7.92651 7.81496 7.81496 
27.4241 8.36005 29.7333 10.8231 7.92365 7.86788 7.86788 
28.6374 8.06062 28.4487 11.3817 7.84242 7.81454 7.81454 
29.2284 7.94597 28.5316 10.8113 7.83687 7.82293 7.82293 
29.5148 7.9465 29.332 9.54474 7.89195 7.88498 7.88498 
28.3289 7.90182 31.2732 8.87951 7.87454 7.87106 7.87106 
27.1382 7.88677 31.8173 9.5418 7.87313 7.87139 7.87139 
27.1205 7.83747 28.9928 12.5591 7.83065 7.82978 7.82978 
28.3143 8.5089 28.1029 11.5254 7.84975 7.84931 7.84931 
28.7141 8.21014 29.0831 10.3513 7.88057 7.88035 7.88035 
27.515 8.74904 29.0926 11.2128 7.81025 7.81015 7.81015 
27.4241 8.37452 29.3797 11.1064 7.90513 7.90507 7.90507 
28.1938 8.15067 28.4093 11.4983 7.91598 7.91595 7.91595 
28.211 8.27954 27.568 12.3558 7.86189 7.86188 7.86188 
28.0199 8.11531 29.0745 11.0709 7.90648 7.90647 7.90647 
29.2208 7.97332 26.8867 12.3125 7.8689 7.8689 7.8689 
28.6104 7.98666 28.7767 10.8229 7.93445 7.93445 7.93445 
27.5184 8.19753 27.6015 13.0691 7.87113 7.87113 7.87113 
26.4865 8.03816 28.0432 13.8073 7.87496 7.87496 7.87496 
27.834 7.93367 29.68 10.8182 8.03001 7.85207 7.85207 
26.2994 7.88533 32.0814 10.1113 7.9335 7.84453 7.84453 
26.8125 8.59383 29.7035 11.015 8.18187 7.84668 7.84668 
25.7592 8.2675 29.9988 12.1251 8.06152 7.89393 7.89393 
26.5309 8.73901 29.3086 11.6547 7.97813 7.89433 7.89433 
28.4893 8.2501 29.7289 10.0064 7.86966 7.82776 7.82776 
27.0459 8.04071 29.3223 12.0815 7.85049 7.82954 7.82954 
27.6334 8.00809 27.8513 12.7892 7.91298 7.9025 7.9025 
28.1845 9.46381 27.2877 11.567 7.8358 7.83056 7.83056 
28.8689 9.71472 27.5614 10.079 8.04161 7.86717 7.86717 
30.0373 8.75807 28.6743 8.94023 7.92151 7.83429 7.83429 
28.6262 8.65119 30.6346 8.42581 7.91645 7.87284 7.87284 
28.6191 8.71653 30.0482 8.88713 7.92423 7.90243 7.90243 
28.779 8.37756 30.2974 9.10594 7.82064 7.80973 7.80973 
29.1984 8.16967 28.0468 10.9224 7.89121 7.88576 7.88576 
27.7571 8.8836 28.8841 11.034 7.81557 7.81285 7.81285 
26.4572 9.63048 29.0647 11.3346 7.8386 7.83724 7.83724 
26.1623 9.23164 28.8857 12.1342 7.86252 7.86184 7.86184 
27.2824 9.20162 27.6085 12.1322 7.92534 7.925 7.925 
25.3234 9.42947 28.1345 13.2312 8.16828 7.85658 7.85658 
24.8974 8.64223 27.8135 14.6216 8.31375 7.85578 7.85578 
25.1049 8.22736 28.438 14.4983 8.06312 7.83414 7.83414 
23.6636 8.31789 29.0839 15.3573 7.93547 7.82097 7.82097 
23.0972 8.01697 29.6654 15.8576 7.82576 7.76851 7.76851 
23.0165 7.98402 28.7471 16.6444 7.88841 7.85979 7.85979 
22.1689 8.64666 28.7879 16.7306 7.99826 7.8338 7.8338 
22.1956 8.4083 27.3025 18.496 7.9207 7.83847 7.83847 
21.3288 8.32956 28.3377 18.3239 7.92075 7.87963 7.87963 
21.5656 8.3799 26.8142 19.6271 7.88479 7.86423 7.86423 
18.4069 8.79988 28.6553 20.2745 8.19771 7.83283 7.83283 
18.5138 8.8827 28.8104 19.9649 8.06437 7.88193 7.88193 
21.2822 8.39704 27.5381 19.0014 7.98788 7.89666 7.89666 
19.0509 9.24439 28.1421 19.7454 7.96948 7.92387 7.92387 
20.6014 8.73612 27.204 19.6828 7.94043 7.91763 7.91763 
19.0104 8.23903 27.9568 20.9704 8.16377 7.82978 7.82978 
18.5168 8.04393 28.5133 21.241 8.0063 7.83931 7.83931 
17.7988 7.90395 28.5424 22.1112 8.04042 7.80164 7.80164 
17.4837 8.01824 28.2772 22.652 7.93587 7.81648 7.81648 
17.2295 7.86715 28.6448 22.9001 7.82596 7.76627 7.76627 
18.4413 7.83531 27.7617 22.5772 7.81471 7.78487 7.78487 
18.0342 7.81596 27.9486 22.6445 7.97515 7.79074 7.79074 
20.0395 8.22108 26.2746 21.5459 8.14093 7.88898 7.88898 
19.1106 8.49366 26.6113 21.6496 8.45358 7.84059 7.84059 
21.7931 9.31676 28.5155 16.7688 8.07295 7.76645 7.76645 
22.3948 10.0591 27.8466 16.0499 8.21766 7.71598 7.71598 
21.3489 9.42348 28.9233 16.6613 8.04822 7.79738 7.79738 
20.2704 9.25719 28.4347 18.4317 8.06452 7.77075 7.77075 
14 14 14 14 14 14 14 
14.3171 13.8598 15.2317 17.5183 12.4878 11.6494 13.936 
15.1446 13.2667 16.9909 21.0855 12.2335 9.81775 10.961 
16.2069 14.2639 17.632 19.5789 13.8477 8.82454 9.39618 
17.239 14.2046 18.5409 18.6303 14.2912 8.34154 8.62737 
15.5472 14.9336 18.5074 18.3513 15.5793 8.78924 8.22935 
13.4725 16.069 19.1462 18.638 15.9617 8.58817 8.09317 
13.8049 17.5979 18.5128 17.9469 15.7771 8.34814 7.99669 
11.7483 17.6095 18.1771 19.9866 16.3687 8.13883 7.9631 
11.5884 17.0465 18.7589 20.1032 16.3162 8.24524 7.93759 
10.9933 18.8109 18.3396 19.1224 16.0121 8.76864 7.9511 
11.3662 18.2098 20.6915 19.3438 14.2017 8.29736 7.88859 
11.4278 16.5517 20.7713 19.6719 14.654 9.0423 7.88047 
10.4047 14.8857 22.5392 20.4969 15.3228 8.46571 7.8848 
10.255 15.8639 22.9538 19.9327 14.8193 8.23286 7.9424 
10.582 15.8865 22.386 19.9663 14.3415 8.88916 7.94847 
10.6482 17.8172 21.0669 18.7017 15.364 8.43617 7.96583 
9.22864 17.9108 21.5964 19.0038 16.2503 8.12264 7.88747 
9.35473 19.1134 20.1661 19.2084 15.6872 8.57599 7.89407 
8.76125 19.3801 20.7895 18.9861 15.3491 8.81338 7.92055 
8.3763 20.2732 20.4379 18.8883 15.342 8.72635 7.95595 
9.07704 19.8033 20.6634 17.8886 15.3376 9.25206 7.97798 
9.41657 20.8772 19.9769 17.4809 15.6511 8.61716 7.98012 
9.67442 20.7095 21.8395 16.4154 15.1619 8.25892 7.9404 
9.63632 20.1762 20.9644 18.4755 14.6122 8.25892 7.87645 
9.24998 19.5199 22.414 18.1014 14.6925 8.10673 7.9155 
10.8467 19.1491 21.5011 18.2136 13.7942 8.57825 7.91702 
10.5345 19.3523 22.8617 17.7735 13.2304 8.28913 7.95851 
11.8462 18.0494 22.4356 19.0542 12.5961 8.09193 7.92662 
11.3653 17.4147 22.1022 19.8446 13.2141 8.1276 7.93157 
10.2926 18.0454 22.2804 20.0878 12.6354 8.79193 7.86649 
10.5547 16.749 24.606 20.1984 11.5054 8.47985 7.90676 
10.3842 19.4196 22.6355 20.6693 10.622 8.3967 7.87262 
10.9744 20.0273 21.5218 18.838 12.5673 8.1666 7.90456 
10.7565 19.7326 21.6509 18.9038 12.9581 8.06457 7.93355 
10.7682 18.9259 21.1465 18.3969 14.3919 8.50476 7.86586 
11.0918 18.4812 20.5048 18.9016 14.8443 8.24781 7.92836 
10.2097 17.3751 22.2914 18.5614 15.1228 8.57076 7.86874 
9.69098 18.1954 22.7788 18.0056 15.2795 8.20037 7.84936 
9.19843 18.0389 23.0365 18.4145 14.5809 8.80607 7.92468 
10.9185 16.78 20.72 19.4068 15.8271 8.39416 7.95347 
10.7283 17.1344 20.8981 17.6631 17.5548 8.12085 7.9005 
11.1019 18.1691 20.8706 17.6137 16.2715 8.04169 7.93152 
11.1194 18.2493 20.9921 18.3196 15.4444 7.96516 7.91007 
10.413 18.0411 20.5412 18.6406 15.7357 8.72299 7.90538 
10.3318 19.2711 21.0907 17.0652 15.3849 8.9173 7.93902 
11.007 19.4486 20.9425 17.8784 13.8841 8.8979 7.94147 
11.7998 19.8478 20.9651 16.3466 14.7198 8.39957 7.92135 
13.0748 17.9956 21.4691 17.0298 13.6379 8.9083 7.88444 
12.6434 18.0992 21.7945 17.5011 13.6162 8.48641 7.85927 
13.6158 17.4025 21.6031 17.1035 13.514 8.83144 7.92964 
13.0296 17.2986 22.0006 18.959 12.0737 8.71436 7.92409 
11.8033 18.1445 22.1782 19.4555 12.1667 8.32353 7.92839 
12.4077 17.265 23.1373 19.0048 11.987 8.25815 7.9401 
11.6518 18.1967 22.7067 18.7034 12.6521 8.12423 7.96521 
11.5538 18.4062 23.5252 18.3016 12.2926 8.00006 7.92055 
12.6735 18.1686 22.7971 19.0358 11.5486 7.90808 7.86832 
11.5211 17.8401 22.8041 20.117 11.9955 7.87109 7.85121 
11.4922 19.042 23.1093 19.2048 11.3636 7.95994 7.82804 
10.7706 18.4671 21.3586 19.2838 14.3828 7.90154 7.83559 
10.8746 18.0641 22.7318 18.9498 13.6353 7.88872 7.85574 
12.6648 17.9183 22.3849 17.4133 13.9267 7.85431 7.83782 
12.2147 17.3121 23.1924 17.7655 13.6692 7.92716 7.91891 
12.7231 16.0352 24.7005 17.4069 12.8142 8.4165 7.90348 
14.3273 16.7186 23.3797 17.0368 12.5346 8.12982 7.87331 
14.7203 17.5532 22.0173 17.8383 12.0607 7.96919 7.84094 
14.7764 16.9106 21.535 18.0101 12.6093 8.29082 7.86784 
14.0792 15.3896 23.6629 18.7374 11.9008 8.40332 7.82686 
12.804 15.3389 24.1121 19.895 11.4642 8.58762 7.79814 
12.652 15.3346 25.3815 20.2069 10.4491 8.18532 7.79058 
12.1428 16.7019 25.067 19.7569 10.2988 8.17682 7.85569 
13.4606 16.2327 25.7108 18.2529 10.0755 8.39875 7.86873 
14.663 15.0875 25.4756 18.9822 9.72525 8.16572 7.90071 
15.471 15.1665 25.9161 17.7598 9.90139 7.95883 7.82632 
16.4855 15.0833 24.7081 17.6299 10.2007 7.97942 7.91316 
16.0234 14.9396 23.7061 19.6568 9.69218 8.07134 7.91066 
14.6037 15.1812 25.5346 19.0324 9.44808 8.26453 7.93543 
14.0376 14.1968 26.4979 19.7493 9.51679 8.14781 7.85373 
13.6604 12.9881 27.66 20.2757 9.39498 8.20924 7.81157 
12.6969 11.8274 26.63 22.9378 9.89749 8.10462 7.90579 
11.1661 13.7262 26.3358 23.9689 8.9852 7.95856 7.85914 
11.9264 14.8233 24.6107 24.2979 8.4727 7.95938 7.90967 
12.5694 15.4427 23.0566 23.5479 9.4177 8.12477 7.84085 
11.348 15.5695 25.1992 22.5334 9.51898 7.98643 7.84447 
11.8916 17.1112 24.2576 21.6294 9.4227 7.87923 7.80825 
10.3987 15.9347 24.4698 23.2829 10.1821 7.88363 7.84814 
11.8031 15.1102 23.6904 23.6361 10.0776 7.85017 7.83243 
11.5298 13.7069 24.6724 23.3364 11.0597 7.85179 7.84292 
10.9063 14.0514 24.2899 23.6219 11.3139 7.91047 7.90603 
12.4237 12.6557 24.0753 24.2774 10.8848 7.84263 7.84042 
12.6289 12.4776 23.936 25.1066 10.2553 7.79832 7.79721 
11.6444 13.4723 23.8969 24.6092 10.7114 7.83317 7.83262 
11.8662 14.0164 25.5474 21.92 10.8502 7.9001 7.89982 
11.6326 13.8735 25.9861 21.9703 10.8655 7.83606 7.83592 
11.2829 13.4701 26.1931 23.3852 9.83276 7.91803 7.91796 
12.7467 14.4982 23.4913 21.9557 11.4953 7.90638 7.90635 
11.8467 13.3142 24.0237 22.9601 11.9607 7.94727 7.94726 
11.6229 13.1338 24.8357 22.7495 11.9389 7.85965 7.85964 
11.5448 12.7002 23.4845 23.7747 12.6361 7.92982 7.92982 
12.1554 12.7331 25.4201 22.3737 11.3333 8.06826 7.91628 
12.646 13.069 25.1765 21.6426 11.6988 7.92153 7.84554 
13.7643 12.0175 24.5987 22.9623 10.9408 7.87721 7.83922 
14.2638 12.694 24.6949 21.2305 11.4592 7.83833 7.81933 
13.9366 12.2642 25.9569 21.2661 10.7592 7.91325 7.90375 
14.5155 13.0054 26.3208 20.3366 10.0966 7.86498 7.86023 
14.2022 12.7527 25.9382 21.4183 10.0483 7.82138 7.819 
14.6813 11.4784 25.7971 22.3709 9.98041 7.84655 7.84536 
15.723 11.9157 25.3985 21.0384 10.1373 7.89386 7.89327 
16.7204 11.3632 27.1137 19.3781 9.72329 7.85084 7.85054 
16.8896 10.5346 28.5568 18.5126 9.71459 7.89601 7.89586 
16.2132 10.7758 27.979 19.567 9.65955 7.90281 7.90273 
17.6745 10.7891 27.4154 19.5057 8.99644 7.80943 7.80939 
16.4215 10.1698 28.0336 20.427 9.2735 7.8373 7.83728 
15.6182 10.9254 27.692 20.185 9.76496 7.90725 7.90724 
18.2128 10.2764 26.5789 20.0304 9.2303 7.83561 7.83561 
16.9005 9.99112 26.9659 21.7799 8.58574 7.8884 7.88839 
15.169 9.68306 27.233 23.8587 8.35537 7.85045 7.85045 
15.1794 9.43014 28.1734 23.3218 8.13338 7.88092 7.88092 
16.9446 9.71507 27.6351 22.1447 7.93766 7.81143 7.81143 
18.2794 9.51991 26.6793 20.7187 9.2743 7.76423 7.76423 
21.6397 9.09329 27.673 17.1927 8.63715 7.88212 7.88212 
21.03 8.45055 29.9026 16.4041 8.52278 7.84496 7.84496 
21.2726 8.16467 29.3452 16.99 8.50381 7.86188 7.86188 
22.2781 8.26144 28.8517 16.7039 8.28176 7.81153 7.81153 
24.2232 8.33633 27.8215 15.8286 8.19072 7.79985 7.79985 
22.4511 8.48915 29.3428 16.2476 7.95339 7.75795 7.75795 
21.074 8.487 29.2169 17.5178 8.0676 7.81837 7.81837 
21.4131 9.22839 28.6568 16.916 8.11235 7.83668 7.83668 
21.9528 9.17347 27.7022 17.4246 8.00754 7.86971 7.86971 
21.2403 9.7187 26.4611 18.8296 7.96272 7.8938 7.8938 
20.3646 9.17245 29.0452 17.5618 7.97497 7.94051 7.94051 
20.3385 8.96122 26.5539 20.4996 7.89373 7.8765 7.8765 
19.5794 10.239 26.4792 19.5195 8.44125 7.87084 7.87084 
18.7473 9.51691 27.8976 20.0203 8.12942 7.84421 7.84421 
19.0776 9.03477 29.0804 19.0562 8.01208 7.86947 7.86947 
19.0325 8.63131 27.9895 20.6041 7.96174 7.89043 7.89043 
16.9789 8.64401 28.1739 21.9438 8.60773 7.82581 7.82581 
17.313 8.24358 28.9562 21.1026 8.71563 7.83448 7.83448 
15.5644 8.23363 29.2807 22.8868 8.30518 7.86461 7.86461 
16.0884 8.51421 29.4612 22.1926 8.06139 7.8411 7.8411 
17.1206 8.39723 28.7433 21.9243 8.01159 7.90144 7.90144 
18.4629 8.4194 28.008 21.5141 7.9019 7.84682 7.84682 
17.9205 9.24019 27.7235 21.4278 7.91436 7.88683 7.88683 
18.8628 9.8149 27.1735 20.4542 8.01562 7.83952 7.83952 
20.1457 8.78944 28.0277 19.5438 7.8898 7.80175 7.80175 
20.0117 8.67606 27.7753 19.8637 7.92043 7.87641 7.87641 
19.0549 8.63251 27.6913 20.8214 7.94795 7.92593 7.92593 
19.1885 8.21456 28.5914 20.4107 7.87228 7.86127 7.86127 
19.4919 8.03219 27.6063 21.2975 7.86105 7.85555 7.85555 
20.7332 7.99699 28.4528 19.0882 7.91142 7.90867 7.90867 
21.1158 8.23302 27.9072 19.1532 7.8645 7.86313 7.86313 
20.9684 8.07546 29.6427 17.6411 7.8912 7.89051 7.89051 
19.2805 7.89575 28.4016 21.0119 7.80362 7.80328 7.80328 
18.8042 7.8064 28.0272 22.0815 7.76033 7.76016 7.76016 
17.5181 8.54088 27.3469 23.2147 7.79321 7.79312 7.79312 
19.7653 8.20126 26.5665 21.9847 7.82742 7.82738 7.82738 
18.9736 8.32141 27.8937 21.382 7.80982 7.80979 7.80979 
17.7725 8.1607 27.5183 22.8338 7.90491 7.9049 7.9049 
16.0291 8.84226 27.7047 23.8319 7.86402 7.86401 7.86401 
16.1876 8.26728 27.3139 24.8967 7.77816 7.77816 7.77816 
15.4568 8.41446 27.0131 25.6333 7.82744 7.82744 7.82744 
16.0346 8.11603 27.1873 25.1945 7.82251 7.82251 7.82251 
18.4478 8.03152 26.6731 23.1933 7.88477 7.88477 7.88477 
18.8644 7.93733 27.5523 21.8908 8.02735 7.86395 7.86395 
18.4683 7.88433 27.9328 22.09 7.92934 7.84764 7.84764 
17.9691 7.85783 27.9724 22.6414 7.88033 7.83948 7.83948 
17.424 7.9098 27.2028 23.7411 7.92106 7.90063 7.90063 
17.3687 7.8355 26.885 24.1093 8.13963 7.83091 7.83091 
16.9895 8.66351 27.8493 22.9021 7.96812 7.81376 7.81376 
15.7795 8.30527 28.163 23.5372 8.45426 7.88039 7.88039 
15.4199 8.0683 28.9912 23.5156 8.29339 7.85586 7.85586 
15.3552 8.16259 27.4925 25.0605 8.12223 7.90346 7.90346 
13.9899 8.06801 27.3675 26.6499 8.04783 7.93844 7.93844 
13.6126 8.00459 27.0661 27.4426 7.9945 7.93981 7.93981 
13.9705 8.1814 25.9211 28.3482 7.87785 7.8505 7.8505 
14.4219 8.20462 25.4606 28.2564 7.89462 7.88095 7.88095 
15.6379 8.78396 26.7752 24.8023 8.25443 7.87306 7.87306 
14.3407 9.05037 27.6733 24.513 8.7856 7.81852 7.81852 
16.0027 8.4174 26.4115 25.2804 8.28501 7.80147 7.80147 
17.0923 8.12719 26.5286 24.5524 8.061 7.81923 7.81923 
17.637 8.60905 24.4764 25.6096 7.9699 7.84901 7.84901 
17.6727 8.47119 27.8632 22.1798 7.978 7.91756 7.91756 
17.8807 8.67246 28.2661 21.4994 7.91392 7.88369 7.88369 
17.3016 8.18238 30.0193 21.1176 7.80311 7.788 7.788 
20.0695 8.07043 27.8124 20.4204 7.88079 7.87324 7.87324 
21.1458 8.02827 27.4479 19.5852 7.93345 7.92968 7.92968 
25.078 8.28035 26.8639 16.1066 7.89164 7.88975 7.88975 
24.4061 9.36169 27.8307 14.6989 7.90152 7.90057 7.90057 
25.5605 9.01298 27.9948 13.6671 7.92188 7.92141 7.92141 
26.3832 8.91825 29.8062 11.4291 7.82123 7.821 7.821 
27.5209 8.42254 28.7751 11.3548 8.17891 7.87391 7.87391 
25.9716 8.83173 29.569 11.783 8.04985 7.89735 7.89735 
27.3955 8.40892 30.2359 10.0582 8.01798 7.94173 7.94173 
27.5015 8.19219 30.9155 9.47694 7.99672 7.9586 7.9586 
27.0095 8.40919 28.7165 11.927 7.99197 7.97291 7.97291 
28.759 8.1029 28.765 10.7092 7.89429 7.88476 7.88476 
29.8254 8.03234 28.873 9.49475 7.92804 7.92327 7.92327 
29.2618 8.01025 28.9335 9.92489 7.9581 7.95572 7.95572 
27.5341 7.87609 28.9829 12.0592 7.85002 7.84883 7.84883 
26.3498 7.91156 29.061 12.9833 7.89852 7.89792 7.89792 
25.9022 7.89517 29.5305 13.0068 7.88865 7.88836 7.88836 
25.5328 7.86915 29.3077 13.6929 7.8659 7.86575 7.86575 
26.5711 7.80663 28.1219 14.0855 7.805 7.80493 7.80493 
26.5746 8.38837 29.3433 12.0262 7.88921 7.88917 7.88917 
24.7389 9.19418 29.0265 13.1098 8.29944 7.81555 7.81555 
24.5768 8.44325 28.5601 14.9161 7.99588 7.75393 7.75393 
24.5106 8.18988 28.2483 15.3946 7.96619 7.84522 7.84522 
21.503 8.01343 28.3875 18.1989 8.21507 7.84111 7.84111 
22.063 8.10508 27.9642 18.1158 8.04196 7.85498 7.85498 
23.7832 7.9116 27.9083 16.9438 7.88004 7.78655 7.78655 
23.248 8.05675 28.6229 16.5161 7.88324 7.83649 7.83649 
22.6846 7.96777 29.3115 16.4399 7.88101 7.85764 7.85764 
21.3423 7.91831 29.9016 17.2363 7.87493 7.86325 7.86325 
22.6832 8.46366 27.4133 17.9275 7.84137 7.83553 7.83553 
23.5211 8.55875 27.0079 17.6176 7.76684 7.76392 7.76392 
22.9593 8.38032 28.1727 17.0107 7.82664 7.82518 7.82518 
21.857 8.12098 28.2373 18.2538 7.84414 7.84341 7.84341 
20.8105 8.92775 27.688 18.5664 8.19935 7.904 7.904 
19.5247 8.55192 28.6239 19.5033 8.03049 7.88282 7.88282 
22.5651 8.2552 27.9798 17.3641 7.99449 7.92065 7.92065 
23.1948 8.0461 29.6639 15.4219 7.91574 7.87882 7.87882 
23.5848 7.96627 27.9234 16.8592 7.90109 7.88263 7.88263 
21.9965 8.23483 28.7576 17.4432 7.86211 7.85288 7.85288 
21.8316 8.28408 28.3788 17.5549 8.09772 7.92644 7.92644 
20.6422 8.54934 28.7791 18.2 8.00023 7.91459 7.91459 
20.7899 8.18092 27.5145 19.8812 7.90636 7.86354 7.86354 
21.5245 8.07717 27.7108 18.7446 8.10601 7.91848 7.91848 
20.4546 8.34628 27.8554 19.3723 8.053 7.95924 7.95924 
21.0687 8.21845 27.8435 19.2331 7.91 7.86312 7.86312 
22.2293 8.00753 27.6506 18.5996 7.8533 7.82986 7.82986 
21.475 7.90767 28.54 18.6091 7.83056 7.81884 7.81884 
18.9915 7.92209 30.3018 18.9871 8.04226 7.87767 7.87767 
20.4525 7.81907 29.8114 18.4442 7.87916 7.79686 7.79686 
20.4499 7.90314 28.484 19.4457 7.93319 7.89204 7.89204 
19.6293 8.65377 26.6244 21.4783 7.88509 7.86452 7.86452 
17.8848 8.53741 28.0491 21.6164 8.32851 7.79191 7.79191 
18.5515 8.50323 28.1939 21.0688 8.07305 7.80475 7.80475 
18.0059 8.53733 28.5414 21.1693 8.00478 7.87063 7.87063 
18.1084 8.26228 29.2867 20.4888 7.996 7.92892 7.92892 
19.9375 8.07436 26.7884 21.4431 7.94122 7.90768 7.90768 
21.0293 7.97657 26.273 21.0246 7.91 7.89323 7.89323 
20.9909 7.95654 27.2635 20.0361 7.92326 7.91487 7.91487 
20.9684 8.708 27.9899 18.6329 8.01568 7.84257 7.84257 
19.7721 8.37877 27.6172 20.7716 7.87781 7.79125 7.79125 
17.3941 8.18299 27.2271 23.4848 7.93252 7.88924 7.88924 
19.4586 8.06501 26.8586 21.8418 7.93977 7.91813 7.91813 
19.3639 8.01921 27.2167 21.0538 8.45493 7.94578 7.94578 
20.497 7.9281 28.8121 18.8341 8.14596 7.89138 7.89138 
19.4793 7.96405 27.9445 20.3401 8.38067 7.94569 7.94569 
18.7019 7.91284 27.1798 22.277 8.12115 7.90366 7.90366 
19.8773 7.82639 27.6766 21.0456 7.93055 7.8218 7.8218 
17.4729 8.87895 28.3931 21.6529 7.90363 7.84926 7.84926 
17.4461 8.9556 28.0675 21.9555 7.98407 7.7956 7.7956 
16.925 8.57875 28.7025 22.1765 7.93525 7.84102 7.84102 
17.6492 8.20504 28.6585 21.9316 7.88329 7.83617 7.83617 
17.799 7.94867 27.951 22.985 7.7878 7.76424 7.76424 
17.1038 7.84431 28.3718 23.412 7.76387 7.75209 7.75209 
16.3597 10.2285 27.8496 22.0664 7.93599 7.77995 7.77995 
16.994 9.60141 28.6684 21.4499 7.81415 7.73613 7.73613 
17.872 8.74807 28.3144 21.5802 7.85444 7.81543 7.81543 
16.982 8.25335 28.6687 22.7154 7.80653 7.78703 7.78703 
16.3086 8.8498 27.5265 23.5727 8.13779 7.80231 7.80231 
17.2135 8.43187 28.7458 21.7167 8.4243 7.73391 7.73391 
16.8304 8.1633 31.4782 19.7399 8.15952 7.81432 7.81432 
17.2031 9.08165 29.6785 20.3245 8.01915 7.84655 7.84655 
19.9019 8.56559 28.3067 19.7598 7.87955 7.79325 7.79325 
19.5729 8.40651 27.2118 21.0483 8.06348 7.84851 7.84851 
14 14 14 14 14 14 14 
14.7096 15.2335 15.1587 14.2605 13.5868 13.8862 12.1647 
14.759 17.5471 18.0323 15.841 12.4554 10.863 10.0022 
15.6038 18.3997 18.3619 16.2383 12.8632 9.35672 8.92633 
14.6499 19.2374 19.0309 16.9371 12.9982 8.61832 8.40313 
14.9624 18.7837 19.6987 16.3097 13.7293 8.28065 8.17305 
14.908 19.5383 20.3096 15.0586 13.9776 8.11522 8.06142 
13.0557 18.1716 20.1133 16.1393 16.2212 8.31072 7.97262 
12.3218 17.8841 20.0352 17.619 15.8359 8.33991 7.95627 
11.4352 17.0644 20.5661 18.5141 16.2513 8.28388 7.88109 
11.7133 16.6693 19.4908 20.1778 15.9415 8.1034 7.902 
11.1198 16.1197 20.491 19.738 16.0848 8.54731 7.89837 
10.1721 18.0179 20.8325 18.9885 15.7992 8.25688 7.93241 
9.81721 19.8692 20.9539 18.634 14.6738 8.10694 7.9447 
9.39579 18.2679 20.7334 19.8939 15.0292 8.75432 7.92534 
9.70833 19.8855 19.97 17.8802 15.9697 8.65691 7.92927 
9.82177 19.77 19.0563 19.4152 15.4363 8.54012 7.96031 
9.50379 20.4278 18.7139 19.8329 14.9206 8.65419 7.94675 
8.73039 20.4289 19.357 19.7014 15.5248 8.30559 7.95187 
9.01887 20.7123 18.3365 19.591 16.4204 8.0489 7.87204 
8.47939 20.3347 18.6103 20.4178 16.1501 8.1017 7.90598 
8.15274 19.5152 19.8486 21.0785 15.5751 7.96389 7.86603 
8.49447 19.5636 20.7002 19.8065 15.1151 8.40005 7.92008 
9.8281 18.0962 20.0312 19.2426 16.0997 8.75583 7.94638 
9.56521 18.7732 19.0008 19.4522 17.0351 8.28912 7.88439 
9.41837 17.7751 19.8757 19.108 17.4579 8.4492 7.91571 
9.31304 17.5599 19.895 19.19 17.8296 8.29312 7.91931 
9.17265 17.1671 19.6249 19.9176 18.0546 8.12506 7.93815 
8.59934 19.2126 20.0077 19.7202 16.6195 7.96708 7.87363 
8.31268 19.4761 20.0906 20.0553 16.3358 7.8881 7.84137 
8.14268 18.1663 19.4986 20.7338 17.5073 8.04428 7.90702 
9.45595 17.215 19.5295 20.257 17.435 8.19796 7.90955 
10.9364 18.031 18.9665 20.2172 15.8128 8.09011 7.94591 
11.1602 17.9441 18.9699 19.8184 16.1653 8.06291 7.8792 
11.7356 17.8273 20.3921 18.0086 15.858 8.24312 7.93528 
9.97738 17.4753 22.9814 17.9084 15.4633 8.23115 7.96307 
8.90368 16.4558 23.9068 18.7976 15.3379 8.7017 7.89653 
8.96573 16.9084 23.759 19.2368 14.9606 8.28604 7.88345 
8.66789 18.9168 21.3508 18.9796 15.9605 8.21791 7.90648 
10.4014 18.1101 21.1249 17.9168 16.5196 8.04154 7.88583 
9.15102 18.8744 20.9462 18.6649 16.2733 8.19684 7.89325 
9.51933 17.9766 20.9225 20.0066 15.6648 8.03101 7.87921 
9.59837 19.0113 21.5212 19.7959 14.284 7.93255 7.85666 
10.0384 19.1868 20.6695 20.1485 14.0896 7.95261 7.91466 
9.33737 18.9116 22.8347 19.1652 13.7493 8.06721 7.9346 
9.19357 19.9761 23.9739 17.8405 12.9833 8.10601 7.92658 
8.91497 21.1244 22.2142 18.693 12.7416 8.37118 7.94056 
8.37453 21.0461 22.2822 19.5999 12.592 8.21785 7.88733 
8.72215 20.1742 21.7225 20.0325 12.8076 8.64381 7.89715 
8.55609 18.7039 23.1062 21.5809 11.7326 8.40354 7.91683 
8.26034 20.082 21.7301 20.3037 13.4991 8.18407 7.94072 
9.21867 20.4392 21.042 20.3289 12.8336 8.18496 7.95266 
8.96228 19.8667 20.6387 20.988 13.1227 8.44542 7.97633 
8.56992 19.0455 21.4175 20.0734 14.038 8.89561 7.96013 
8.5773 18.2234 21.1496 20.8256 14.9076 8.39212 7.92438 
8.30167 18.0054 20.6616 19.8488 16.6729 8.64291 7.86674 
9.51613 18.7059 20.2623 19.0568 15.9849 8.5452 7.92881 
9.47717 19.0159 19.0075 18.9666 17.3183 8.31754 7.89699 
10.7205 16.6185 21.6934 19.3027 15.544 8.22198 7.89883 
10.6366 16.3495 23.0326 19.1991 13.8022 9.13611 7.84389 
10.8477 17.1159 23.634 19.3643 12.5481 8.56806 7.92194 
11.4335 16.2503 22.8747 19.4177 13.8462 8.25037 7.92732 
11.2987 15.7261 21.5323 20.754 14.7616 8.04443 7.8829 
11.5672 16.921 20.5488 20.5219 14.5064 8.00772 7.92696 
11.0468 17.7906 19.9634 20.1892 14.9087 8.19046 7.91085 
11.0533 17.6511 21.3872 20.2328 13.7908 8.01228 7.87247 
10.6702 16.9595 21.4592 20.4035 14.6705 7.95351 7.88361 
11.7053 17.7346 21.5469 19.096 14.066 7.9431 7.90815 
11.4208 17.9582 22.8189 18.0707 13.8512 7.94882 7.93135 
10.854 18.1896 21.9358 18.3655 14.5811 8.16101 7.91304 
12.3519 17.7803 22.1181 15.8729 15.5065 8.42323 7.94713 
12.1759 16.8901 23.5591 15.3114 15.8783 8.21162 7.97357 
12.52 18.3965 22.9446 15.5441 14.7352 7.9893 7.87028 
12.4635 16.6424 23.0108 17.2013 14.1914 8.58522 7.90536 
13.0725 16.7789 22.9482 18.0534 12.6927 8.52147 7.93278 
11.2808 18.8518 23.2746 17.0559 13.4023 8.27533 7.85933 
12.9003 18.9107 21.1221 18.4811 12.556 8.11893 7.91093 
13.0355 19.4553 19.8293 19.1186 12.3755 8.32776 7.8579 
12.528 18.4233 22.1909 17.9992 12.8374 8.12807 7.89315 
11.639 19.0867 21.9704 18.3746 12.7937 8.18904 7.94657 
11.1854 19.7872 23.1803 18.3336 11.6407 7.99696 7.87573 
10.4483 18.6863 24.7135 18.3532 11.9884 7.93549 7.87487 
10.3262 19.5472 23.0711 20.0184 11.2238 7.92182 7.89152 
11.4645 17.7188 23.0424 20.0092 11.7763 8.0705 7.91836 
11.8203 18.8335 21.4953 19.2015 12.883 7.92126 7.84519 
11.6064 18.9104 22.3932 18.7147 12.644 7.88468 7.84665 
10.8922 17.7249 23.1559 19.9171 12.5561 7.88636 7.86734 
10.8892 18.3561 23.983 19.1991 11.8477 7.86723 7.85772 
13.6708 18.4326 23.0455 17.1831 11.8364 7.91819 7.91344 
12.993 16.4823 22.3602 20.291 12.0759 7.89998 7.89761 
12.6299 16.5078 21.8468 21.3455 11.7713 7.94999 7.9488 
11.8063 15.4793 23.2066 22.8115 10.9434 7.87673 7.87614 
13.3557 13.8372 22.8499 23.1944 11.0273 7.8679 7.86761 
11.2464 15.0404 22.2118 23.653 12.1126 7.86796 7.86781 
11.8551 14.9115 22.9899 23.1309 11.1288 8.13688 7.84695 
12.5851 13.1623 25.4895 22.1633 10.7274 8.00866 7.86369 
13.0701 13.8701 25.1489 20.9282 11.1182 7.96852 7.89604 
12.9209 13.1851 25.482 21.1978 11.4015 7.92448 7.88824 
13.4917 12.9727 25.5014 20.3645 11.9507 7.86849 7.85037 
13.5138 12.1494 26.9772 20.9557 10.8096 7.80165 7.79259 
14.4492 13.126 26.9502 19.1958 10.533 7.87518 7.87065 
15.0024 12.1185 25.5584 20.9868 10.6832 7.82648 7.82422 
15.3647 10.9554 27.1709 20.1373 10.8312 7.77081 7.76967 
14.6794 11.7459 26.4134 20.5643 10.955 7.82126 7.8207 
13.9146 11.9892 26.0508 21.5971 10.6763 7.88617 7.88588 
15.6705 13.2332 23.4811 22.3267 9.62767 7.83048 7.83034 
16.2176 13.0872 23.7994 21.8987 9.2256 7.88583 7.88576 
14.5794 13.1612 23.6644 22.1258 10.6422 7.9135 7.91347 
12.8931 12.7588 24.7632 23.1319 10.7809 7.83606 7.83604 
13.5071 12.1431 24.4854 23.9579 10.2896 7.80852 7.80851 
12.3748 13.0242 24.6687 23.3695 10.7661 7.89834 7.89834 
12.1992 13.6969 25.8241 21.9487 10.515 7.90812 7.90811 
10.8139 13.4199 28.1978 22.4029 9.2575 7.95406 7.95406 
12.1866 13.3483 25.822 23.9133 8.86604 7.93183 7.93183 
11.0786 15.1786 25.521 23.1004 9.27173 7.92486 7.92486 
10.594 14.4199 25.7386 24.3917 9.00745 7.92418 7.92418 
11.1709 13.9435 26.1931 24.66 8.37192 7.83028 7.83028 
12.3902 12.1492 26.706 24.3123 8.62383 7.90922 7.90922 
14.8054 11.6637 26.3439 22.7302 8.69258 7.8821 7.8821 
13.6332 11.7509 26.5676 23.2031 9.17495 7.83513 7.83513 
15.0464 11.4655 25.5509 23.5581 8.78002 7.79955 7.79955 
14.8298 11.3201 25.6694 23.2403 9.40434 7.76797 7.76797 
13.3635 12.8948 25.8572 23.8388 8.56069 7.74251 7.74251 
12.5459 13.5462 25.5829 24.7281 8.13837 7.72928 7.72928 
13.8976 13.2247 25.1082 23.801 8.32138 7.82358 7.82358 
15.1555 12.8434 25.32 22.3868 8.56799 7.86316 7.86316 
19.1631 11.6046 26.3795 18.5105 8.55229 7.89499 7.89499 
18.6725 11.0365 25.9997 19.8613 8.54612 7.94199 7.94199 
18.2544 10.489 27.0349 20.1646 8.22043 7.91836 7.91836 
16.6272 11.182 26.0175 21.801 8.64146 7.86543 7.86543 
16.0517 11.097 27.7409 21.1684 8.33859 7.80176 7.80176 
15.4583 12.035 27.6542 21.1247 8.08821 7.8198 7.8198 
16.3979 11.4354 28.3782 18.9215 9.30726 7.77987 7.77987 
17.6417 10.3617 28.895 19.0583 8.5236 7.7599 7.7599 
16.5952 9.60157 28.9292 20.9621 8.22522 7.84337 7.84337 
18.1363 9.31692 27.3678 21.6101 7.98358 7.79265 7.79265 
18.2145 9.53651 27.251 19.9514 9.32715 7.85974 7.85974 
18.0738 9.32752 26.6954 20.462 9.67877 7.88124 7.88124 
18.8228 9.09801 26.1917 20.0169 10.0382 7.91615 7.91615 
19.1037 9.16439 28.0189 18.7777 9.01908 7.95808 7.95808 
21.2866 9.17403 26.4244 18.9127 8.42111 7.8906 7.8906 
20.1839 9.00398 28.9366 17.0535 9.15755 7.83223 7.83223 
22.0592 9.09215 28.2388 16.3956 8.5132 7.85054 7.85054 
23.5678 9.13323 27.728 14.6198 9.14957 7.90081 7.90081 
24.5785 8.94372 27.332 14.0439 9.45694 7.82246 7.82246 
24.7893 9.47186 28.666 12.522 8.72847 7.91123 7.91123 
24.6924 9.91392 27.7634 12.7335 9.2186 7.83911 7.83911 
25.6489 9.39121 25.8083 14.7765 8.58484 7.89509 7.89509 
26.8245 9.02894 26.7375 12.8883 8.62575 7.94754 7.94754 
27.3621 8.43297 29.3562 10.6761 8.38811 7.89227 7.89227 
26.2937 8.87114 29.2427 11.7945 8.09796 7.85004 7.85004 
27.478 8.41646 28.7933 11.4705 8.02987 7.90591 7.90591 
26.9648 8.72436 29.5579 11.2191 7.8859 7.82392 7.82392 
26.4185 8.2866 30.622 11.1328 7.86737 7.83638 7.83638 
27.3837 8.50467 29.6412 11.0181 7.82777 7.81227 7.81227 
26.8248 8.20803 28.27 13.104 7.86958 7.86183 7.86183 
25.9492 8.52879 27.2618 14.5166 7.91709 7.91322 7.91322 
26.0181 9.07806 28.0719 13.3142 7.84053 7.8386 7.8386 
26.3989 8.43734 29.2902 11.7418 8.49654 7.8176 7.8176 
27.319 8.20538 27.9341 12.0171 8.73332 7.89551 7.89551 
25.1756 9.64205 28.3986 12.2768 8.73984 7.88362 7.88362 
26.4767 9.88638 29.0686 10.5502 8.29149 7.86338 7.86338 
27.5001 8.97004 29.9705 9.80528 8.17259 7.79075 7.79075 
27.1893 10.2654 28.2801 10.683 7.98803 7.79711 7.79711 
26.5947 9.96602 28.14 11.5082 7.99401 7.89855 7.89855 
27.5378 8.9387 29.1017 10.6591 7.9527 7.90497 7.90497 
27.726 8.45708 29.4281 10.5443 7.96408 7.94022 7.94022 
28.5318 9.11813 28.121 10.004 8.39844 7.91333 7.91333 
28.6518 9.12047 29.1482 9.21253 8.23431 7.81631 7.81631 
27.1664 9.2295 31.3056 8.49732 8.20276 7.79921 7.79921 
28.5692 8.53632 30.9189 8.31028 8.02295 7.82117 7.82117 
27.231 8.13721 31.3821 9.8099 7.88052 7.77963 7.77963 
28.5563 8.06269 29.0046 10.6742 7.93434 7.8839 7.8839 
26.6688 8.40452 28.3507 12.9173 7.90303 7.87781 7.87781 
27.4022 8.60904 28.9211 11.5434 7.84982 7.83721 7.83721 
28.407 8.22609 29.003 10.837 7.84648 7.84017 7.84017 
27.5264 8.18828 30.489 10.2775 7.84173 7.83858 7.83858 
27.385 7.94029 29.9881 11.3887 7.76702 7.76544 7.76544 
