5 80000 300 266
14 14 14 14 14 14 14 
15.0931 13.8736 17.5322 14.8714 14.7605 11.878 10.9911 
15.6746 15.4343 17.0173 16.7953 15.262 9.87991 9.43645 
14.9975 17.4259 17.3679 17.7423 14.7912 8.82345 8.60172 
13.9152 16.9454 18.4902 18.9196 14.9017 8.40688 8.29602 
12.4227 17.1936 18.8963 19.4598 15.7066 8.15693 8.1015 
12.0525 17.4753 18.093 20.4776 15.7972 8.05043 8.02271 
11.2225 17.5136 18.7463 19.9385 16.6746 7.95131 7.93745 
11.5002 18.6457 19.1509 18.8582 15.8929 7.97566 7.96873 
10.2244 19.0544 18.4121 20.8385 15.6645 7.90282 7.89935 
9.57442 18.2229 20.1901 21.4032 14.9261 7.84157 7.83984 
10.5434 17.5764 20.1402 20.4082 15.5895 7.87112 7.87026 
10.1032 19.1253 18.2723 20.2041 16.5588 7.86815 7.86771 
9.96962 19.9842 17.45 18.533 18.2325 7.91534 7.91512 
11.2211 19.7295 18.2436 18.4568 16.5561 7.8964 7.89629 
9.58253 19.0937 20.3367 18.691 16.4556 7.92016 7.92011 
9.53663 19.3848 19.7749 19.1835 16.3297 7.89527 7.89524 
10.4631 19.7152 18.7713 18.8173 16.3653 7.93397 7.93395 
10.3359 18.5583 19.7105 18.9214 16.6513 7.9113 7.91129 
10.8284 18.4773 19.525 19.3664 16.1087 7.84716 7.84716 
10.0209 20.2499 18.976 19.4585 15.5824 7.85616 7.85616 
9.58635 20.7276 18.0818 20.2203 15.7153 7.83433 7.83433 
9.32806 20.5964 19.506 19.5288 15.2995 7.87065 7.87065 
9.60521 19.357 19.0471 20.5879 15.5321 7.93533 7.93533 
10.5201 18.4229 18.7164 19.8231 16.7347 7.89143 7.89143 
10.4564 19.4886 18.3651 20.3042 15.6422 7.87181 7.87181 
10.6933 19.8606 16.9733 19.2218 17.4722 7.88939 7.88939 
9.97847 18.3626 18.1066 19.7059 18.1185 7.86394 7.86394 
9.59598 19.7431 18.0421 20.0777 16.8121 7.86455 7.86455 
9.74968 19.1711 18.5621 18.976 17.7056 7.91778 7.91778 
9.63674 19.1093 19.9386 18.4449 17.016 7.92715 7.92715 
9.04212 19.0296 20.6999 17.8983 17.4121 7.95901 7.95901 
10.3747 18.4172 20.35 18.3394 16.7548 7.88194 7.88194 
11.1644 18.404 20.5198 19.1697 15.0441 7.84902 7.84902 
10.2505 18.1701 21.8078 18.7986 15.2616 7.85571 7.85571 
11.4049 19.2746 19.5532 19.2334 14.8583 7.83781 7.83781 
11.3606 18.8752 20.6311 18.7391 14.704 7.845 7.845 
9.7866 19.8241 20.8228 18.4275 15.323 7.90801 7.90801 
10.5494 19.188 21.4974 18.9423 13.9963 7.91328 7.91328 
11.4954 16.0494 23.0726 18.7434 14.7446 7.94725 7.94725 
11.63 15.8678 22.5657 20.2786 13.8674 7.89519 7.89519 
11.0462 17.1797 22.3534 21.5748 12.1649 7.84054 7.84054 
11.3834 16.9439 23.8949 20.7625 11.1946 7.9103 7.9103 
12.0596 16.9625 23.622 19.8152 11.8473 7.84666 7.84666 
13.474 15.4292 24.9624 20.0813 10.2661 7.89355 7.89355 
11.7486 14.2414 26.1175 22.0453 10.0282 7.90948 7.90948 
11.2226 13.7127 25.7453 23.5848 9.86482 7.93484 7.93484 
10.5758 11.8209 27.5299 24.2038 10.1334 7.86813 7.86813 
9.92451 12.0508 28.3013 24.2573 9.82858 7.81878 7.81878 
10.8147 11.8778 27.7639 24.0879 9.7489 7.85341 7.85341 
11.2213 12.5281 27.0602 23.5427 10.0424 7.80267 7.80267 
11.6493 12.5442 27.0567 22.8824 10.0937 7.88684 7.88684 
11.744 13.5769 26.3747 22.5243 10.0846 7.8477 7.8477 
10.9589 14.7289 26.9591 21.5599 10.0051 7.89408 7.89408 
9.77236 13.9301 27.1159 23.28 10.1793 7.86118 7.86118 
10.0629 12.8994 26.9418 24.7713 9.63511 7.84473 7.84473 
10.5453 11.3369 28.0072 23.7892 10.7073 7.80708 7.80708 
10.4578 12.4586 26.8431 22.3884 12.1438 7.85416 7.85416 
10.254 12.6363 27.4919 22.5007 11.4739 7.82155 7.82155 
10.9853 12.9939 26.0075 23.7844 10.5053 7.86173 7.86173 
11.6952 12.4463 27.0544 23.7909 9.3033 7.85492 7.85492 
11.6644 12.4113 27.0173 23.0341 10.0972 7.88785 7.88785 
11.8969 11.7312 26.9857 24.0507 9.63081 7.85228 7.85228 
12.5824 10.9025 26.515 24.1875 10.098 7.85735 7.85735 
11.4549 11.3706 27.993 23.9326 9.58298 7.83295 7.83295 
10.6087 12.4135 27.321 23.9716 9.93661 7.87426 7.87426 
10.6526 13.1719 26.8446 24.4236 9.07278 7.91723 7.91723 
11.9197 12.6299 27.4333 23.3382 8.79463 7.94213 7.94213 
12.2099 12.815 26.7166 23.5441 8.77232 7.97107 7.97107 
12.1735 12.3442 27.4744 23.2496 8.87165 7.94332 7.94332 
12.9109 11.9464 28.3041 22.1235 8.89777 7.90867 7.90867 
12.8949 11.7813 29.1773 21.6678 8.74181 7.86847 7.86847 
13.2882 10.617 28.0215 23.023 9.22165 7.91434 7.91434 
13.4862 11.3611 28.0897 21.2483 10.0056 7.90454 7.90454 
14.3934 11.2817 27.1596 21.8263 9.51098 7.91402 7.91402 
14.0495 10.9708 27.6661 22.8421 8.6895 7.89102 7.89102 
13.9541 11.1919 26.1972 24.6004 8.28497 7.88573 7.88573 
13.2942 11.1067 25.733 24.5314 9.65324 7.84071 7.84071 
12.9796 11.7539 26.7187 23.0836 9.70788 7.87814 7.87814 
12.0749 12.3929 28.12 22.712 8.8433 7.92843 7.92843 
12.324 12.7754 26.7793 23.7829 8.51522 7.91158 7.91158 
11.6728 12.8393 25.6208 24.5259 9.63395 7.85364 7.85364 
11.2036 11.5044 26.7935 24.9748 9.76048 7.88162 7.88162 
11.3489 10.9246 27.0462 24.9874 10.0527 7.82012 7.82012 
11.2611 11.3282 28.3275 23.9462 9.4956 7.82068 7.82068 
11.0623 9.98166 29.2056 23.8115 10.3188 7.81006 7.81006 
11.2222 10.2754 28.8304 24.1009 9.90196 7.83457 7.83457 
11.2741 9.55758 29.0561 25.172 9.37087 7.78469 7.78469 
11.9713 8.68715 29.7572 25.3892 8.59379 7.8007 7.8007 
12.3996 8.57098 28.5812 25.6684 9.10739 7.83621 7.83621 
12.1418 9.21303 28.7834 25.4429 8.75659 7.83115 7.83115 
10.9393 10.2644 27.9443 26.2741 8.85198 7.86294 7.86294 
10.3443 9.1712 30.1281 26.3682 8.32571 7.83119 7.83119 
12.9982 9.07835 27.5278 26.6624 8.0759 7.82864 7.82864 
13.4474 10.5337 26.7067 25.3203 8.26138 7.86527 7.86527 
12.1326 11.2035 27.8652 24.6654 8.35233 7.89042 7.89042 
13.6421 10.285 27.9822 23.7652 8.44614 7.9397 7.9397 
13.7031 10.7605 28.5978 22.9781 8.15565 7.90243 7.90243 
13.3432 10.9051 28.1111 23.7819 8.22147 7.81862 7.81862 
13.5092 9.8685 29.7251 23.002 8.09934 7.89791 7.89791 
15.997 9.17667 28.1959 22.8647 7.98906 7.88835 7.88835 
15.391 9.96468 28.2108 22.8571 7.89238 7.84203 7.84203 
15.4098 9.41091 27.8197 23.5714 7.94619 7.92101 7.92101 
14.3523 8.60719 28.9388 23.4909 8.88639 7.86224 7.86224 
14.1789 9.20556 29.0352 23.09 8.78493 7.85269 7.85269 
14.3994 9.13494 29.1375 23.2409 8.33983 7.87371 7.87371 
14.7142 9.04724 28.4416 23.6147 8.50518 7.83859 7.83859 
16.6267 9.72025 27.423 21.7792 8.74697 7.85188 7.85188 
16.8208 9.48699 28.7861 21.0389 8.25408 7.80654 7.80654 
16.8162 9.67103 28.0163 21.8238 8.04008 7.81631 7.81631 
17.485 8.83552 28.162 21.5273 8.17389 7.90816 7.90816 
17.8068 8.51133 29.5781 20.2666 8.03431 7.90145 7.90145 
17.2867 8.44728 29.4597 20.6123 8.50817 7.84294 7.84294 
18.2112 9.16191 29.3903 19.5654 8.11211 7.77949 7.77949 
19.7355 8.78043 29.5246 18.3129 7.99306 7.82675 7.82675 
20.9456 8.58183 30.4808 16.4918 7.88875 7.80559 7.80559 
20.9591 8.24228 29.5261 17.6684 7.89574 7.85416 7.85416 
19.6632 8.78586 29.1946 18.7467 7.88373 7.86294 7.86294 
19.5418 10.335 27.9306 18.6487 7.85491 7.84451 7.84451 
19.1459 10.0782 27.9534 19.4434 7.7965 7.7913 7.7913 
18.8678 9.04551 29.0408 19.6576 7.90466 7.74181 7.74181 
19.2801 9.59968 28.0589 18.9057 8.41387 7.8709 7.8709 
20.6694 8.77043 28.2941 18.2764 8.17752 7.90604 7.90604 
19.1493 9.40041 28.5848 19.0166 8.04013 7.90439 7.90439 
18.1007 9.6135 29.7548 18.9014 7.9218 7.85393 7.85393 
19.4219 8.83152 29.2737 19.0482 7.83087 7.79693 7.79693 
19.1505 8.39806 27.7637 21.0285 7.89774 7.88077 7.88077 
21.7565 8.16504 27.3379 19.0128 7.91487 7.90639 7.90639 
21.0854 8.0766 27.5743 19.4177 7.95152 7.94728 7.94728 
22.0811 9.32676 27.5692 17.5614 7.82191 7.81979 7.81979 
21.7094 9.75892 28.7528 16.1055 7.89185 7.89079 7.89079 
20.3374 9.62084 30.612 15.9551 7.82523 7.8247 7.8247 
21.6441 9.07272 29.0765 16.6661 7.84704 7.84678 7.84678 
22.7123 9.26197 28.5626 15.8025 7.88694 7.8868 7.8868 
22.1464 8.58235 29.3269 16.2599 7.89484 7.89477 7.89477 
23.1214 8.50804 28.3683 16.4131 7.86308 7.86305 7.86305 
22.7408 8.13601 28.004 17.6786 7.81353 7.81351 7.81351 
23.3173 8.05031 28.7513 16.2139 7.88906 7.88906 7.88906 
21.8926 9.28831 29.2879 15.7093 8.0381 7.8919 7.8919 
22.4328 8.69821 29.0021 16.3006 7.90418 7.83108 7.83108 
23.1861 8.2885 29.501 15.423 7.89149 7.85494 7.85494 
22.5498 8.31092 30.0283 15.7362 7.80377 7.78549 7.78549 
23.7749 8.01348 30.2919 14.6582 7.75991 7.75077 7.75077 
22.8105 8.00674 28.2229 17.3291 7.87995 7.87539 7.87539 
21.0317 8.31372 29.1976 18.0036 7.81929 7.817 7.817 
21.1022 8.06565 29.0939 18.2852 7.81844 7.8173 7.8173 
21.3844 8.19949 28.3803 18.3093 7.90922 7.90865 7.90865 
21.1938 8.01824 27.1996 19.9697 7.8731 7.87282 7.87282 
20.7343 8.47647 30.2664 16.8577 7.88844 7.8883 7.8883 
21.5322 8.44536 30.3436 16.1958 7.82772 7.82765 7.82765 
23.0273 8.20357 28.5476 16.5374 7.89475 7.89471 7.89471 
22.9916 8.18984 28.7392 16.4448 7.87819 7.87817 7.87817 
23.3109 8.37574 28.5819 15.7566 8.21992 7.87744 7.87744 
23.1071 8.05884 30.7426 14.4912 7.98093 7.80969 7.80969 
23.8681 7.88699 29.9113 14.9607 7.84803 7.76241 7.76241 
23.2694 7.82548 29.2414 16.3313 7.806 7.76319 7.76319 
23.3123 7.86011 28.7654 16.2249 8.17932 7.82897 7.82897 
23.102 7.84572 28.0875 17.2992 8.00532 7.83015 7.83015 
23.426 7.82911 29.5125 15.3683 8.22141 7.82132 7.82132 
22.967 8.09462 30.1903 15.2404 7.96923 7.76918 7.76918 
22.1864 8.04092 29.6319 16.4062 7.97822 7.8782 7.8782 
20.2799 7.93612 29.2738 18.8959 7.90477 7.85476 7.85476 
20.2686 7.82658 29.9102 18.6119 7.81091 7.7859 7.7859 
21.3971 7.83821 29.8015 17.4971 7.83037 7.81787 7.81787 
21.6181 7.79841 29.1249 18.0876 7.79449 7.78824 7.78824 
21.0363 7.79531 29.1728 18.6217 7.79335 7.79023 7.79023 
20.1208 7.87117 28.1626 20.238 7.87019 7.86862 7.86862 
18.7494 7.899 27.0386 22.619 7.89851 7.89773 7.89773 
19.695 7.86409 29.1777 19.6725 7.86384 7.86345 7.86345 
18.5702 7.82613 28.296 21.83 7.826 7.82581 7.82581 
18.048 7.86495 28.4092 22.0834 7.86489 7.86479 7.86479 
18.2833 8.09914 29.0194 21.2269 7.79047 7.79042 7.79042 
18.7376 7.92163 28.9878 21.0512 7.76729 7.76726 7.76726 
19.7993 7.93432 28.5668 20.1282 7.85715 7.85714 7.85714 
19.9837 7.88873 28.0089 20.5683 7.85015 7.85014 7.85014 
20.6448 7.89626 28.7811 19.047 7.87696 7.87696 7.87696 
19.3988 7.92902 29.0402 19.8738 7.91937 7.91937 7.91937 
18.6738 7.81066 29.1034 20.9946 7.80584 7.80584 7.80584 
19.8959 7.78732 27.7505 21.2116 7.78491 7.78491 7.78491 
20.1119 7.82809 28.1375 20.4419 7.82688 7.82688 7.82688 
21.85 7.90075 27.5239 19.0249 7.90015 7.90015 7.90015 
20.8349 8.45488 27.8761 19.2722 7.85398 7.85398 7.85398 
19.9413 8.81928 28.5639 19.1599 7.83855 7.83855 7.83855 
20.6603 8.37516 29.4544 17.8558 7.88479 7.88479 7.88479 
22.1212 8.06818 29.0555 17.2861 7.82299 7.82299 7.82299 
23.3845 8.25944 29.3165 15.6853 7.78474 7.78474 7.78474 
24.5347 8.06808 29.213 14.692 7.83072 7.83072 7.83072 
24.0508 8.01493 30.0524 14.1931 7.89625 7.89625 7.89625 
25.3067 7.91371 28.1512 15.0653 7.85438 7.85438 7.85438 
25.4119 7.92237 29.5928 13.3947 7.89271 7.89271 7.89271 
26.4384 8.18654 29.5852 12.3312 7.81959 7.81959 7.81959 
26.326 8.13858 31.9447 10.2109 7.79329 7.79329 7.79329 
26.7047 8.06234 30.3821 11.1818 7.8897 7.8897 7.8897 
27.156 8.0189 30.3751 10.6523 7.93258 7.93258 7.93258 
27.1165 8.00945 29.8029 11.1723 7.96629 7.96629 7.96629 
27.0257 7.87469 28.8334 12.7069 7.85311 7.85311 7.85311 
28.1355 7.86816 27.6242 12.8 7.85737 7.85737 7.85737 
27.1825 7.86851 29.8777 11.482 7.86311 7.86311 7.86311 
26.3744 8.30319 29.1783 12.6989 7.81505 7.81505 7.81505 
26.9984 7.99775 30.8479 10.8949 7.75368 7.75368 7.75368 
25.6487 7.89295 30.2215 12.9241 7.77092 7.77092 7.77092 
24.0045 7.82846 31.8809 12.9838 7.76745 7.76745 7.76745 
24.5022 7.8299 30.3983 13.8714 7.79939 7.79939 7.79939 
26.6774 7.84937 29.1336 12.8373 7.83412 7.83412 7.83412 
26.5606 7.87605 28.8525 13.1056 7.86843 7.86843 7.86843 
26.7634 8.24514 28.6585 12.5453 8.05406 7.8668 7.8668 
26.0506 8.00771 30.0387 12.3537 7.91217 7.81853 7.81853 
27.1622 7.8729 29.9003 11.6828 7.82513 7.77831 7.77831 
26.9362 7.84525 30.5853 11.216 7.82136 7.79795 7.79795 
27.7054 7.82093 29.3605 11.7097 7.80899 7.79728 7.79728 
28.234 7.75662 30.0648 10.7043 7.75065 7.74479 7.74479 
27.2906 7.77052 31.2001 10.442 7.76754 7.76461 7.76461 
26.6956 7.81608 30.3799 11.6675 7.81459 7.81312 7.81312 
25.1689 7.90165 28.928 14.3002 7.9009 7.90017 7.90017 
25.1984 7.90219 29.0537 14.141 7.90182 7.90145 7.90145 
24.4663 7.90679 28.9256 14.9819 7.90661 7.90642 7.90642 
25.5777 7.83853 28.9898 14.0788 7.83844 7.83835 7.83835 
24.4665 8.19558 30.4489 13.2894 7.86659 7.86654 7.86654 
24.6536 8.07868 30.6703 12.8549 7.91419 7.91416 7.91416 
23.6833 7.98256 30.0039 14.6293 7.90031 7.9003 7.9003 
23.8787 7.8493 29.8168 15.0307 7.80818 7.80817 7.80817 
25.5358 7.87202 27.9201 15.1177 7.85146 7.85146 7.85146 
25.2207 7.89827 29.9978 13.2192 7.88799 7.88799 7.88799 
24.5912 7.94275 28.2577 15.3956 7.93761 7.93761 7.93761 
24.8329 7.85197 29.0542 14.7127 7.8494 7.8494 7.8494 
27.3317 7.82429 28.9339 12.4411 7.82301 7.82301 7.82301 
26.6416 7.89138 30.2109 11.5839 7.89074 7.89074 7.89074 
28.3829 7.82768 28.9253 11.382 7.82736 7.82736 7.82736 
28.0624 7.78481 29.9465 10.8523 7.78465 7.78465 7.78465 
28.2935 7.82683 29.5634 10.836 7.82675 7.82675 7.82675 
28.7236 7.83191 29.2018 10.7471 7.83187 7.83187 7.83187 
29.1484 7.87937 28.9302 10.4041 7.87935 7.87935 7.87935 
29.311 7.79933 29.5528 9.58799 8.1502 7.79932 7.79932 
27.9105 7.92651 30.8838 9.82755 7.93416 7.75872 7.75872 
26.3813 7.95734 30.2348 11.7185 7.96116 7.87344 7.87344 
27.774 7.98508 29.0597 11.7887 7.82674 7.78288 7.78288 
27.028 7.83869 29.1132 12.7854 7.75952 7.73759 7.73759 
27.7768 7.92576 29.1399 12.0017 7.72591 7.71495 7.71495 
26.1262 7.80903 31.7028 11.2456 7.70911 7.70363 7.70363 
25.647 7.76358 30.7843 12.6698 7.71362 7.71087 7.71087 
26.6166 7.84731 30.0473 12.0245 7.82233 7.82095 7.82095 
26.8026 7.90093 28.3759 13.2566 7.88844 7.88775 7.88775 
25.7041 7.89368 28.2258 14.5147 7.88744 7.88709 7.88709 
26.5644 7.79299 28.327 13.9463 7.78987 7.7897 7.7897 
25.4124 8.03851 28.5126 14.3696 7.88902 7.88893 7.88893 
24.3032 8.96222 30.2259 12.6981 7.9369 7.93686 7.93686 
23.3665 8.53095 30.0662 14.4487 7.86253 7.86251 7.86251 
22.9406 8.21285 28.6296 16.5811 7.87864 7.87862 7.87862 
24.2867 8.06212 28.5553 15.4108 7.89501 7.89501 7.89501 
25.4345 7.98676 27.8852 14.9839 7.9032 7.9032 7.9032 
25.0506 7.99338 27.6093 15.4919 7.9516 7.9516 7.9516 
25.9124 9.48056 27.6756 13.3911 7.84677 7.84677 7.84677 
24.7502 8.72699 28.6219 14.1706 7.9101 7.91009 7.91009 
24.4804 8.22314 29.2232 14.6292 7.8147 7.8147 7.8147 
24.5013 8.2517 28.7836 14.7987 7.88824 7.88824 7.88824 
24.7102 8.00934 30.0876 13.71 7.82762 7.82762 7.82762 
23.9445 7.97818 29.2822 15.1332 7.88732 7.88732 7.88732 
23.7873 7.92745 29.7096 14.9296 7.88201 7.88201 7.88201 
23.1437 7.86997 30.4798 14.9648 7.84726 7.84726 7.84726 
22.5043 7.79351 29.3878 16.9679 7.78215 7.78215 7.78215 
23.0818 7.83997 29.3627 16.2127 7.83429 7.83429 7.83429 
23.0911 7.87135 28.8151 16.617 7.86851 7.86851 7.86851 
24.4321 7.88757 28.4969 15.525 7.88615 7.88615 7.88615 
24.1952 7.93684 30.3943 13.6653 7.93613 7.93613 7.93613 
23.6236 7.86452 29.6452 15.2742 7.86417 7.86417 7.86417 
23.0329 7.89266 30.1691 15.2279 7.89248 7.89248 7.89248 
23.6875 7.8937 29.0648 15.6731 7.89361 7.89361 7.89361 
14 14 14 14 14 14 14 
12.9267 15.4052 16.0517 17.1293 15.2974 11.2026 10.9871 
13.4925 15.5275 17.9728 18.5116 14.9431 9.58007 9.47231 
13.1054 15.8685 17.2158 19.2309 16.8232 8.78006 8.72618 
12.8329 17.113 18.5113 18.4319 16.2618 8.37554 8.3486 
11.9852 15.4285 20.6301 19.524 16.1878 8.09772 8.08425 
11.7205 15.7095 21.1742 18.9505 16.4471 7.98681 7.98007 
11.9135 16.3293 21.2409 20.2501 14.2768 7.98856 7.98519 
11.2509 19.2235 20.7381 19.4192 13.3737 7.99428 7.9926 
10.7507 18.6095 20.8474 19.049 14.7734 7.98347 7.98263 
9.81461 19.8188 19.8863 18.5198 16.0316 7.9637 7.96328 
8.88458 19.0003 21.4204 19.1463 15.6294 7.95912 7.95891 
10.5744 18.4624 20.498 20.3043 14.4185 7.87107 7.87097 
10.6189 18.2359 20.6755 20.5787 14.1998 7.84549 7.84544 
10.5058 16.6237 22.8089 20.7974 13.5664 7.84884 7.84881 
11.1739 16.5356 22.9176 19.2803 14.349 7.87179 7.87178 
9.92432 16.822 22.0612 21.3269 14.042 7.9118 7.91179 
8.87921 16.4755 22.4361 22.4146 14.0486 7.87295 7.87295 
8.40231 17.2121 23.922 21.1141 13.5511 7.89918 7.89918 
8.80021 16.7429 24.5789 21.524 12.6718 7.8411 7.8411 
9.1507 16.4474 24.2847 22.876 11.5615 7.83979 7.83979 
10.4506 15.6578 22.9337 23.7881 11.4163 7.87673 7.87673 
11.3719 16.9305 23.6418 20.8775 11.5001 7.83907 7.83907 
11.4276 17.5562 22.5865 20.9651 11.7309 7.86691 7.86691 
11.1192 16.2719 21.8583 21.7847 13.2365 7.86466 7.86466 
10.4095 16.7965 22.2456 21.5159 13.3157 7.85843 7.85843 
10.4553 15.9161 22.1013 22.8105 12.9824 7.86716 7.86716 
10.6394 15.9581 23.2859 22.4641 11.7853 7.93358 7.93358 
10.394 15.0335 23.6479 23.8558 11.2144 7.92719 7.92719 
9.84246 14.7295 25.8826 24.0306 9.7637 7.87557 7.87557 
9.73605 14.1549 26.1512 23.4968 10.6843 7.8884 7.8884 
10.5171 13.8082 25.3352 24.3686 10.1499 7.91055 7.91055 
11.4479 14.5497 23.2259 24.1989 10.9002 7.83877 7.83877 
11.1029 15.4656 22.8599 23.5909 11.3181 7.83137 7.83137 
10.7158 15.714 23.167 24.002 10.5886 7.90629 7.90629 
9.46045 15.8057 24.7886 22.7702 11.3199 7.92751 7.92751 
9.55696 15.3286 24.2755 23.7614 11.2293 7.92415 7.92415 
9.27969 14.477 25.1548 23.8028 11.5757 7.85502 7.85502 
10.9543 15.7436 24.4331 21.8241 11.2002 7.92235 7.92235 
10.5866 15.1711 24.2603 23.9291 10.3446 7.85412 7.85412 
10.0552 16.4828 23.9096 21.9896 11.9392 7.81177 7.81177 
11.2169 15.6443 25.4257 20.9463 11.1881 7.78938 7.78938 
10.3704 14.965 25.2442 20.8741 12.9875 7.7794 7.7794 
10.8262 13.7646 25.1862 22.7448 11.7502 7.86406 7.86406 
11.7583 13.2275 24.522 23.4282 11.3319 7.86604 7.86604 
11.6816 13.6508 25.3474 22.8252 10.7277 7.88364 7.88364 
10.2679 13.0754 25.6946 23.3918 11.8743 7.84807 7.84807 
11.2253 11.36 25.6645 23.371 12.663 7.85804 7.85804 
11.9271 11.7367 25.8477 21.9948 12.6459 7.92387 7.92387 
12.1825 11.7141 26.8542 21.3208 12.0444 7.94203 7.94203 
13.0533 11.5533 26.2119 21.673 11.7184 7.89507 7.89507 
13.4274 12.3142 25.2125 21.3692 11.7914 7.94269 7.94269 
10.7849 14.1723 24.6928 22.5167 12.0026 7.91537 7.91537 
10.948 14.3613 24.648 23.4276 10.7632 7.92594 7.92594 
10.2888 14.7115 25.2869 24.5533 9.33221 7.91359 7.91359 
9.47011 13.5899 25.1117 26.6533 9.37348 7.90081 7.90081 
9.3833 14.3326 25.7468 25.6382 9.20936 7.84488 7.84488 
9.04488 13.3852 26.555 25.3813 9.82856 7.90254 7.90254 
9.30968 12.8096 25.6445 26.3874 9.96747 7.94063 7.94063 
10.2959 13.1997 23.7197 25.3732 11.5222 7.94467 7.94467 
9.21297 12.9684 25.681 25.4237 10.9101 7.90188 7.90188 
9.94147 12.8117 25.3715 24.8707 11.1623 7.92116 7.92116 
10.4374 12.9392 25.3524 24.9687 10.3811 7.96058 7.96058 
9.74193 13.5601 24.4122 26.054 10.4473 7.89227 7.89227 
9.7303 13.5575 25.1217 25.6869 10.083 7.91033 7.91033 
10.1792 13.059 25.242 25.7661 9.87241 7.94067 7.94067 
9.69663 12.627 26.0356 26.1622 9.67875 7.89988 7.89988 
10.4183 12.2721 26.4893 25.7754 9.37305 7.83595 7.83595 
10.5142 12.3695 25.9768 25.0893 10.2568 7.89675 7.89675 
10.2036 12.3345 25.8226 25.3789 10.6097 7.82538 7.82538 
11.1544 11.562 25.5429 25.0579 10.9627 7.86006 7.86006 
11.76 12.2326 25.9435 24.2225 10.1857 7.82788 7.82788 
12.4127 11.8952 27.7959 23.1665 9.11294 7.80841 7.80841 
12.2273 12.3612 28.4267 22.3162 9.00673 7.83091 7.83091 
12.2043 11.988 28.5193 22.9145 8.61101 7.88146 7.88146 
12.901 11.943 28.2823 22.7887 8.27151 7.90674 7.90674 
12.8364 10.7269 26.9129 23.8943 9.84228 7.89359 7.89359 
11.8049 10.7502 27.683 24.7925 9.34103 7.8142 7.8142 
13.2471 10.8836 27.8245 23.5544 8.76656 7.8619 7.8619 
13.6857 10.9503 26.7654 24.0654 8.76181 7.88575 7.88575 
12.6762 11.3085 27.8271 23.2827 9.24202 7.83177 7.83177 
12.8841 11.3645 27.5626 23.2012 9.35638 7.8156 7.8156 
12.4041 10.9668 27.7379 24.3377 8.87873 7.83734 7.83734 
12.602 10.0167 28.5356 24.0355 8.9727 7.91867 7.91867 
12.5684 9.88302 28.6132 24.274 8.94317 7.85906 7.85906 
12.192 9.55246 27.8513 25.6817 9.08254 7.82002 7.82002 
12.6049 9.06617 27.5351 26.1545 8.83121 7.90409 7.90409 
13.2038 9.60351 28.9788 24.0631 8.35927 7.89571 7.89571 
12.3541 10.1115 28.3537 25.1584 8.16193 7.93015 7.93015 
12.0195 10.4905 28.3073 25.0792 8.29292 7.90529 7.90529 
13.088 10.2151 28.7621 23.8348 8.36333 7.86831 7.86831 
13.1739 10.4943 28.8838 23.7958 8.04907 7.80156 7.80156 
12.4935 11.2911 27.6287 23.7111 9.10695 7.8843 7.8843 
12.8182 10.3598 27.6715 24.7127 8.55348 7.94215 7.94215 
13.0288 9.68696 28.4836 23.7648 9.20632 7.91474 7.91474 
13.1126 9.24231 29.0512 24.1991 8.5621 7.91631 7.91631 
12.5459 9.69928 28.7183 24.9902 8.31751 7.86441 7.86441 
13.7442 9.7347 28.1523 24.7077 8.03807 7.81151 7.81151 
14.3159 9.08083 27.8402 24.7134 8.37297 7.83834 7.83834 
14.5326 9.11269 28.5219 23.5661 8.46377 7.90147 7.90147 
14.5448 9.30318 29.1343 22.3843 8.82049 7.90643 7.90643 
16.0443 9.03755 28.8947 21.5723 8.65001 7.90058 7.90058 
16.5621 9.47745 29.0479 20.7035 8.3195 7.94478 7.94478 
15.1263 9.64944 29.4049 22.1077 8.0288 7.84144 7.84144 
16.2051 8.99139 29.0543 22.3193 7.87242 7.77874 7.77874 
16.6963 9.33944 29.6834 20.8471 7.84246 7.79562 7.79562 
15.9149 8.52729 29.8269 22.4414 7.7788 7.75538 7.75538 
15.6382 8.32991 29.2207 23.4195 7.80506 7.79335 7.79335 
15.8927 8.41425 29.1996 22.8995 7.86854 7.86268 7.86268 
15.4244 8.89921 28.676 23.3266 7.89321 7.89029 7.89029 
15.0221 8.39697 28.3731 24.5288 7.89397 7.89251 7.89251 
16.2067 8.54631 28.3894 23.2789 7.86003 7.8593 7.8593 
15.6335 8.33942 28.6526 22.9346 8.74929 7.84531 7.84531 
13.7691 8.03876 29.9513 24.4137 8.24369 7.7917 7.7917 
13.6692 8.29667 30.0199 24.1538 8.10415 7.87815 7.87815 
14.2845 8.01653 30.0529 24.1113 7.92027 7.80727 7.80727 
14.5268 8.00826 28.1034 25.5941 7.96013 7.90364 7.90364 
14.5948 7.96308 28.2746 25.407 7.93901 7.91076 7.91076 
16.0693 8.3675 27.4414 24.3994 7.91687 7.90275 7.90275 
16.5252 8.42903 29.2867 22.1054 7.88925 7.88219 7.88219 
16.792 8.18511 29.3492 21.935 7.91522 7.91168 7.91168 
18.0533 8.1424 29.0048 21.2479 7.85169 7.84992 7.84992 
16.6829 8.1337 29.5024 21.8739 8.14459 7.83121 7.83121 
16.6487 7.98534 29.1713 22.5357 7.99079 7.8341 7.8341 
15.5774 8.15934 29.2461 23.6135 7.85342 7.77508 7.77508 
16.55 8.00716 27.9161 24.0424 7.8542 7.81503 7.81503 
16.5305 8.36495 28.1325 23.5477 7.82118 7.8016 7.8016 
16.204 8.0822 28.6902 23.6123 7.81031 7.80052 7.80052 
15.9196 8.27563 28.8402 23.5325 7.81395 7.80905 7.80905 
15.6275 8.7704 27.8386 24.0666 7.90059 7.89814 7.89814 
18.2304 8.23135 27.3809 22.7705 7.79645 7.79522 7.79522 
16.9768 8.20373 29.2565 22.0771 7.82904 7.82843 7.82843 
16.2055 8.12116 29.7408 22.6141 7.77304 7.77274 7.77274 
14.988 8.32287 29.1327 24.0939 7.82095 7.82079 7.82079 
13.367 8.12969 29.6457 25.2216 7.87873 7.87865 7.87865 
14.0414 8.07822 30.3747 24.1492 7.78552 7.78548 7.78548 
13.2919 8.2764 30.1026 24.956 7.79106 7.79104 7.79104 
14.2217 8.22911 29.2937 24.7507 7.83493 7.83492 7.83492 
15.2741 8.02612 28.9326 24.2801 7.82903 7.82902 7.82902 
15.7405 7.97858 28.087 24.5539 7.88003 7.88003 7.88003 
14.7036 7.98929 29.8768 23.6103 7.94002 7.94001 7.94001 
14.6689 7.95806 29.5726 24.0003 7.93342 7.93342 7.93342 
14.2548 8.13128 29.1461 24.6299 7.94595 7.94595 7.94595 
12.9578 7.95257 29.5907 25.9192 7.8599 7.8599 7.8599 
11.8635 7.97628 30.6415 25.7288 7.92995 7.92995 7.92995 
12.8809 8.39492 28.8801 26.0847 8.03277 7.86328 7.86328 
12.8641 8.53774 29.5442 25.1952 8.00944 7.9247 7.9247 
12.7204 8.40997 28.5758 26.4013 7.99245 7.95008 7.95008 
13.3889 8.1986 28.6649 25.8204 7.98984 7.96865 7.96865 
15.0551 8.03372 27.939 25.2053 7.92934 7.91875 7.91875 
15.7767 7.88892 27.7742 25.0606 7.83673 7.83143 7.83143 
14.2007 7.93117 28.505 25.6532 7.90507 7.90243 7.90243 
15.8666 7.86169 27.4019 25.3266 7.84864 7.84732 7.84732 
15.5722 7.9239 28.2843 24.4689 7.91738 7.91671 7.91671 
14.5657 8.36873 28.7184 24.6073 8.02648 7.85666 7.85666 
17.0188 8.14476 28.5506 22.5347 7.97364 7.88873 7.88873 
17.7451 8.05327 28.925 21.4584 7.96771 7.92526 7.92526 
16.6897 8.00894 29.3593 22.0861 7.96616 7.94493 7.94493 
17.4643 7.93529 28.8306 22.0494 7.9139 7.90328 7.90328 
15.9178 7.85986 28.7865 23.8989 7.84916 7.84386 7.84386 
17.1361 7.88563 27.8426 23.5001 7.88028 7.87762 7.87762 
18.2859 7.86131 28.4981 21.7814 7.85863 7.85731 7.85731 
17.9289 7.92426 29.1053 21.2741 7.92293 7.92226 7.92226 
19.4075 7.91783 28.4767 20.4472 7.91716 7.91683 7.91683 
19.5499 8.72814 28.2383 19.6082 7.95858 7.95841 7.95841 
21.2881 8.64039 27.7705 18.5212 7.92666 7.92658 7.92658 
20.7135 8.31325 28.6422 18.462 7.95638 7.95634 7.95634 
19.6273 8.10799 28.6068 19.8693 7.92956 7.92954 7.92954 
20.2975 7.92496 28.8195 19.4508 7.83575 7.83574 7.83574 
19.1143 7.928 28.0305 21.2771 7.88339 7.88339 7.88339 
18.5272 7.95071 28.1348 21.602 7.92841 7.9284 7.9284 
17.8955 7.88415 29.8655 20.7359 7.873 7.873 7.873 
17.1521 7.81204 29.1742 22.4422 7.80647 7.80647 7.80647 
16.2931 7.76454 28.2527 24.4044 7.76175 7.76175 7.76175 
13.9459 7.80077 29.0166 25.8386 7.79937 7.79937 7.79937 
14.1158 7.86864 28.0004 26.4113 7.86794 7.86794 7.86794 
13.0982 7.96116 29.2686 26.2929 7.79303 7.79303 7.79303 
13.6488 7.90807 28.5316 26.4395 7.82401 7.82401 7.82401 
15.5049 7.94709 28.8491 23.9836 7.90506 7.90506 7.90506 
15.9436 7.89846 29.1003 23.4253 7.87744 7.87744 7.87744 
17.1823 8.06107 29.6817 21.0876 8.21504 7.88609 7.88609 
17.45 8.53504 28.8048 21.5048 8.01142 7.84695 7.84695 
18.3596 8.25423 28.0237 21.5497 7.99242 7.91019 7.91019 
19.6299 7.98564 28.3205 20.5819 7.85473 7.81361 7.81361 
20.2498 7.90586 29.3777 18.262 8.56505 7.81985 7.81985 
19.6104 8.29377 28.676 19.7419 8.14104 7.76845 7.76845 
19.0409 8.76472 28.8284 19.5843 8.05141 7.86511 7.86511 
19.8008 8.4322 29.3675 18.8264 7.91979 7.82664 7.82664 
19.7688 8.32794 29.4864 18.7882 7.90726 7.86069 7.86069 
20.274 8.06008 27.0808 21.0824 7.84974 7.82645 7.82645 
20.8897 7.97269 28.2358 19.3226 7.86752 7.85588 7.85588 
19.1275 8.77676 29.3873 19.2421 7.82598 7.82015 7.82015 
20.4909 8.36189 28.2698 19.2237 7.8865 7.88359 7.88359 
19.588 8.16018 27.9757 20.5115 7.92249 7.92103 7.92103 
19.2956 8.75299 28.1623 20.0688 8.01109 7.8546 7.8546 
16.87 9.37649 30.933 18.3678 8.63517 8.00137 7.81619 
18.1124 8.55922 30.9504 18.5387 8.18855 7.87165 7.77906 
17.8422 8.27322 29.8522 20.132 8.08789 7.92944 7.88314 
18.7003 8.86847 27.2289 21.4225 7.98716 7.90794 7.88479 
20.3501 8.43424 27.6145 19.7112 7.99358 7.95397 7.94239 
20.4741 8.70217 30.2524 16.0018 8.64795 7.9637 7.95791 
21.7872 8.30245 29.2599 16.5115 8.27534 7.93322 7.93032 
21.5248 8.13794 29.2479 17.0598 8.12438 7.95332 7.95187 
21.9774 7.96305 28.0196 18.343 7.95627 7.87074 7.87002 
21.5656 8.62896 28.9136 17.5048 7.82429 7.78152 7.78116 
20.9135 8.39945 29.6529 17.5759 7.83371 7.81233 7.81215 
23.1328 8.07296 28.911 16.5344 7.7901 7.7794 7.77931 
22.951 8.03648 29.2247 16.1134 7.89505 7.8897 7.88966 
22.8528 7.91046 28.6842 17.0387 7.83974 7.83707 7.83704 
23.7101 7.93447 28.702 15.9588 7.89911 7.89777 7.89776 
22.4563 7.92293 28.275 17.6313 7.90525 7.90458 7.90458 
22.1931 7.90883 28.465 17.7338 7.89999 7.89966 7.89966 
22.1903 7.86067 28.7638 17.6169 7.85625 7.85608 7.85608 
20.3934 7.96542 29.1187 19.1593 7.78777 7.78769 7.78769 
18.8593 7.93408 28.8451 20.8259 7.84525 7.84521 7.84521 
19.7337 7.85217 28.2739 20.717 7.80776 7.80774 7.80774 
20.0281 7.79705 29.4595 19.3908 7.77485 7.77484 7.77484 
21.686 8.31493 29.2408 17.2664 7.83064 7.83064 7.83064 
21.1267 8.05817 29.1594 18.2076 7.81603 7.81603 7.81603 
23.5004 7.87524 29.6147 15.7472 7.75417 7.75417 7.75417 
24.4808 8.18116 30.859 12.8551 8.12063 7.75162 7.75162 
25.4306 8.07831 30.6135 12.1024 8.04804 7.86354 7.86354 
25.3351 8.03277 29.3643 13.3995 8.01763 7.92538 7.92538 
26.9533 8.60822 29.308 11.4616 7.92038 7.87426 7.87426 
26.751 8.28641 28.8133 12.368 7.94249 7.91943 7.91943 
25.8755 7.98936 28.6695 14.0366 7.8174 7.80587 7.80587 
25.9377 7.99468 29.0014 13.3516 7.9087 7.90293 7.90293 
24.6208 7.97964 28.8075 14.7879 7.93665 7.93377 7.93377 
24.3416 7.89607 27.685 16.4564 7.87458 7.87313 7.87313 
24.0321 8.14512 31.3607 12.9728 7.95189 7.76868 7.76868 
25.4346 8.06617 28.6197 14.1541 7.96955 7.87795 7.87795 
23.3282 7.8916 29.9047 15.2764 8.00407 7.7975 7.7975 
22.8276 7.87662 29.4178 16.286 7.93285 7.82957 7.82957 
23.1785 7.80828 28.6408 16.9665 7.8364 7.78475 7.78475 
20.4388 8.7714 30.1021 17.0378 7.9005 7.87468 7.87468 
20.9789 8.34139 28.6586 18.329 7.90595 7.89303 7.89303 
21.9042 8.02922 28.638 18.007 7.81149 7.80504 7.80504 
21.1931 8.08087 28.325 18.0396 8.72502 7.81818 7.81818 
21.4121 8.29576 29.9427 16.112 8.61783 7.8098 7.8098 
23.3663 7.99403 29.5547 15.4278 8.15507 7.75105 7.75105 
23.5128 7.94023 29.7616 15.1271 8.02075 7.81874 7.81874 
22.9185 7.94565 28.9481 16.4321 7.98591 7.88491 7.88491 
22.2789 7.90725 27.7527 18.38 7.92738 7.87688 7.87688 
22.0872 7.87519 28.909 17.5233 7.88526 7.86001 7.86001 
21.226 7.88897 28.8922 18.3361 7.894 7.88137 7.88137 
21.613 7.94448 28.6128 18.0014 7.947 7.94069 7.94069 
22.086 7.8443 28.7845 17.7549 7.84555 7.8424 7.8424 
21.8366 7.8904 29.1542 17.4489 7.89103 7.88945 7.88945 
20.7889 7.8287 29.6256 18.2714 7.82901 7.82822 7.82822 
22.3321 7.89359 27.9616 18.1322 7.89374 7.89335 7.89335 
24.5648 7.86836 28.3599 15.6021 7.86844 7.86824 7.86824 
24.5747 7.92089 28.6318 15.11 7.92093 7.92083 7.92083 
25.1298 7.8988 29.3844 13.8906 7.89882 7.89877 7.89877 
24.4854 7.92291 30.0895 13.7334 7.92292 7.9229 7.9229 
23.6333 7.95554 31.0211 13.5235 7.95554 7.95553 7.95553 
24.236 7.84874 30.9944 13.3747 7.84874 7.84873 7.84873 
24.9012 7.80786 29.4131 14.4543 7.80786 7.80786 7.80786 
25.4253 7.85963 28.6306 14.5056 7.85963 7.85963 7.85963 
24.9803 8.01903 30.858 12.4573 8.01903 7.83316 7.83316 
24.8299 7.85567 31.4547 12.4786 7.85567 7.76273 7.76273 
25.2548 7.85533 29.0204 14.3964 7.85533 7.80886 7.80886 
23.8039 7.89825 29.2161 15.4335 7.89825 7.87502 7.87502 
22.8608 8.57241 28.4779 16.4496 7.88748 7.87587 7.87587 
23.5336 8.8497 29.9136 13.7804 8.11041 7.90619 7.90619 
21.952 9.05448 31.1605 14.2976 7.91323 7.81112 7.81112 
22.3472 9.04229 29.7943 15.51 7.80277 7.75171 7.75171 
23.0548 8.48154 29.5836 15.3458 7.86178 7.83625 7.83625 
14 14 14 14 14 14 14 
15.046 15.5057 16.8851 16.8851 12.8621 10.908 10.908 
14.1355 16.4536 18.7674 17.3752 13.9716 9.39834 9.39834 
13.0174 18.2954 18.1937 17.9554 15.1094 8.58933 8.58933 
11.5778 18.5947 19.9264 18.7703 14.5823 8.21172 8.21172 
10.9114 18.0947 19.8741 20.4097 14.6408 8.00341 8.00341 
10.0115 17.5895 21.5544 20.4554 14.3819 7.98804 7.98804 
9.19128 18.5232 21.8632 20.6349 13.8652 7.95329 7.95329 
9.39658 18.3951 21.4702 21.4416 13.3729 7.95791 7.95791 
11.4899 17.7456 21.625 19.6201 13.5951 7.96022 7.96022 
10.5121 15.1921 21.7881 22.116 14.4472 7.97124 7.97124 
12.0946 15.7799 22.6654 19.5782 14.0622 7.90939 7.90939 
11.989 16.1859 21.7587 20.7756 13.5333 7.87846 7.87846 
10.5506 17.5556 19.9915 22.3037 13.776 7.91119 7.91119 
9.85118 19.6037 18.5895 21.6429 14.5889 7.86185 7.86185 
9.01438 21.4841 18.2901 22.3869 13.0187 7.90289 7.90289 
8.42424 20.3043 19.7441 22.1381 13.6522 7.86849 7.86849 
8.20755 18.3713 22.0867 22.1421 13.333 7.92968 7.92968 
8.01182 19.3006 20.6985 21.8757 14.3676 7.87289 7.87289 
8.47839 21.1182 21.4731 20.2268 13.0324 7.83553 7.83553 
8.73228 19.8909 22.2573 20.4821 12.9678 7.83481 7.83481 
8.9116 20.7846 21.2685 19.7981 13.4769 7.88011 7.88011 
9.73052 20.0626 20.3046 20.2287 13.8813 7.8961 7.8961 
10.0807 19.215 21.3768 20.772 12.723 7.9163 7.9163 
9.83006 18.486 21.0856 22.5355 12.2026 7.93011 7.93011 
9.39445 19.7757 19.2595 22.0426 13.6074 7.96021 7.96021 
10.5992 18.5738 20.6542 20.1527 14.2647 7.87766 7.87766 
10.3584 17.9928 19.8565 19.6058 16.3088 7.93883 7.93883 
9.53216 17.114 20.8694 20.2735 16.2721 7.96941 7.96941 
9.94255 17.8511 21.6112 19.6661 14.9596 7.98471 7.98471 
9.12832 16.4313 22.4684 22.1887 13.9463 7.91845 7.91845 
9.68321 16.3109 23.4961 21.6896 13.0446 7.8878 7.8878 
9.48708 14.8792 25.44 21.8472 12.6348 7.85588 7.85588 
9.2999 15.5931 23.8711 23.5136 11.9529 7.88477 7.88477 
9.35847 14.9714 25.0521 22.8554 12.0302 7.86615 7.86615 
8.6266 13.4666 25.684 24.1071 12.3548 7.88045 7.88045 
9.05264 14.4347 25.4012 22.8356 12.5755 7.85018 7.85018 
9.33401 14.1885 25.8016 23.5572 11.3358 7.89143 7.89143 
10.6249 14.6877 24.4662 22.059 12.3268 7.91768 7.91768 
9.95533 14.7248 25.6855 21.8628 11.9967 7.88741 7.88741 
10.1247 13.9801 26.2006 22.2059 11.7582 7.86527 7.86527 
10.4059 13.6058 24.8051 22.5533 12.8765 7.87666 7.87666 
10.5474 13.6913 24.6353 23.0344 12.3765 7.85757 7.85757 
9.46028 14.2619 24.7579 23.9574 11.8103 7.87615 7.87615 
9.36673 14.3991 24.6596 25.6378 10.2911 7.82279 7.82279 
9.37087 13.9303 25.6712 25.0785 10.1936 7.87774 7.87774 
10.131 14.6384 25.9544 23.4304 10.0473 7.89927 7.89927 
10.5287 14.2076 26.7539 23.8292 8.94289 7.86887 7.86887 
11.5464 13.6423 25.6847 24.2223 9.08683 7.9088 7.9088 
10.81 13.7007 25.4959 24.7647 9.45742 7.8856 7.8856 
10.5145 15.8528 25.4 22.8446 9.71654 7.83574 7.83574 
10.8269 15.9011 25.738 21.4223 10.4279 7.84192 7.84192 
11.3931 14.8208 25.8461 22.1615 10.0486 7.86498 7.86498 
11.7116 15.3051 25.2037 21.7324 10.4127 7.8172 7.8172 
13.2242 15.1526 24.1808 20.8662 10.8643 7.85597 7.85597 
11.4964 15.1598 25.3295 21.3585 10.8306 7.91256 7.91256 
11.0438 13.6144 27.1968 22.2556 10.0951 7.89717 7.89717 
11.0915 12.63 27.7756 22.7734 9.98426 7.87263 7.87263 
11.116 12.4158 27.1504 23.1904 10.2972 7.9151 7.9151 
10.9063 12.0537 26.6349 23.9086 10.6212 7.93765 7.93765 
12.7985 11.5681 25.8175 22.2636 11.625 7.96367 7.96367 
14.435 11.2687 27.322 20.443 10.6595 7.93592 7.93592 
14.8582 12.0687 26.1275 21.4816 9.75332 7.85536 7.85536 
14.1971 11.5592 25.6328 23.448 9.57279 7.79508 7.79508 
13.7739 12.8477 25.1201 22.8496 9.76022 7.82424 7.82424 
12.808 13.3975 24.9285 23.2669 9.88011 7.85949 7.85949 
10.9862 13.7068 25.8065 23.089 10.7352 7.8381 7.8381 
11.4827 13.2336 26.4449 23.5237 9.66448 7.8253 7.8253 
11.2542 13.5399 26.9404 22.7875 9.70403 7.88701 7.88701 
12.4394 12.9396 25.681 23.2189 9.86487 7.92808 7.92808 
11.7907 13.4336 26.7681 23.1694 9.11071 7.86376 7.86376 
12.4506 13.9147 25.5948 23.6669 8.53993 7.91646 7.91646 
11.2253 13.1416 26.7448 24.3335 8.74365 7.9056 7.9056 
10.8181 14.242 26.1121 22.9887 9.98826 7.9254 7.9254 
9.5096 13.2057 26.9449 23.3991 11.0788 7.93095 7.93095 
9.62586 14.0527 25.6501 24.4503 10.5537 7.83367 7.83367 
10.2817 13.5368 26.1063 24.9855 9.44353 7.82309 7.82309 
10.9674 12.4594 26.1968 25.3654 9.32881 7.84108 7.84108 
10.6153 14.1245 25.4668 23.7353 10.3223 7.86791 7.86791 
10.3879 13.8804 25.9687 23.6324 10.5087 7.81096 7.81096 
10.0416 12.0649 27.9428 24.1431 10.2405 7.7836 7.7836 
10.7585 11.0871 27.2228 26.1426 9.08201 7.85355 7.85355 
10.3792 12.8512 28.0986 24.3533 8.51536 7.90113 7.90113 
11.7988 12.3164 28.1297 23.0962 8.99906 7.82988 7.82988 
12.2578 11.505 28.0822 23.5423 8.9793 7.81667 7.81667 
13.446 10.2241 27.0492 24.3728 9.2322 7.83788 7.83788 
12.8099 10.0396 27.1478 25.5197 8.819 7.83198 7.83198 
12.4919 10.8169 27.342 25.3686 8.32254 7.82903 7.82903 
11.5981 11.0422 28.0372 24.797 8.80916 7.85818 7.85818 
11.8509 10.9966 28.716 24.5022 8.29507 7.81958 7.81958 
12.1385 9.4924 28.4113 26.0085 8.14162 7.90387 7.90387 
11.1397 9.81662 28.5718 26.3845 8.29616 7.8956 7.8956 
12.614 9.19008 29.203 25.347 8.01548 7.8152 7.8152 
13.7144 8.86854 30.1286 23.4997 7.99635 7.89621 7.89621 
14.0631 8.40486 29.0349 24.691 7.96876 7.91869 7.91869 
12.8062 8.99116 28.0386 25.8666 8.49142 7.90301 7.90301 
12.6193 8.81991 29.2896 25.3658 8.16463 7.87042 7.87042 
13.5182 8.55106 28.4485 25.5663 8.07005 7.92294 7.92294 
13.2198 9.05081 27.8478 26.1259 7.96761 7.89405 7.89405 
13.3822 8.84817 29.0536 25.1667 7.87429 7.83752 7.83752 
16.0955 8.34258 28.4766 23.5551 7.85564 7.83725 7.83725 
15.1694 8.02886 29.6686 23.7954 7.78539 7.77619 7.77619 
13.7472 8.35617 29.9603 24.5027 7.81426 7.80967 7.80967 
12.9898 8.45943 30.8823 24.0251 7.88267 7.88037 7.88037 
13.5013 8.21061 28.6577 25.866 7.92222 7.92108 7.92108 
13.4173 8.59806 28.097 26.2664 7.87416 7.87358 7.87358 
13.9787 9.49191 29.182 23.8157 7.94301 7.79436 7.79436 
15.1143 8.9647 28.8098 23.6266 7.87776 7.80343 7.80343 
16.5786 8.61079 27.8605 23.2812 7.91441 7.87725 7.87725 
17.3057 8.40376 27.7008 22.9521 7.89163 7.87305 7.87305 
17.7302 8.36854 27.392 23.0832 7.81486 7.80557 7.80557 
17.2709 8.67703 27.8989 22.1213 8.40019 7.81583 7.81583 
18.1877 8.96538 27.6808 20.1651 9.42397 7.78851 7.78851 
17.0626 8.54519 29.6217 20.5513 8.61824 7.80051 7.80051 
16.3295 8.24813 30.1013 21.2848 8.28465 7.87579 7.87579 
16.8542 8.11267 29.2957 21.7535 8.13093 7.9265 7.9265 
16.0294 8.0037 29.5601 22.5727 8.01283 7.91062 7.91062 
17.7281 7.98274 28.7928 21.6367 7.98731 7.9362 7.9362 
17.1498 7.99137 29.3964 21.5326 7.99365 7.9681 7.9681 
17.3608 7.9893 29.7142 20.9899 7.99044 7.97766 7.97766 
16.0817 7.94202 28.8374 22.995 8.27153 7.9362 7.9362 
18.4369 8.26144 29.6002 18.9232 8.92125 7.9285 7.9285 
19.2513 8.40703 29.2738 18.8366 8.40799 7.91162 7.91162 
19.657 8.43549 30.3109 17.7255 8.12249 7.8743 7.8743 
19.9217 8.56557 30.3728 17.5584 7.94323 7.81914 7.81914 
18.6256 8.26006 29.2489 20.1428 7.94889 7.88684 7.88684 
18.6296 8.01202 28.7549 21.0963 7.85643 7.82541 7.82541 
18.7785 8.10695 27.6267 21.9046 7.87143 7.85592 7.85592 
16.4632 10.3236 27.1574 22.6886 7.79424 7.78648 7.78648 
16.4574 9.03275 28.74 22.4733 7.76809 7.76421 7.76421 
15.4842 9.09051 29.9851 21.9622 7.82726 7.82532 7.82532 
16.346 8.92837 28.3043 22.9941 7.80973 7.80876 7.80876 
16.0677 9.88214 28.5484 22.0234 7.92963 7.77435 7.77435 
16.3925 8.89244 29.4718 21.65 7.91619 7.83854 7.83854 
17.5613 8.41447 28.0692 22.2536 7.92635 7.88753 7.88753 
16.1771 8.34925 29.5672 22.0735 7.95726 7.93785 7.93785 
15.9833 8.04459 29.7991 22.6467 7.8486 7.83889 7.83889 
15.1345 7.99055 28.5503 24.6567 7.89255 7.8877 7.8877 
15.2596 8.61066 29.3521 22.9437 7.94628 7.94385 7.94385 
16.1544 8.23976 29.4301 22.4555 7.90756 7.90635 7.90635 
17.1681 8.66533 28.6881 22.0021 7.82584 7.82523 7.82523 
17.3383 9.04647 29.1589 21.1021 7.78497 7.78467 7.78467 
18.0441 8.42949 30.6732 19.4573 7.79874 7.79858 7.79858 
18.0681 8.16211 29.6458 20.5839 7.84674 7.84666 7.84666 
19.7483 7.96304 28.1769 20.6957 7.80536 7.80532 7.80532 
17.0842 7.90002 30.2327 20.8494 8.29139 7.82115 7.82115 
18.8269 7.9057 29.1986 20.2348 8.10139 7.86627 7.86627 
18.9981 7.94646 28.3373 20.8203 8.04431 7.92675 7.92675 
18.1529 8.46041 29.393 20.5063 7.86831 7.80953 7.80953 
19.1105 8.14177 30.0026 19.2668 7.84572 7.81633 7.81633 
19.4578 7.96699 29.6117 19.536 7.81896 7.80427 7.80427 
20.2552 7.85346 28.7377 19.8299 7.77945 7.7721 7.7721 
18.699 8.21245 28.8133 20.7086 7.85798 7.85431 7.85431 
19.4722 8.09395 28.2103 20.477 7.91672 7.91488 7.91488 
20.5641 8.02787 28.2771 19.3149 7.93925 7.93833 7.93833 
19.9687 8.00254 27.5289 20.6261 7.95823 7.95777 7.95777 
18.2564 7.86156 29.0218 21.3425 7.83941 7.83918 7.83918 
18.7308 7.90429 28.0871 21.5984 7.89321 7.8931 7.8931 
18.5137 8.36855 28.7123 20.7361 7.88982 7.88977 7.88977 
19.1594 8.08038 29.9406 19.2966 7.84102 7.84099 7.84099 
18.8132 8.22137 30.1271 19.5786 7.75326 7.75325 7.75325 
19.5417 7.99582 29.5906 19.5866 7.76177 7.76176 7.76176 
19.8403 7.99097 27.1217 21.4252 7.87394 7.87393 7.87393 
19.855 7.90428 26.753 21.9504 7.84576 7.84576 7.84576 
17.9543 7.79829 27.925 23.0153 7.76904 7.76903 7.76903 
18.4142 7.87266 28.532 21.607 7.85803 7.85803 7.85803 
16.912 8.03469 28.8562 22.6068 7.86344 7.86344 7.86344 
17.7153 7.8894 29.4113 21.5728 7.80377 7.80377 7.80377 
18.3329 7.88056 29.2829 20.9905 7.83775 7.83775 7.83775 
20.2009 7.9058 27.5725 20.6676 7.88439 7.88439 7.88439 
20.1339 7.79905 28.1675 20.5345 7.78835 7.78835 7.78835 
21.5319 8.19889 29.0519 17.5921 7.87507 7.87507 7.87507 
20.6716 8.50196 27.5763 19.6451 7.86835 7.86835 7.86835 
21.5774 8.11004 29.0566 17.8762 7.79324 7.79324 7.79324 
21.3689 7.97993 29.0334 18.1531 7.82153 7.82153 7.82153 
21.6637 7.84753 28.4633 18.7205 7.76833 7.76833 7.76833 
22.9233 7.84534 28.2839 17.5302 7.80574 7.80574 7.80574 
22.2493 7.86102 29.2105 17.1555 7.84122 7.84122 7.84122 
