5 80000 300 266
14 14 14 14 14 14 14 
15.03 16.4218 15.7794 17.0642 12.7816 10.9615 10.9615 
16.5399 16.6134 17.8482 15.4823 14.1709 9.42264 9.42264 
15.0028 16.916 19.4098 15.3571 15.6947 8.68483 8.68483 
14.462 17.6227 19.2176 15.4512 16.5481 8.28673 8.28673 
14.2264 16.4948 18.3244 18.0467 16.7603 8.04245 8.04245 
14.4526 15.4722 20.0567 18.427 15.7196 7.92031 7.92031 
13.4908 16.6688 18.9611 19.1903 15.8644 7.90447 7.90447 
11.0278 16.8992 19.4342 20.9377 15.9183 7.88742 7.88742 
11.2748 18.7757 20.1519 18.4037 15.6766 7.85675 7.85675 
10.6261 19.8187 19.8265 18.1587 15.7748 7.89663 7.89663 
9.66597 19.5564 20.7368 18.9617 15.1815 7.94832 7.94832 
9.29921 20.7804 20.0634 18.3044 15.7607 7.89573 7.89573 
8.99743 20.8974 19.452 19.2971 15.489 7.93337 7.93337 
8.40327 19.7763 20.0297 20.7115 15.3367 7.87124 7.87124 
8.726 20.329 19.9916 20.4485 14.7449 7.87994 7.87994 
9.41794 19.3953 20.6552 20.2243 14.5153 7.89601 7.89601 
12.0123 19.9223 19.4287 17.3031 15.5723 7.88059 7.88059 
12.06 18.3692 18.683 17.8444 17.3153 7.86406 7.86406 
10.5549 19.705 19.7487 17.972 16.2368 7.89131 7.89131 
9.9545 19.8748 18.783 18.006 17.6953 7.8432 7.8432 
9.94414 19.6504 19.7668 17.5019 17.3465 7.89511 7.89511 
10.3412 20.116 19.2794 18.9299 15.6084 7.86254 7.86254 
9.96032 21.3898 20.0369 19.5117 13.2948 7.90323 7.90323 
9.36218 22.2679 19.4566 19.8682 13.2766 7.8842 7.8842 
10.4333 21.9747 19.0204 18.3412 14.3817 7.9244 7.9244 
9.17593 20.829 20.7093 17.9941 15.4488 7.92148 7.92148 
11.4807 20.3707 20.0921 18.4063 13.8513 7.89947 7.89947 
10.9168 19.9501 20.2813 18.3796 14.5727 7.94973 7.94973 
9.38219 18.9436 19.5577 19.9521 16.3671 7.89863 7.89863 
9.29784 18.2359 20.7901 20.0884 15.824 7.8819 7.8819 
9.46955 17.6381 21.1574 19.6855 16.3201 7.86472 7.86472 
9.59259 17.7053 22.1901 19.4399 15.3875 7.84231 7.84231 
9.36304 17.1665 20.4627 21.4295 15.7734 7.90242 7.90242 
9.50911 15.7097 20.5762 22.6688 15.8177 7.85926 7.85926 
9.76569 15.0931 22.3148 23.1384 14.0336 7.82718 7.82718 
10.146 14.0683 23.4 23.1253 13.6529 7.80375 7.80375 
10.6544 14.9411 23.0953 22.4929 13.1055 7.85536 7.85536 
9.5926 14.935 22.4481 23.6872 13.6618 7.83763 7.83763 
9.70284 14.36 21.9717 24.11 14.0739 7.89078 7.89078 
9.28601 15.1623 23.7353 21.4785 14.4649 7.93652 7.93652 
9.04777 16.0335 21.6296 21.4535 16.042 7.89683 7.89683 
10.2348 14.6601 22.7029 20.6335 15.9464 7.91112 7.91112 
9.46525 13.2797 24.6238 22.7882 14.1517 7.84572 7.84572 
9.56354 13.0408 23.9061 24.9206 12.7522 7.90837 7.90837 
9.05006 15.3009 24.0262 22.9481 12.9615 7.85662 7.85662 
9.04764 14.56 25.3297 23.66 11.7571 7.82278 7.82278 
9.13729 14.6366 25.009 24.0494 11.3648 7.90142 7.90142 
9.35333 14.2561 25.0643 23.2687 12.2614 7.89808 7.89808 
10.2049 13.6391 25.1857 23.3051 11.9046 7.88024 7.88024 
10.2215 13.6053 25.2119 23.5573 11.6666 7.86869 7.86869 
9.96512 13.7201 24.8632 24.8855 10.9304 7.81784 7.81784 
8.97772 15.4557 25.2645 24.4282 10.0657 7.90408 7.90408 
8.44926 16.0199 25.256 24.9616 9.48829 7.91244 7.91244 
8.58784 15.4392 24.8922 24.3912 10.9941 7.84773 7.84773 
8.27942 16.0529 23.5572 25.2391 11.0526 7.90937 7.90937 
8.12522 16.3598 23.8559 25.3007 10.478 7.94019 7.94019 
8.44217 15.6008 23.2418 24.8158 12.1733 7.86304 7.86304 
9.52229 15.2703 23.5486 25.0585 10.7854 7.90742 7.90742 
9.0218 15.4046 23.1778 25.5618 11.1571 7.83842 7.83842 
9.54775 14.3362 24.4882 25.1888 10.7383 7.85042 7.85042 
8.66682 14.3457 22.828 25.1248 13.3983 7.81815 7.81815 
8.71938 13.8145 22.4416 25.595 13.842 7.79379 7.79379 
8.73925 15.0581 24.3595 23.7464 12.5171 7.78984 7.78984 
9.0151 15.842 23.9157 22.8756 12.7378 7.8069 7.8069 
9.91652 14.3854 24.3589 23.9708 11.6459 7.86123 7.86123 
8.95826 13.5677 25.3044 23.3604 12.948 7.93062 7.93062 
8.88719 13.4589 27.5137 23.1412 11.2599 7.86959 7.86959 
9.99915 13.9264 26.6356 22.9342 10.8067 7.84894 7.84894 
9.68277 13.5748 26.1277 22.4864 12.2904 7.91896 7.91896 
10.7806 12.7266 25.3567 23.8123 11.6701 7.82688 7.82688 
10.676 13.2205 24.3926 25.049 10.835 7.91344 7.91344 
10.3255 13.2187 24.4158 23.9958 12.1507 7.94675 7.94675 
12.1425 12.7007 24.1368 23.9268 11.2784 7.90738 7.90738 
12.3569 13.9218 23.6398 23.392 10.7821 7.95369 7.95369 
10.6201 14.1944 23.1143 25.1478 11.1017 7.91086 7.91086 
10.0594 13.8254 24.8817 24.0515 11.3556 7.91321 7.91321 
9.16303 14.1127 25.9075 23.4924 11.4111 7.95661 7.95661 
9.6213 14.0855 24.8901 23.6825 11.8064 7.95708 7.95708 
10.3515 13.3752 26.4292 23.3188 10.6525 7.93633 7.93633 
11.8603 13.6395 25.9151 22.622 10.2728 7.84517 7.84517 
11.9243 14.7145 25.6769 21.9835 9.96095 7.86995 7.86995 
11.8445 14.5001 26.2838 22.6164 9.0421 7.85654 7.85654 
11.5418 14.4547 26.3984 22.5474 9.42019 7.81876 7.81876 
11.4284 13.6493 26.6549 23.659 8.83853 7.88492 7.88492 
11.0714 13.9675 27.0637 23.368 8.67751 7.92597 7.92597 
10.9373 13.632 27.1053 23.8724 8.77089 7.8411 7.8411 
11.5629 12.2176 27.68 23.8475 9.09458 7.79867 7.79867 
10.9687 10.8639 28.3933 25.0362 9.15824 7.78982 7.78982 
13.9113 9.92631 28.5225 23.1922 8.7926 7.8275 7.8275 
13.6223 8.90255 29.1097 23.7173 8.94176 7.85314 7.85314 
14.2492 8.99673 28.0535 23.9799 8.87859 7.92106 7.92106 
13.3569 10.1641 27.1996 24.4545 8.97187 7.92654 7.92654 
13.9292 9.46271 28.1013 23.8587 8.8666 7.89076 7.89076 
14.5634 9.59458 27.2725 24.0874 8.68862 7.89675 7.89675 
14.7961 9.85509 26.9311 23.8934 8.82408 7.85011 7.85011 
15.0904 10.466 26.5425 23.1775 8.87358 7.92505 7.92505 
14.604 10.3801 27.9771 22.4711 8.70149 7.93312 7.93312 
14.5066 9.94507 29.6946 21.322 8.81761 7.85705 7.85705 
14.5823 10.0214 30.3196 20.9216 8.48046 7.83732 7.83732 
14.5977 11.1712 28.9134 21.349 8.39496 7.78685 7.78685 
15.3986 11.3488 28.0081 21.1107 8.55885 7.78751 7.78751 
17.8259 10.5795 27.9281 19.7325 8.23512 7.84945 7.84945 
18.1986 10.8612 26.8212 20.152 8.11756 7.92473 7.92473 
18.5111 11.7541 26.3518 18.7525 8.76466 7.93295 7.93295 
18.5679 10.4616 28.3621 17.1126 9.82646 7.83467 7.83467 
20.5019 10.6795 28.1234 15.9281 9.24015 7.76349 7.76349 
20.3092 10.7333 28.6389 16.1273 8.55594 7.8176 7.8176 
21.3667 10.5182 29.0164 15.1849 8.21736 7.8482 7.8482 
21.8635 10.3833 28.1728 15.0459 8.92235 7.80609 7.80609 
22.3901 10.2512 29.1162 14.3682 8.33022 7.77209 7.77209 
23.0417 9.65521 29.1922 14.3269 8.34629 7.7188 7.7188 
22.9494 9.11332 28.7033 15.3778 8.28029 7.78797 7.78797 
21.0962 9.44625 28.5472 16.6794 8.55655 7.8372 7.8372 
21.2624 9.53679 29.1804 15.7931 8.6261 7.80059 7.80059 
21.8176 9.34467 29.5055 14.8457 8.88932 7.7986 7.7986 
22.5005 9.51662 30.3237 13.3052 8.59691 7.87854 7.87854 
22.6746 9.20935 31.779 12.439 8.30439 7.79684 7.79684 
23.3626 9.50974 30.4465 12.865 8.10789 7.85411 7.85411 
23.8925 9.21031 29.5797 13.5282 8.01434 7.88745 7.88745 
24.6285 9.12411 30.3875 12.1577 7.94303 7.87959 7.87959 
24.0231 9.30889 30.0672 12.8826 7.92721 7.89549 7.89549 
24.9426 9.30962 28.3094 13.6827 7.92912 7.91326 7.91326 
24.5083 9.7474 28.6609 13.6315 7.82259 7.81466 7.81466 
24.5241 9.16818 28.7476 13.871 7.89902 7.89506 7.89506 
25.2715 8.65932 28.4804 13.9888 7.86801 7.86602 7.86602 
25.9463 8.59587 29.2573 12.6258 7.85892 7.85793 7.85793 
24.0683 8.18843 30.3347 13.9498 7.81995 7.81945 7.81945 
24.9536 8.28884 30.7714 12.6796 7.76903 7.76879 7.76879 
26.2473 8.57065 29.484 12.2414 7.81894 7.81882 7.81882 
26.5797 8.39297 30.7477 10.6533 7.87548 7.87542 7.87542 
24.9782 8.74194 29.6596 13.1189 7.83384 7.83381 7.83381 
26.0967 8.32667 28.9121 13.0468 7.87262 7.8726 7.8726 
26.8876 8.03238 29.9322 11.7317 7.80536 7.80535 7.80535 
25.407 8.00392 29.2299 13.6879 7.89041 7.8904 7.8904 
24.9584 7.92353 28.0136 15.0139 8.35697 7.86677 7.86677 
25.4485 7.88668 28.6826 13.9916 8.27405 7.8583 7.8583 
26.6666 8.91129 28.1233 12.765 7.98318 7.7753 7.7753 
26.9094 9.25697 27.969 12.0117 8.13066 7.86116 7.86116 
25.8685 9.62848 28.2948 12.3851 8.03085 7.8961 7.8961 
25.5556 9.34499 29.8432 11.5324 8.06073 7.83154 7.83154 
27.5113 8.59099 29.0282 11.2521 7.94886 7.83427 7.83427 
25.6134 8.44569 31.1149 10.7644 8.32226 7.8697 7.8697 
25.956 9.25531 29.8432 11.064 8.21957 7.83096 7.83096 
25.5172 9.80007 30.7523 10.2342 8.02828 7.83397 7.83397 
26.7446 9.44549 29.1873 11.0612 8.03512 7.76314 7.76314 
27.2409 8.91983 28.6448 11.9174 7.84968 7.71369 7.71369 
25.9602 9.58812 29.2262 12.0485 7.77099 7.703 7.703 
24.5984 9.56584 28.5135 13.0782 8.24234 8.00088 8.00088 
24.3755 9.86767 27.6042 12.895 8.78219 8.23773 8.23773 
24.2007 8.99228 28.7372 13.428 8.61187 8.01497 8.01497 
26.9871 8.37963 29.0935 11.5684 8.18943 7.89098 7.89098 
28.3872 8.14118 29.1364 10.4954 8.04608 7.89686 7.89686 
28.1738 8.01796 30.0287 10.0175 7.97041 7.8958 7.8958 
28.3284 7.87895 31.423 8.8787 7.85517 7.81787 7.81787 
27.8309 7.93947 30.5449 9.93935 7.92759 7.90893 7.90893 
27.0203 8.20361 28.7805 12.0261 7.99605 7.98672 7.98672 
26.4513 8.66063 28.802 12.0425 8.11567 7.96395 7.96395 
27.2607 8.18996 28.6115 12.337 7.91749 7.84162 7.84162 
26.4106 8.57929 28.6555 11.1012 8.44305 8.40512 8.40512 
27.982 8.24153 29.2762 9.84616 8.34524 8.15445 8.15445 
26.7688 8.19484 31.1196 9.92308 8.06151 7.96611 7.96611 
27.7213 8.04007 30.2551 10.1587 7.97341 7.92571 7.92571 
27.1474 8.04102 30.1625 11.1982 7.83286 7.80901 7.80901 
27.7041 8.18717 29.2117 10.8527 8.26425 7.89001 7.89001 
26.3521 8.54274 29.0126 11.1467 8.58128 8.18229 8.18229 
24.6956 10.1537 25.2906 12.4361 9.4377 8.99311 8.99311 
24.609 10.9686 27.1358 11.6321 8.69974 8.47745 8.47745 
26.1835 9.57682 28.5145 10.9762 8.4424 8.15331 8.15331 
26.5326 8.73106 29.8486 10.6852 8.16385 8.01931 8.01931 
27.4256 8.49532 29.5261 10.5049 8.06423 7.99196 7.99196 
27.3341 8.5666 30.0454 10.0697 8.01882 7.98269 7.98269 
28.3729 8.20487 29.5652 10.1002 7.93098 7.91291 7.91291 
28.6646 7.97449 30.1025 9.76391 7.83754 7.82851 7.82851 
28.0823 8.09439 30.0512 10.2391 7.84734 7.84283 7.84283 
26.0246 8.79926 28.8686 11.9377 8.26251 8.05364 8.05364 
23.1133 9.70266 27.3131 12.5345 9.18176 9.07733 9.07733 
23.759 9.31562 27.9423 12.9637 9.20398 8.40771 8.40771 
23.3081 8.62606 28.4156 14.7358 8.57024 8.17211 8.17211 
25.1292 8.21374 29.8106 12.5098 8.36314 7.98676 7.98676 
25.8196 7.96593 29.8382 12.4629 8.20841 7.85244 7.85244 
25.5859 7.8562 30.0599 12.9216 7.97745 7.79946 7.79946 
23.2952 8.95093 30.3268 11.7119 8.78324 8.46594 8.46594 
23.6476 8.65728 30.2543 12.2196 8.39162 8.23297 8.59661 
24.2853 8.48249 28.8195 13.8021 8.19581 8.11649 8.2983 
24.2804 8.58907 27.6344 15.2344 8.08341 8.04375 8.13466 
25.2398 8.16907 28.5773 13.8903 8.28525 7.89641 7.94187 
22.0258 8.37497 29.6352 15.856 8.26804 7.9086 7.93133 
23.5605 8.94033 29.2663 14.2018 8.12641 7.9467 7.95806 
23.8055 9.11152 28.7682 13.0081 8.91553 8.19276 8.19844 
24.1405 8.75156 29.2442 13.6719 8.30392 7.94253 7.94537 
24.7 9.04706 26.5598 15.1404 8.65023 7.95051 7.95193 
25.9515 8.73809 28.2224 12.9342 8.53967 7.80667 7.80738 
25.1529 8.61259 30.9009 11.2641 8.51338 7.77787 7.77823 
27.363 8.57459 28.4078 11.7296 8.2201 7.85235 7.85253 
27.3016 8.40916 29.0784 11.4204 8.0527 7.86883 7.86892 
27.3796 8.10288 29.7935 11.1339 7.92466 7.83272 7.83276 
27.2701 8.21811 29.7115 11.4312 7.82035 7.77438 7.77441 
28.8448 7.95521 29.8907 10.0862 7.75633 7.73335 7.73336 
28.8385 7.80972 30.2738 9.42267 8.25773 7.69879 7.6988 
27.2869 9.41957 29.659 9.85839 8.3568 7.70969 7.70969 
26.5111 9.12155 31.5574 9.34096 8.0387 7.71514 7.71514 
26.8919 8.58175 31.8626 9.39076 7.8655 7.70372 7.70372 
27.6865 9.19594 29.5389 10.0751 7.88845 7.80756 7.80756 
28.5681 8.80509 29.6562 9.4065 7.98953 7.78727 7.78727 
28.5189 8.31714 30.6644 8.97371 7.90936 7.80823 7.80823 
28.5165 8.37544 30.1916 9.10533 7.97074 7.92018 7.92018 
27.1615 8.21998 30.5797 10.3591 8.01763 7.83106 7.83106 
25.609 8.82697 29.2049 9.89654 9.19749 8.63251 8.63251 
22.1068 10.2274 25.9397 10.7622 10.7034 10.1302 10.1302 
22.532 9.39387 27.9504 11.0231 10.4101 9.34526 9.34526 
23.9372 8.80653 28.3588 12.3609 9.31462 8.61099 8.61099 
24.6639 9.09076 27.8513 12.8211 9.1495 8.21174 8.21174 
25.8151 9.22703 27.7833 12.403 8.6946 8.03846 8.03846 
26.8758 8.89923 28.971 10.9634 8.31555 7.98748 7.98748 
26.091 9.14349 29.5875 10.7878 8.23941 8.07537 8.07537 
24.9289 9.7287 28.4709 11.2235 8.60401 8.52199 8.52199 
26.3989 9.61845 28.0059 11.0216 8.5643 8.19542 8.19542 
25.9203 9.04951 29.1973 11.5179 8.34575 7.98464 7.98464 
26.2006 8.35751 29.407 12.3791 8.00563 7.82507 7.82507 
25.8454 8.91731 28.5924 13.0523 7.92438 7.8341 7.8341 
26.7663 8.36745 30.2571 11.0864 7.87099 7.82585 7.82585 
27.2628 8.02988 29.3426 12.0649 7.78165 7.75908 7.75908 
28.1141 7.98046 29.8437 10.5152 7.85634 7.84506 7.84506 
27.7933 7.83638 31.7717 9.10377 7.95747 7.76868 7.76868 
26.083 8.57769 31.6564 10.1074 7.92139 7.82699 7.82699 
27.5397 8.19219 30.6981 10.0723 7.86404 7.81684 7.81684 
26.8871 8.26276 31.2441 10.2831 7.79004 7.76645 7.76645 
27.4012 8.37166 30.1097 10.7952 7.78195 7.77015 7.77015 
27.5678 8.28739 29.3127 10.6711 8.57847 7.79132 7.79132 
25.2855 8.13731 29.9918 12.3643 8.44259 7.88927 7.88927 
26.777 7.95558 29.1302 12.1892 8.2849 7.83156 7.83156 
26.9416 8.19024 29.5834 11.7723 7.9886 7.76193 7.76193 
25.4193 9.79365 30.4167 10.8494 8.03842 7.74126 7.74126 
27.0194 8.76888 30.3599 10.4752 7.89126 7.74268 7.74268 
26.2757 8.85252 28.797 11.6206 8.20095 8.12666 8.12666 
24.7412 9.06761 28.5335 12.7723 8.31988 8.28274 8.28274 
23.8324 8.85274 30.3797 12.3662 8.31277 8.12808 8.12808 
24.4694 9.10722 29.6579 11.715 8.4117 8.31936 8.31936 
24.2256 9.30474 27.0462 13.0973 8.95698 8.68457 8.68457 
23.0562 9.18067 28.0514 13.5298 9.57283 8.30455 8.30455 
24.4201 8.94574 29.0083 13.0367 8.61917 7.98503 7.98503 
25.5312 8.66995 29.8326 12.1753 8.1417 7.82463 7.82463 
24.0904 9.67685 28.5915 12.9252 8.34435 8.18582 8.18582 
24.7542 8.68458 29.0115 13.6533 8.01833 7.93906 7.93906 
25.3008 8.79144 29.9718 11.2758 8.24645 8.20682 8.20682 
26.2469 9.00098 29.021 10.2432 8.50919 8.48937 8.48937 
26.0864 9.71935 29.9987 9.49868 8.46335 8.11674 8.11674 
25.881 9.5894 28.0624 10.1547 9.18663 8.56288 8.56288 
23.9982 9.84278 27.2524 11.087 9.64139 9.08913 9.08913 
24.2828 10.4577 28.5051 10.7338 8.79993 8.5238 8.69681 
26.4501 9.5697 28.722 10.6724 8.25849 8.12042 8.20693 
26.3456 9.21747 27.6589 12.783 8.02995 7.96092 8.00417 
24.265 9.89884 27.3107 14.412 8.28119 7.90537 7.927 
24.588 9.75369 28.602 13.0779 8.23312 7.86728 7.87809 
24.3169 9.64784 27.8506 14.1725 8.50587 7.75043 7.75584 
24.3991 9.38823 26.9958 14.7626 8.40231 8.02459 8.0273 
24.7397 8.71341 28.932 13.8122 8.05968 7.87082 7.87217 
24.5227 8.52337 28.1813 14.8922 8.02289 7.92846 7.92914 
25.7159 8.26169 28.8179 13.0825 8.19327 7.96423 7.96457 
25.5269 8.52273 30.6252 11.6088 7.98177 7.86725 7.86742 
24.9203 8.96725 29.8224 12.0789 8.50069 7.85519 7.85528 
24.5155 8.83145 28.7452 12.9565 9.19106 7.88017 7.88021 
25.6151 8.56735 28.091 13.3374 8.56665 7.9112 7.91122 
25.0999 9.10095 27.999 13.6455 8.27003 7.94231 7.94232 
25.2484 8.51873 28.9201 13.3307 8.10327 7.93941 7.93942 
24.2014 8.78957 28.8896 14.5512 7.9107 7.82877 7.82877 
14 14 14 14 14 14 14 
15.5129 15.8362 17.2371 15.0819 13.3578 10.9871 10.9871 
17.5317 15.1091 16.7084 15.7432 15.5553 9.42612 9.42612 
16.8119 14.681 17.5496 17.6417 15.8236 8.62111 8.62111 
14.5703 16.2446 16.1949 19.0948 17.1584 8.30599 8.30599 
11.9937 16.3062 18.075 19.7492 17.6599 8.07676 8.07676 
11.1574 17.5567 18.6705 18.2462 18.463 7.93746 7.93746 
9.94111 19.2929 18.5075 17.2886 19.1867 7.88372 7.88372 
9.58949 19.1153 18.8381 17.4203 19.2931 7.86796 7.86796 
10.4001 18.4141 19.2845 16.7819 19.3999 7.85775 7.85775 
9.75562 17.4293 22.1978 16.6132 18.1444 7.92887 7.92887 
9.56889 16.6094 22.3117 18.8329 16.9669 7.8546 7.8546 
10.2074 16.7646 21.6765 21.0217 14.6657 7.83185 7.83185 
11.3129 15.6808 20.7511 21.8398 14.7402 7.8375 7.8375 
11.9913 15.7589 19.6516 21.4403 15.4018 7.87802 7.87802 
11.6623 16.435 20.4924 20.4979 15.0342 7.93901 7.93901 
12.2356 17.6557 18.8979 20.9231 14.4834 7.90209 7.90209 
11.4587 18.2597 18.9944 20.9161 14.5144 7.92832 7.92832 
10.1057 19.3049 20.5475 19.2108 15.0253 7.90289 7.90289 
9.7922 18.6572 21.1742 19.558 15.0956 7.8614 7.8614 
9.82884 18.7456 21.4616 20.0929 14.1621 7.85447 7.85447 
10.6151 17.2113 22.251 20.1415 14.0882 7.84647 7.84647 
11.1503 17.8191 19.7772 19.846 15.6958 7.85582 7.85582 
10.3205 17.1272 19.7265 20.9184 16.1812 7.8631 7.8631 
9.14255 17.9662 18.0491 21.6318 17.3826 7.91385 7.91385 
9.81681 18.6929 18.846 21.1953 15.7226 7.86317 7.86317 
8.88568 19.3465 18.8548 20.5977 16.4977 7.90886 7.90886 
8.44717 19.4135 17.9772 20.6884 17.7726 7.85053 7.85053 
8.26515 18.1363 18.9193 20.7368 18.2397 7.85136 7.85136 
9.3362 17.4392 19.98 20.5494 16.9253 7.88496 7.88496 
8.87264 19.4014 19.7627 18.6838 17.4399 7.91975 7.91975 
9.12382 20.0802 19.1448 17.9356 17.9833 7.86613 7.86613 
9.40062 20.9848 20.1715 17.1475 16.5954 7.85011 7.85011 
11.6933 20.2826 20.4587 16.6157 15.1741 7.88776 7.88776 
11.1755 18.9848 22.2475 17.4915 14.2764 7.91213 7.91213 
13.6522 18.2021 20.9087 17.4554 13.9124 7.93456 7.93456 
11.9631 18.6901 20.9566 18.4309 14.0338 7.96271 7.96271 
10.4954 19.2987 19.9691 19.8636 14.5401 7.91654 7.91654 
10.5595 18.1944 20.2617 19.978 15.2377 7.88437 7.88437 
9.67405 18.3609 20.7009 20.4403 15.101 7.86142 7.86142 
11.0592 17.8471 19.5727 20.4424 15.2172 7.93071 7.93071 
10.6979 16.6159 21.2046 21.0385 14.5797 7.9317 7.9317 
11.3916 15.6539 20.9104 21.1828 15.1098 7.8758 7.8758 
10.5909 15.8689 20.1288 19.9154 17.6947 7.90061 7.90061 
9.87377 15.6453 21.3897 20.9215 16.3173 7.92621 7.92621 
10.1816 14.5826 24.2147 19.9013 15.2682 7.92581 7.92581 
10.3112 14.7159 21.9681 21.7836 15.4067 7.90722 7.90722 
10.7509 15.8103 21.1031 21.1299 15.4415 7.88218 7.88218 
9.39434 14.1699 22.0173 24.3947 14.3401 7.8418 7.8418 
9.34265 14.7867 21.1553 22.8331 16.2165 7.83288 7.83288 
10.3363 14.9057 21.292 23.855 13.8964 7.85733 7.85733 
9.73492 16.0008 21.1846 23.52 13.7398 7.90993 7.90993 
9.93658 16.8714 21.6522 21.0918 14.704 7.87201 7.87201 
9.14463 18.0645 23.1231 20.2907 13.6165 7.88032 7.88032 
9.82166 18.3498 22.7164 19.8566 13.5012 7.87717 7.87717 
9.73756 19.0759 21.383 20.6956 13.31 7.89898 7.89898 
9.37 19.027 20.9105 21.54 13.4676 7.84243 7.84243 
8.8619 19.8329 20.8975 20.598 14.1048 7.85242 7.85242 
8.8864 19.8174 20.5973 20.5713 14.3544 7.88661 7.88661 
10.2543 18.6254 20.4681 19.2445 15.5307 7.93846 7.93846 
9.07119 19.2364 19.6488 20.9454 15.2717 7.91325 7.91325 
10.455 20.4494 19.6481 20.2964 13.4293 7.86091 7.86091 
9.70691 19.3046 19.6303 20.4387 15.0682 7.92561 7.92561 
9.70783 18.1475 19.4025 21.8699 15.1797 7.8463 7.8463 
9.81669 18.2549 18.7583 21.1086 16.2747 7.89337 7.89337 
9.70109 17.6767 19.3533 21.1761 16.4275 7.8327 7.8327 
9.0794 18.2911 20.2488 20.1652 16.4227 7.89645 7.89645 
10.4365 16.8851 21.7951 19.4192 15.7052 7.87943 7.87943 
10.689 17.3484 21.839 18.8699 15.4862 7.88373 7.88373 
10.9001 17.5126 23.0407 19.536 13.2987 7.85601 7.85601 
10.9167 19.1563 22.7204 18.3013 13.0493 7.928 7.928 
10.8373 19.2358 23.3406 17.9526 12.8816 7.87598 7.87598 
12.9455 17.8168 22.8262 17.8473 12.8924 7.83584 7.83584 
13.58 17.5119 22.0116 19.0234 12.0572 7.90795 7.90795 
13.2667 15.8803 22.0162 21.2993 11.8576 7.83998 7.83998 
12.4599 15.3927 22.9322 21.7607 11.7554 7.84953 7.84953 
12.4343 17.0638 22.1717 20.3694 12.3254 7.81771 7.81771 
11.5082 16.4684 23.2552 21.6926 11.3214 7.87711 7.87711 
13.3948 14.2664 25.3005 20.7659 10.6205 7.82595 7.82595 
12.3969 14.5166 25.8627 21.2638 10.3621 7.79899 7.79899 
12.0568 14.479 27.1003 21.3948 9.26822 7.85045 7.85045 
12.0124 15.6172 25.6512 21.7346 9.15539 7.91459 7.91459 
11.6573 17.268 26.2163 19.8354 9.246 7.8885 7.8885 
12.3375 16.6222 26.2738 19.2372 9.65259 7.93833 7.93833 
12.4701 15.2974 24.3698 21.5364 10.4427 7.94177 7.94177 
11.4589 15.7084 26.2147 20.7682 10.1467 7.85148 7.85148 
12.8528 14.9775 25.1622 22.1649 9.04597 7.89834 7.89834 
13.3636 15.6039 23.5758 22.9935 8.71147 7.87587 7.87587 
12.2676 16.2488 24.322 22.2597 9.12413 7.88889 7.88889 
11.4559 14.1468 26.0265 23.4548 9.18391 7.86601 7.86601 
11.7764 12.9874 27.1262 23.2865 9.16185 7.83086 7.83086 
11.0095 13.2322 26.0968 24.177 9.83699 7.82378 7.82378 
11.9563 12.0413 25.6584 24.4052 10.1971 7.87084 7.87084 
11.7474 11.2405 26.2907 24.9773 9.90624 7.91893 7.91893 
10.9918 10.8696 27.8435 25.2183 9.28383 7.89648 7.89648 
10.9053 11.2827 27.3721 25.1823 9.46647 7.89561 7.89561 
11.8705 10.8652 26.8204 25.427 9.3601 7.8284 7.8284 
14.1525 11.5608 26.9199 22.7413 8.9976 7.81392 7.81392 
14.2191 11.4947 25.8409 23.5929 9.10197 7.87521 7.87521 
14.3168 11.7533 25.9835 23.0577 9.20564 7.84151 7.84151 
14.9267 11.8089 26.5511 21.1334 9.82881 7.87556 7.87556 
13.5445 12.5261 27.1945 21.7829 9.23873 7.8567 7.8567 
14.4645 13.1312 25.5478 21.4684 9.56442 7.91187 7.91187 
14.9704 12.9644 26.6132 20.7044 9.09769 7.82498 7.82498 
15.7717 12.2406 28.0538 19.7623 8.48143 7.84507 7.84507 
16.6656 11.6263 28.1638 19.1074 8.85381 7.79158 7.79158 
17.7277 10.5902 28.5723 18.6301 8.72627 7.87668 7.87668 
20.3683 10.1624 27.8555 17.2797 8.49293 7.92064 7.92064 
17.4149 10.4658 29.0047 18.3321 8.86185 7.96032 7.96032 
16.3024 9.8215 29.8504 19.6091 8.54485 7.93586 7.93586 
17.7291 9.45621 29.2109 19.0578 8.81788 7.86403 7.86403 
18.7547 10.2226 28.5249 18.5033 8.25509 7.96132 7.77817 
19.2519 9.34328 29.3095 18.3425 8.04604 7.89916 7.80758 
19.2723 9.65556 27.9988 19.6214 7.88154 7.8081 7.76231 
17.7268 9.19671 28.8861 20.814 7.82427 7.78754 7.76465 
18.7772 8.62135 28.8109 20.4644 7.79144 7.77308 7.76164 
17.4327 9.35799 29.5474 19.8537 8.1544 7.82976 7.82404 
18.2775 8.75423 28.7235 20.4284 8.15243 7.83337 7.83051 
18.3002 9.34606 29.2686 19.531 7.9582 7.79867 7.79724 
20.161 9.18567 28.5332 18.4297 7.95022 7.87046 7.86974 
20.6614 9.57209 27.1297 17.5136 8.95436 8.08461 8.08425 
20.9109 9.05225 28.4113 17.2892 8.4021 7.96722 7.96704 
21.8401 8.98767 28.3595 16.6446 8.20105 7.98361 7.98352 
21.5213 10.0318 27.9456 16.5502 8.05622 7.9475 7.94746 
21.7746 9.38653 29.0077 15.0933 9.09804 7.8199 7.81988 
23.1164 8.71803 30.1385 13.8934 8.57379 7.77992 7.77991 
24.3915 8.69235 29.0693 13.4467 8.62023 7.88996 7.88995 
24.2587 8.36715 30.6186 13.0171 8.15627 7.79113 7.79113 
24.7121 8.81934 30.2099 11.4754 9.04502 7.86908 7.86908 
25.172 8.9223 30.4479 10.9724 8.67414 7.90566 7.90566 
25.9193 8.49624 30.3117 11.2757 8.37216 7.81248 7.81248 
25.208 8.10718 30.9277 12.0137 8.21292 7.7653 7.7653 
26.0585 8.41723 29.6456 11.6432 8.4701 7.88265 7.88265 
26.3105 8.7008 30.0572 10.3138 8.92255 7.84757 7.84757 
26.8077 8.60572 30.4541 10.1214 8.36198 7.8245 7.8245 
27.25 8.45671 30.1501 10.1376 8.18099 7.91225 7.91225 
26.7524 8.28241 30.326 10.6673 8.3376 7.81713 7.81713 
26.6212 8.44584 30.3948 10.3005 8.47344 7.88207 7.88207 
24.2741 8.70797 30.1476 12.6253 8.38954 7.92775 7.92775 
24.8209 8.58193 28.6767 14.0333 8.23889 7.82417 7.82417 
24.6406 9.32693 28.547 13.3116 8.43599 7.86892 7.86892 
26.2362 8.54696 29.6457 11.8338 8.10149 7.81795 7.81795 
26.7235 8.18505 30.299 11.189 7.96231 7.82054 7.82054 
26.3618 8.29252 29.1495 11.9945 8.38115 7.91027 7.91027 
22.4774 9.6739 27.1376 12.7812 9.71822 9.23152 8.98026 
24.296 9.61402 29.0146 11.1677 8.84 8.59665 8.47102 
25.7386 9.00164 29.9436 10.7852 8.27906 8.15739 8.09457 
26.7676 8.56862 29.7175 10.9858 8.03784 7.977 7.94559 
28.5214 8.25984 28.9261 10.233 8.14736 7.96403 7.94833 
26.6064 8.65667 29.8951 10.0548 8.60043 8.09724 8.08939 
26.5685 8.61405 29.2333 10.7417 8.58593 8.13025 8.12633 
27.3064 9.10407 29.3768 9.61437 8.352 8.30867 7.9377 
27.7766 9.42217 29.4611 9.35264 8.07211 8.05044 7.86496 
27.9086 8.59622 30.2711 9.40605 8.09011 7.91035 7.81761 
27.7089 8.94495 28.8902 10.651 8.13427 7.85852 7.81215 
26.0694 9.35847 29.1031 11.8401 7.97593 7.83806 7.81487 
28.019 9.09564 28.9049 10.3365 7.93118 7.86225 7.85065 
27.6608 8.49519 30.0774 10.1024 7.91296 7.87849 7.87269 
27.584 8.97539 29.0788 10.0656 8.68427 7.80744 7.80454 
26.7957 8.33385 29.924 10.7104 8.73774 7.74987 7.74843 
26.0104 8.67143 28.926 10.5354 9.0986 8.37944 8.37872 
25.3626 9.27868 29.6721 10.2107 9.11204 8.18212 8.18175 
26.4313 9.2822 29.6575 9.74819 8.84173 8.01963 8.01945 
26.1786 9.08554 28.7176 11.9111 8.30976 7.8987 7.89861 
23.7025 9.9673 28.7456 11.3801 8.87186 8.66633 8.66629 
25.6444 9.5291 29.7333 10.2355 8.35442 8.25166 8.25164 
26.3222 9.26455 29.5333 10.4511 8.17721 8.12583 8.12582 
26.764 8.67639 28.7372 11.4755 8.50037 7.92321 7.9232 
27.2709 8.25977 29.2379 11.2933 8.17175 7.88317 7.88317 
27.8972 7.98894 29.7196 10.848 7.94494 7.80065 7.80065 
29.4325 7.86544 28.8921 10.424 7.84344 7.77129 7.77129 
29.2647 8.11332 29.4962 9.89428 7.76787 7.7318 7.7318 
29.0554 7.90281 29.0109 10.3959 8.21086 7.71205 7.71205 
29.6284 7.81047 29.6061 9.56034 7.96449 7.71509 7.71509 
28.9904 8.50294 30.3203 8.99473 7.81366 7.68896 7.68896 
28.758 8.57839 31.1858 8.34352 7.75299 7.69063 7.69063 
28.6418 8.45586 30.9775 8.8192 7.72265 7.69147 7.69147 
29.1149 8.16052 30.2828 9.09125 7.79391 7.77832 7.77832 
28.0126 9.06365 29.4271 9.86124 7.88366 7.87587 7.87587 
28.3876 8.37798 31.1015 8.77677 7.78799 7.78409 7.78409 
27.4388 8.32806 30.9481 9.6864 7.8675 7.86555 7.86555 
27.2194 8.49736 30.6407 9.8432 7.93375 7.93278 7.93278 
26.6619 8.46555 29.979 10.5441 8.38455 7.98245 7.98245 
27.4744 9.21285 28.5353 10.0529 8.77395 7.97529 7.97529 
26.1806 10.0363 27.6161 10.0038 9.1381 8.51253 8.51253 
25.9282 10.0857 28.8418 9.39381 9.4677 8.1414 8.1414 
26.7508 9.45462 29.1268 10.2116 8.59414 7.93099 7.93099 
27.6611 9.08271 30.4171 9.11277 8.12982 7.79825 7.79825 
28.5641 8.61659 30.7258 8.47488 7.98341 7.81762 7.81762 
28.3714 8.26019 29.6241 10.0794 7.94359 7.8607 7.8607 
28.8596 8.1156 29.1236 9.93099 8.13846 7.91586 7.91586 
29.0061 8.29509 29.3076 9.71126 7.96754 7.85623 7.85623 
26.8341 8.87727 31.0389 9.75428 7.8689 7.81325 7.81325 
27.1575 8.44627 29.8324 11.1748 7.94209 7.72342 7.72342 
28.4685 8.08343 29.4383 10.7345 7.83134 7.722 7.722 
29.2492 8.24592 28.2327 10.9228 7.81957 7.76491 7.76491 
26.3268 8.02367 31.3149 10.7805 7.9878 7.78316 7.78316 
27.1801 8.40514 30.3018 9.78358 8.178 8.07568 8.07568 
26.7657 8.08771 30.6914 10.4661 8.14305 7.92298 7.92298 
26.9678 8.00612 31.7608 9.384 8.03379 7.92375 7.92375 
28.0522 7.95989 30.6286 9.54812 7.97373 7.91871 7.91871 
26.7792 9.2431 27.4601 11.2518 9.04759 8.00794 8.21037 
24.9896 9.22155 30.33 10.0259 9.3238 8.00397 8.10518 
26.0133 8.49966 30.3502 10.3833 8.92116 7.89087 7.94148 
26.3896 8.15318 28.9297 12.4407 8.36392 7.84878 7.87409 
25.8401 8.43705 29.8718 12.0343 8.10638 7.84881 7.86146 
26.2534 8.50424 29.0629 12.3664 8.02144 7.89266 7.89898 
26.7631 8.22939 30.0618 11.1074 7.98799 7.9236 7.92677 
26.812 8.64544 30.7267 9.76083 8.36293 7.8453 7.84688 
27.8688 8.66156 29.2063 9.63248 8.52031 8.05488 8.05567 
26.3257 8.67861 28.0814 10.9032 9.26015 8.37527 8.37566 
27.6849 8.1996 29.8495 9.49572 8.67419 8.04793 8.04812 
27.6106 8.26647 28.6929 10.9073 8.50376 8.00947 8.00957 
27.8341 8.26992 29.6342 10.1299 8.20872 7.96157 7.96162 
27.117 8.33496 30.2171 9.86495 8.50436 7.98078 7.98081 
28.3514 8.16156 30.1973 9.07449 8.24626 7.98448 7.98449 
27.8721 8.04118 29.9501 10.1478 8.08353 7.95263 7.95264 
27.9207 8.23515 30.6839 9.48003 8.06475 7.80773 7.80774 
25.109 8.67838 31.3892 11.3279 7.91751 7.789 7.789 
27.1159 8.19884 30.256 11.1025 7.8184 7.75415 7.75415 
26.058 8.9723 27.4161 12.9665 8.35835 8.11436 8.11436 
25.7408 9.23191 27.9454 12.9239 8.24697 7.95549 7.95549 
24.3799 8.95558 30.7651 11.5563 8.46311 7.94001 7.94001 
24.8005 8.90257 26.4445 13.964 9.09881 8.39478 8.39478 
24.6493 8.66815 28.4833 13.0061 8.56547 8.21346 8.41426 
24.4652 8.32769 29.4174 12.7331 8.75558 8.10034 8.20074 
26.6295 8.24945 29.1056 11.6195 8.46339 7.94122 7.99142 
23.7426 9.7397 26.5849 11.6921 9.57929 9.3182 9.3433 
25.2165 9.67412 27.3494 11.3621 9.23804 8.57369 8.58624 
25.2868 9.12277 29.7461 10.8596 8.54759 8.21542 8.22169 
26.4086 9.01483 28.6382 11.0978 8.52481 8.15629 8.15943 
24.6588 9.4165 29.7737 11.0035 8.62604 8.07815 8.44335 
25.4089 8.84733 29.1252 12.1242 8.28653 8.01258 8.19519 
24.351 8.64053 30.8277 11.4838 8.56094 8.02236 8.11366 
26.386 8.17991 29.0981 12.4086 8.14012 7.87083 7.91648 
24.9746 8.97501 29.0605 13.2445 8.09305 7.81472 7.83755 
27.2133 8.42586 29.0851 11.588 7.98488 7.84572 7.85713 
26.4956 9.32404 28.7647 10.2384 8.43688 8.3673 8.37301 
26.2107 9.54418 30.3756 9.49633 8.25885 8.05571 8.05856 
26.7958 9.13717 28.6799 11.0974 8.29609 7.99611 7.99753 
25.8979 8.73525 27.8816 12.632 8.52304 8.16472 8.16543 
25.1939 8.85742 28.0224 12.4385 8.9554 8.16399 8.36843 
25.6764 8.89891 28.4152 12.3451 8.45121 8.05551 8.15773 
26.4096 9.21136 24.9219 12.6011 9.2256 8.78966 8.84077 
26.3745 9.51639 23.8449 13.2202 9.3003 8.85911 8.88467 
25.7274 10.8675 25.4273 11.9156 9.4733 8.28808 8.30086 
25.7302 9.50542 28.0231 11.9838 8.64545 8.05283 8.05922 
27.2748 8.91938 27.7268 11.7211 8.31578 8.01947 8.02267 
25.9073 8.44742 28.2806 12.609 8.75912 7.99747 7.99906 
25.2344 9.48687 29.5789 11.3922 8.59008 7.85838 7.85918 
26.1208 9.30548 29.5705 10.8056 8.6746 7.76131 7.76171 
26.1039 8.49889 31.3404 10.4195 8.18346 7.72681 7.72701 
26.6574 9.18142 28.7654 11.8424 8.00329 7.77497 7.77507 
25.0798 9.42942 28.438 11.4512 8.60994 8.49578 8.49583 
24.0232 10.2171 27.3769 10.9887 9.32889 9.03258 9.0326 
24.0738 9.58326 28.0853 12.4983 8.5555 8.79644 8.40735 
23.6648 9.44279 27.0659 12.7608 9.16147 9.04939 8.85484 
24.0063 9.504 27.8808 12.0326 8.92856 8.87252 8.77525 
22.9351 9.23229 30.0694 12.6471 8.40693 8.37891 8.33028 
25.1557 9.17888 29.6735 11.2665 8.38598 8.18185 8.15753 
24.8279 9.83944 25.3367 12.6333 9.19299 9.09093 9.07877 
23.4468 10.084 25.5792 12.6547 9.76081 9.2403 9.23422 
25.7094 9.23782 27.4749 11.7469 8.90139 8.4663 8.46326 
25.8628 9.90346 27.7618 11.158 8.71899 8.29819 8.29667 
24.3203 10.5073 24.1587 11.4123 10.1928 9.70465 9.70389 
23.0977 9.76753 28.5724 11.4353 9.43669 8.84538 8.845 
24.1473 9.21448 28.4594 12.6074 8.8522 8.3597 8.35951 
14 14 14 14 14 14 14 
14.2449 15.3673 15.9796 16.3878 13.3265 12.7143 10.9796 
13.827 18.4791 16.2853 16.8302 14.2769 10.3344 9.46707 
12.4691 17.9697 19.7073 18.2791 13.4877 9.13546 8.70179 
12.9978 17.5597 19.0324 19.6468 13.7487 8.55324 8.3364 
11.9387 17.1132 19.8171 20.703 14.0503 8.2118 8.10339 
11.2982 16.2664 19.7725 22.483 14.0546 8.07416 8.01995 
11.4397 17.1532 20.7994 21.1524 13.5975 7.93463 7.90752 
9.71047 17.9663 21.0804 20.9049 14.4278 7.95792 7.94437 
10.7308 18.3149 21.1393 20.4755 13.5503 7.89601 7.88924 
10.4216 18.9327 20.2326 20.5748 14.0785 7.88059 7.8772 
10.3418 18.7459 20.2691 19.021 15.8821 7.87043 7.86873 
10.377 18.2666 21.1975 18.1873 16.2924 7.83977 7.83892 
10.4516 17.7146 21.1251 19.8488 15.24 7.81004 7.80962 
11.0879 17.1331 21.0223 20.1543 14.9763 7.81307 7.81286 
10.5898 18.429 20.3735 19.3661 15.6304 7.80562 7.80551 
10.1813 17.9645 20.1868 20.024 15.8834 7.88008 7.88003 
10.2512 19.1887 21.1026 18.7276 15.0518 7.83912 7.8391 
10.9126 20.011 20.505 18.8545 14.0074 7.85475 7.85473 
10.4677 20.4839 19.5919 19.45 14.1791 7.91371 7.9137 
11.2877 21.4527 18.8767 19.3663 13.2555 7.88062 7.88062 
10.179 20.5903 19.3023 20.9076 13.2037 7.90856 7.90856 
9.81922 19.7546 19.8989 21.2646 13.4712 7.89572 7.89572 
9.18213 19.4616 20.4575 20.1011 15.0497 7.87396 7.87396 
8.56457 20.2165 20.0522 20.8673 14.4785 7.91049 7.91049 
8.63011 19.948 20.5524 21.0744 14.1042 7.8454 7.8454 
10.0386 21.4211 21.1833 18.7445 12.7757 7.91838 7.91838 
10.5086 21.3311 21.4509 17.9642 12.9511 7.89714 7.89714 
9.86102 22.1262 20.9501 17.6338 13.6665 7.88115 7.88115 
9.8617 21.8429 19.1907 17.9912 15.4342 7.83966 7.83966 
9.39309 21.791 19.2063 18.8354 15.1542 7.80999 7.80999 
8.88157 20.9175 20.0657 19.2195 15.1762 7.86975 7.86975 
8.79858 21.5826 19.8952 20.5042 13.5514 7.83396 7.83396 
10.3489 22.233 20.0163 18.2613 13.5263 7.80714 7.80714 
11.0707 21.8476 19.9138 17.0316 14.5462 7.79508 7.79508 
10.6181 21.7985 19.7678 18.0903 14.1289 7.79825 7.79825 
10.7363 21.1764 19.4682 19.6687 13.3 7.82522 7.82522 
9.69058 21.92 19.8976 19.7642 12.9584 7.88457 7.88457 
8.94365 21.2644 20.2533 20.4208 13.2708 7.92355 7.92355 
8.39559 20.834 20.1042 19.8516 15.0435 7.88554 7.88554 
8.13298 20.255 19.5428 20.6897 15.6236 7.87796 7.87796 
7.958 20.5048 18.7337 21.5477 15.5948 7.83049 7.83049 
8.3733 20.7037 21.8372 19.6812 13.7356 7.83448 7.83448 
9.43779 20.8541 22.3341 19.0872 12.4614 7.91268 7.91268 
8.95231 19.8092 21.8078 20.4132 13.3245 7.8465 7.8465 
9.83746 18.9955 21.8596 19.414 14.1215 7.88595 7.88595 
8.85668 19.7603 21.1923 21.4015 13.0273 7.88092 7.88092 
8.78669 19.5654 23.308 20.2649 12.2037 7.93562 7.93562 
9.52461 20.0452 21.6779 20.395 12.5458 7.90576 7.90576 
10.1067 18.3361 22.4779 20.2925 13.0425 7.87212 7.87212 
10.5833 19.3063 21.1468 20.1693 13.0881 7.85311 7.85311 
10.5101 18.7551 22.8307 19.5507 12.7334 7.81005 7.81005 
9.49234 19.7892 20.6163 21.2765 13.0253 7.90018 7.90018 
9.43753 19.0304 20.4316 21.9963 13.3028 7.90071 7.90071 
9.00798 18.7064 19.6521 22.5178 14.372 7.87192 7.87192 
9.23036 18.5572 20.8957 22.2042 13.2805 7.91606 7.91606 
9.37156 17.6313 21.0047 22.0069 14.1809 7.90235 7.90235 
9.20901 17.4953 22.7273 20.5389 14.3031 7.86315 7.86315 
8.50694 17.2843 23.4368 20.3914 14.7125 7.83402 7.83402 
8.74225 16.1234 24.1872 20.7942 14.3388 7.90703 7.90703 
8.87112 15.3117 24.2186 21.6471 14.0444 7.95352 7.95352 
9.43556 14.8652 21.993 22.684 15.1617 7.93025 7.93025 
8.81417 15.2639 22.6833 23.3902 13.9664 7.94103 7.94103 
9.64269 14.7 22.7291 24.5223 12.6115 7.89722 7.89722 
10.391 14.1855 22.7569 24.6662 12.2551 7.87266 7.87266 
11.7065 14.218 22.6807 24.1267 11.533 7.86753 7.86753 
9.999 14.0186 25.1594 24.3749 10.7916 7.82824 7.82824 
10.1015 14.9174 24.6971 24.1773 10.3703 7.8682 7.8682 
9.03628 16.2751 23.9427 23.079 11.8277 7.91961 7.91961 
8.9109 16.1479 24.5037 23.8134 10.9526 7.83577 7.83577 
9.469 15.933 23.3629 23.8308 11.7094 7.84743 7.84743 
8.67852 16.2362 23.1319 24.8925 11.3254 7.86773 7.86773 
9.14446 14.0921 24.6828 25.5631 10.8575 7.82997 7.82997 
10.1858 14.2262 23.9602 25.7058 10.259 7.83143 7.83143 
10.4906 14.7836 23.9119 23.7904 11.2375 7.89299 7.89299 
11.7494 13.8958 23.6091 21.9223 13.0713 7.87603 7.87603 
12.0742 13.1474 25.8207 22.0124 11.2526 7.84637 7.84637 
14.4948 12.6682 25.4725 20.5833 10.9746 7.90329 7.90329 
14.65 12.9575 26.3726 20.1618 10.1626 7.84775 7.84775 
14.6026 10.7914 26.9329 21.6712 10.3374 7.83223 7.83223 
14.3899 10.7122 26.7576 21.7217 10.7383 7.84017 7.84017 
13.462 11.2144 26.8665 23.2587 9.45635 7.87104 7.87104 
11.8886 10.9081 28.7628 24.2368 8.59637 7.80371 7.80371 
11.9667 11.1963 29.0873 23.8831 8.21975 7.82343 7.82343 
12.4874 10.8827 26.1968 25.7627 8.98793 7.84125 7.84125 
12.2278 11.4254 25.9973 26.0462 8.48332 7.90999 7.90999 
11.7319 11.752 26.0605 26.5063 8.17425 7.88758 7.88758 
12.2399 11.5417 26.3447 25.5761 8.47806 7.90979 7.90979 
11.423 12.589 26.5562 25.1618 8.53196 7.86904 7.86904 
12.2786 12.5632 27.0094 24.0734 8.44508 7.81512 7.81512 
12.1335 13.0067 27.3936 21.9782 9.7781 7.85493 7.85493 
11.8418 11.9745 27.2226 22.9952 10.2082 7.87883 7.87883 
12.3864 11.3033 28.5538 22.8482 9.27077 7.81873 7.81873 
14.8953 10.9614 27.4038 21.8961 9.06016 7.89166 7.89166 
15.9612 9.39962 27.3505 22.2994 9.25981 7.86475 7.86475 
15.2722 10.801 25.7288 23.9473 8.64776 7.80142 7.80142 
14.1258 11.0052 25.9913 24.8055 8.30618 7.88301 7.88301 
13.9881 11.0428 27.6771 22.9291 8.72373 7.81962 7.81962 
14.8737 11.6818 27.1623 22.2095 8.51659 7.77801 7.77801 
15.2589 11.3624 26.7713 21.3808 9.47302 7.87673 7.87673 
14.9022 12.1963 26.719 21.751 8.6759 7.87776 7.87776 
15.2123 10.8743 27.8371 21.9203 8.51706 7.81948 7.81948 
15.4523 10.0525 28.6878 21.7294 8.25853 7.90974 7.90974 
15.9305 10.1346 30.443 19.843 7.99923 7.82484 7.82484 
16.4898 9.32961 29.9756 20.4133 8.09798 7.84685 7.84685 
16.1397 9.19697 29.1691 20.8792 8.87355 7.87079 7.87079 
15.3869 9.47653 29.8284 21.1103 8.40019 7.89881 7.89881 
15.833 9.24408 29.7398 21.311 8.12451 7.87382 7.87382 
17.1702 8.50264 29.3475 21.4018 7.94285 7.81751 7.81751 
16.5733 8.2454 28.727 22.6831 7.96551 7.90284 7.90284 
17.4184 8.16462 28.2857 21.9703 8.47377 7.84363 7.84363 
17.9926 7.9911 28.9637 19.9428 9.44861 7.83061 7.83061 
17.6919 8.65394 29.544 19.5987 8.91685 7.79729 7.79729 
18.7501 8.79981 29.3087 18.2658 9.09101 7.89226 7.89226 
19.3751 9.47927 28.9401 17.2281 9.14868 7.91438 7.91438 
19.6564 9.5683 28.8003 17.3368 8.93571 7.85127 7.85127 
19.2966 10.432 26.8586 18.8013 8.78679 7.91235 7.91235 
18.5112 9.73104 28.4795 19.4341 8.23955 7.80233 7.80233 
18.7357 10.0643 29.8361 17.3623 8.24822 7.8767 7.8767 
18.753 9.56289 28.5103 19.0371 8.49304 7.82184 7.82184 
19.6991 8.65241 28.61 18.3895 9.08523 7.78189 7.78189 
19.1147 8.31982 29.1612 18.9392 8.69597 7.88456 7.88456 
19.6451 8.69207 28.1771 19.2649 8.44155 7.88965 7.88965 
20.8132 8.5256 28.6396 17.682 8.70994 7.81479 7.81479 
21.4175 9.13645 28.3992 16.6027 8.6871 7.87852 7.87852 
20.6476 9.6141 29.1843 16.4053 8.31909 7.91479 7.91479 
21.7821 8.8001 29.3491 16.0152 8.1526 7.95045 7.95045 
21.1951 9.46762 29.3705 16.1157 8.13035 7.86036 7.86036 
22.6793 9.0089 29.9269 14.7493 7.96852 7.83353 7.83353 
23.2752 9.50445 28.1892 15.6005 7.85523 7.78773 7.78773 
22.1818 9.00393 30.2511 14.9431 8.00925 7.80543 7.80543 
22.5988 9.06546 28.6176 15.8049 8.17129 7.87097 7.87097 
22.2171 10.2289 27.9164 15.1809 8.67425 7.89118 7.89118 
24.4749 9.40489 28.6447 13.366 8.29752 7.90599 7.90599 
24.1641 8.83089 29.4599 13.5638 8.1243 7.92853 7.92853 
26.3438 8.44229 28.4884 13.1577 7.92121 7.82332 7.82332 
24.9047 8.91429 29.7676 12.716 7.93172 7.88278 7.88278 
25.2964 9.96173 27.0398 11.8626 8.55302 8.7579 8.52855 
25.6112 9.91914 27.3059 11.0753 8.5975 8.9057 8.58526 
25.1531 9.83762 28.1347 11.6352 8.56704 8.41627 8.25605 
24.7878 8.8792 28.2587 13.5734 8.24392 8.16853 8.08842 
24.6544 8.65416 28.8803 13.6832 8.33652 7.91568 7.87563 
24.9646 8.58532 29.138 13.2977 8.15178 7.94136 7.92133 
25.5909 8.97431 30.1121 11.5177 8.00847 7.90326 7.89325 
25.0596 8.82678 29.9617 11.7966 8.53254 7.9139 7.90889 
26.3927 8.30747 29.6226 11.8173 8.16035 7.85103 7.84853 
24.9205 8.11925 29.8113 13.3224 8.04569 7.89103 7.88978 
26.3888 8.34534 28.4771 13.0898 7.95142 7.87409 7.87346 
25.1576 8.46715 29.7293 12.8332 7.96344 7.92477 7.92446 
25.3448 8.48889 29.4543 12.9516 7.93309 7.91375 7.9136 
26.1132 8.1871 29.0641 12.9274 7.9092 7.89953 7.89945 
25.5566 8.46855 28.907 12.297 8.53793 8.11643 8.11639 
26.8251 8.5821 29.6709 10.6636 8.44957 7.90437 7.90435 
26.9719 8.18936 29.7507 11.264 8.12309 7.85049 7.85048 
28.747 8.51235 27.3252 11.4553 8.07761 7.94131 7.9413 
28.0266 8.31521 28.9762 10.8937 7.91334 7.84519 8.02969 
28.5184 8.25317 29.8465 9.54241 8.05223 7.84751 7.93976 
26.5198 8.53272 31.7815 9.36891 8.24068 7.75517 7.8013 
25.2002 9.1171 31.5624 9.5352 8.97108 7.7955 7.81856 
25.2812 8.90638 30.6363 10.3835 9.01453 7.88326 7.89479 
27.0131 8.7042 28.2736 11.2646 8.75828 7.99021 7.99598 
27.4558 8.33761 29.5353 10.3425 8.36465 7.98061 7.9835 
26.6563 8.8417 30.1882 10.3114 8.23217 7.88439 7.88583 
27.5642 8.41391 30.1983 9.84321 8.10914 7.93525 7.93597 
27.3597 8.73282 28.0302 10.9561 8.36491 8.27797 8.27833 
26.3535 9.40113 27.5568 11.5544 8.86996 8.13204 8.13222 
26.1992 9.36294 29.2125 11.0827 8.2935 7.92454 7.92463 
25.9728 8.78595 30.0913 11.3249 8.06466 7.88018 7.88023 
25.8577 9.01344 28.907 12.4281 7.99273 7.90049 7.90051 
25.1281 8.80225 29.402 12.7433 8.12007 7.90213 7.90214 
24.917 8.71485 30.1912 11.6658 8.56984 8.06871 7.87264 
23.5696 10.1655 26.7118 12.146 9.33543 9.08486 8.98683 
24.9247 11.738 25.9839 11.3631 9.10457 8.46735 8.41833 
26.6669 10.2251 28.3328 9.84822 8.52956 8.21095 8.18644 
25.6816 9.16112 29.9559 10.1873 8.71822 8.15406 8.1418 
23.9519 9.73929 30.4541 10.2524 9.51784 8.04528 8.03915 
25.8535 9.97169 29.1046 10.0241 8.84055 8.10427 8.10121 
27.3236 9.266 28.3655 10.265 8.70043 7.94319 8.13621 
