5 80000 300 266
20 20 20 20 20 
18.2305 21.5226 20.5967 21.0082 18.642 
16.0001 20.8065 23.0523 22.2423 17.8989 
15.7681 20.9065 24.1082 21.8432 17.3739 
14.2885 20.7903 27.5597 20.9216 16.4398 
12.8004 20.5762 29.0514 22.3386 15.2335 
11.3551 20.3106 29.5032 23.5567 15.2744 
10.8461 19.5935 30.1448 24.2503 15.1653 
10.3656 20.2565 30.3598 24.6539 14.3643 
10.4398 19.8245 31.3014 25.1774 13.2569 
10.3601 18.3235 32.5899 23.9205 14.806 
11.0134 16.3046 33.795 26.1269 12.7602 
10.5875 17.2747 31.909 28.3059 11.9228 
10.2455 17.2122 33.9497 26.7134 11.8793 
10.1485 17.8845 33.0831 26.8876 11.9963 
9.99032 17.4554 33.0883 27.7124 11.7536 
11.5805 18.4838 32.5198 26.4172 10.9987 
10.7556 17.556 32.4262 28.4511 10.8111 
10.3423 16.4612 32.5251 30.3012 10.3701 
10.1712 16.5639 33.2864 28.8411 11.1374 
10.0117 16.5332 34.1309 28.8294 10.4948 
9.99338 16.7454 34.1477 28.5045 10.609 
10.4745 16.065 34.4398 28.821 10.1996 
10.1723 16.7338 33.9732 28.8261 10.2946 
10.0862 16.9919 33.1116 28.913 10.8973 
10.8743 17.429 33.5533 27.6079 10.5355 
11.0744 16.3125 33.6884 28.3873 10.5374 
11.5942 15.876 34.8965 27.3765 10.2568 
12.7864 16.1369 33.9805 26.8603 10.2359 
13.7642 16.1766 35.0492 24.9781 10.032 
13.8441 17.2022 32.4613 26.5397 9.95269 
14.5015 17.2808 32.3676 25.9838 9.86632 
12.4145 19.3457 31.8009 26.468 9.97094 
11.953 19.2083 32.6486 25.7034 10.4867 
13.1193 19.3444 31.649 24.9296 10.9576 
13.4562 17.4308 33.5585 25.0264 10.5281 
13.7457 16.1089 34.8244 24.9192 10.4019 
12.0371 16.3878 34.431 26.5441 10.6 
11.5324 15.838 34.8847 27.5578 10.1872 
10.7534 14.8244 35.0894 28.6126 10.7202 
11.1649 15.1708 34.2935 29.0846 10.2862 
11.0784 15.3602 33.7687 28.7514 11.0412 
12.9466 13.6325 34.3447 28.1323 10.9439 
13.3483 13.5662 35.0473 27.5662 10.4719 
13.0544 13.554 34.8414 28.3664 10.1839 
14 12.8911 35.3555 27.7702 9.98325 
14.8534 12.3356 36.1332 26.7123 9.96545 
15.2564 11.937 36.6106 26.2682 9.92778 
14.865 12.5475 35.6737 26.9499 9.96389 
13.6309 14.8137 33.8148 27.8 9.94062 
13.7951 14.7672 33.1511 28.367 9.91955 
13.3927 15.1042 34.3451 27.2963 9.86174 
14.007 13.8184 34.666 27.6168 9.8917 
13.7317 13.2417 34.4834 28.716 9.82712 
13.213 14.5224 34.4697 27.9591 9.83584 
14.2454 13.3723 37.096 25.3684 9.91792 
15.6626 12.0581 35.6279 26.7338 9.91764 
14.0468 14.3163 34.8029 26.9028 9.93119 
15.8549 13.8158 33.5699 26.9025 9.8569 
16.5626 13.5931 32.9409 27.1003 9.8031 
15.502 14.2897 35.4078 24.9943 9.80618 
15.7673 15.4329 34.0082 24.9971 9.7944 
15.0451 14.6175 34.3218 26.1704 9.84511 
14.7828 14.432 34.8321 26.0989 9.85406 
16.7065 14.0653 34.2654 25.1043 9.85854 
16.0768 13.1302 33.9349 27.0508 9.80732 
15.6986 12.4147 35.0733 27.0351 9.77831 
15.552 12.5587 36.9961 24.4635 10.4297 
15.0031 14.3914 34.4273 25.6536 10.5246 
16.4681 12.3629 34.9948 26.0487 10.1255 
15.9903 11.9986 34.1179 27.8443 10.0489 
14.8445 14.3555 34.4562 26.3879 9.95596 
15.2126 14.8265 32.1006 27.9248 9.93549 
15.0349 15.1275 30.9075 28.9624 9.96774 
12.4332 16.2716 32.5886 28.807 9.8996 
11.8663 14.7742 34.6559 28.8103 9.8933 
12.1145 13.4311 34.3609 30.2019 9.89171 
12.677 13.6169 34.5044 29.1854 10.0163 
13.0878 13.971 34.1943 28.5046 10.2423 
14.9262 14.3384 32.9795 27.6346 10.1211 
14.2428 14.7963 31.4615 29.4953 10.0041 
12.9597 14.1347 33.096 29.2686 10.541 
13.9384 14.9403 34.0894 26.789 10.2429 
13.8128 13.6154 35.4805 27.0816 10.0097 
13.8228 13.2918 35.6077 27.3737 9.90398 
14.9759 13.0975 35.5458 26.4434 9.93733 
14.5261 13.0004 34.4884 28.0311 9.954 
16.0244 12.6935 33.5584 27.7618 9.9619 
17.1298 11.935 33.838 27.1162 9.98095 
16.9227 11.686 33.048 28.3675 9.97581 
16.0281 12.8163 33.438 27.8336 9.88405 
15.4508 11.9461 34.757 27.9991 9.84709 
15.2182 11.5927 34.5255 28.841 9.82268 
15.9678 10.6595 35.0439 28.5543 9.77456 
15.3115 11.7953 35.6254 27.4955 9.77234 
16.2356 11.9627 34.3807 27.6531 9.76783 
16.1638 11.2975 35.0065 27.7633 9.76897 
15.5514 10.9841 35.1862 28.5158 9.76253 
14.2654 10.8018 35.5872 29.5971 9.74852 
15.8414 10.8063 33.8597 29.6634 9.82922 
16.7703 10.2704 33.3015 29.876 9.78187 
15.6382 10.9994 34.2433 29.2898 9.8292 
17.4917 10.8568 32.8955 28.9306 9.82532 
17.0013 10.8801 32.6471 29.5743 9.89708 
17.0676 10.736 33.3018 28.9616 9.93296 
17.9184 11.2142 34.3432 26.6347 9.88956 
18.7235 11.1626 34.175 26.1119 9.82693 
20.0306 11.6323 34.7626 23.7248 9.84977 
22.0406 11.987 33.0459 23.0966 9.82995 
23.6042 11.0271 33.1337 22.4543 9.78075 
23.9139 10.6378 33.9581 21.6309 9.85932 
22.1806 10.4307 34.551 22.956 9.88174 
21.398 10.9077 33.8909 23.9395 9.86394 
22.7733 10.4074 31.9609 24.9729 9.88553 
21.6857 10.1871 34.7512 23.4499 9.92616 
22.2576 10.0775 34.8997 22.8182 9.947 
22.5839 9.99229 34.4777 23.019 9.92706 
21.3866 9.88574 35.0622 23.8123 9.85312 
22.7728 9.83583 33.7391 23.8328 9.81953 
21.7039 9.99728 33.3775 25.091 9.8304 
20.4865 9.98203 32.9678 26.6651 9.89859 
20.2432 11.2813 32.6129 25.9132 9.94929 
20.7466 10.7969 33.9627 24.5191 9.97465 
20.6774 11.8174 33.0287 24.5906 9.88597 
21.2814 12.1376 32.1709 24.5849 9.82514 
21.5782 12.7876 33.5854 22.1362 9.91257 
22.0848 11.5433 34.5668 21.8654 9.93967 
21.919 10.8041 34.6535 22.7834 9.83997 
21.6738 11.0143 34.5036 22.9563 9.85196 
22.5829 10.4278 33.601 23.5416 9.84661 
22.5126 11.3195 32.147 24.1471 9.8738 
24.0509 11.8887 32.4035 21.8378 9.81906 
21.7294 11.043 35.1162 22.2676 9.84374 
21.4078 11.1126 33.852 23.7536 9.87395 
22.1278 10.5232 34.6413 22.804 9.90386 
24.1358 10.1635 34.3141 21.5327 9.85389 
26.0611 10.0306 31.3209 22.7117 9.87575 
28.2554 9.85958 32.7885 19.3143 9.78217 
26.0089 10.5404 34.051 19.5582 9.84158 
25.4228 10.4989 34.019 20.2366 9.82275 
24.8425 10.6593 33.7308 20.938 9.82941 
24.4902 10.3297 34.2792 20.9862 9.9147 
24.5032 10.1648 32.4622 22.9125 9.95735 
25.245 11.4969 31.5271 21.8181 9.91289 
27.1988 10.6637 31.3568 20.909 9.8717 
27.7838 10.2964 32.877 19.1425 9.90039 
26.1402 11.0207 33.8882 19.135 9.81597 
25.3678 10.8501 33.9344 20.0853 9.76235 
25.6347 10.3431 34.836 19.3869 9.79921 
24.6903 10.1883 34.1404 21.2319 9.7491 
23.8205 10.0122 33.7915 22.5832 9.79258 
24.1552 9.93806 32.372 23.7066 9.82826 
24.6224 9.80774 33.0319 22.7852 9.75284 
23.6671 9.81912 32.7871 23.935 9.79168 
22.9263 10.2076 33.4465 23.5569 9.86273 
22.9647 10.0559 32.6977 24.3983 9.88344 
22.2332 10.6593 31.3659 25.851 9.89053 
22.6956 10.4174 33.9286 23.1009 9.85754 
24.829 10.3281 34.0291 20.9361 9.87758 
24.6662 10.131 33.5709 21.7263 9.90568 
24.4593 10.5472 33.2306 21.8266 9.93623 
26.1832 10.257 31.8977 21.7107 9.9515 
26.15 10.1113 33.3028 20.4773 9.95857 
25.7395 9.98987 33.4277 20.9295 9.91349 
24.8972 9.97775 34.0678 21.1176 9.93957 
26.6881 9.84324 33.7006 19.9439 9.82415 
27.5355 9.87212 32.8569 19.873 9.86257 
26.3564 10.0779 33.4497 20.2202 9.89582 
26.6782 10.039 33.3915 19.9434 9.94791 
27.5111 9.95578 32.7786 19.8443 9.91026 
27.5964 9.82218 34.2094 18.5727 9.79942 
27.866 10.1653 33.8843 18.2694 9.81497 
29.5152 10.0484 33.2093 17.3539 9.87324 
30.6439 10.0409 31.6548 17.8743 9.78612 
29.68 9.91911 34.7463 15.8628 9.79171 
29.2919 9.94295 32.9878 17.8982 9.87924 
29.613 9.90568 31.9544 18.653 9.87383 
30.0639 9.91608 32.3375 17.7824 9.90015 
28.2622 10.8 33.3509 17.6541 9.93289 
27.6958 10.2896 33.5524 18.6062 9.85604 
26.7872 10.0969 34.3481 18.8878 9.88009 
24.932 9.89793 34.5653 20.8151 9.78955 
25.5808 9.867 32.5286 22.2108 9.81281 
25.589 9.8823 31.7933 22.8802 9.85521 
25.8687 10.0648 33.3878 20.804 9.8746 
24.0455 9.89352 33.8814 22.3812 9.79841 
23.826 9.8648 33.0063 23.4857 9.81724 
21.8786 9.91522 33.1698 25.1449 9.89144 
22.4393 9.95761 33.4182 24.2391 9.94572 
25.2973 9.83317 31.5958 23.4464 9.82723 
23.9232 9.81855 32.9548 23.4879 9.81557 
25.3722 9.87616 33.3648 21.5122 9.87467 
25.5893 9.77679 34.0659 20.7919 9.77605 
24.97 9.75852 32.1304 23.383 9.75815 
22.4165 9.84502 33.1885 24.7052 9.84483 
22.2821 9.78828 34.5473 23.5942 9.78819 
22.7182 9.75991 32.8777 24.8844 9.75987 
23.5386 9.8479 33.426 23.3396 9.84788 
24.2693 9.78506 33.5533 22.6073 9.78505 
24.9006 9.75575 31.9742 23.6137 9.75575 
23.8215 9.72738 32.7095 24.0142 9.72737 
24.8604 10.2594 34.7001 20.4603 9.7198 
26.4302 10.2964 34.35 19.0635 9.8599 
27.7518 10.1003 33.7884 18.4774 9.88203 
29.2189 10.1043 35.1253 15.7369 9.81466 
30.0315 9.92227 35.4198 14.849 9.77746 
30.177 9.96113 34.968 15.0051 9.88873 
28.5698 9.92937 34.2075 17.4002 9.89317 
28.0306 9.9475 34.1141 17.9784 9.9294 
26.5588 9.8518 34.1302 19.6164 9.84275 
26.9001 9.9259 32.4099 20.8427 9.92138 
27.7358 9.841 33.2781 19.3064 9.83874 
26.5769 9.77 33.5287 20.3555 9.76887 
26.0871 10.3457 33.8292 19.9047 9.83324 
26.1308 10.0386 34.1965 19.8517 9.78239 
26.1526 9.8851 32.7023 21.503 9.75697 
27.2068 9.83385 33.3801 19.8095 9.76979 
25.4678 9.83218 34.1477 20.7522 9.80015 
27.3466 9.84567 33.271 19.7071 9.82965 
28.9758 9.90504 31.938 19.2841 9.89703 
28.8212 9.95252 31.969 19.3087 9.94852 
27.9194 9.88854 33.7038 18.6017 9.88654 
26.3391 10.089 33.7329 19.9118 9.92719 
26.5765 10.0918 33.7434 19.7351 9.85319 
28.6167 9.97291 34.025 17.5318 9.8536 
30.3362 10.0387 33.2146 16.6056 9.80485 
32.5948 9.90535 32.8939 14.8175 9.78842 
31.2421 9.93423 35.0817 13.8663 9.87576 
33.5612 9.9505 34.3182 12.2488 9.92127 
33.3908 9.89051 35.8032 11.0396 9.87589 
33.5255 9.84721 36.2022 10.5852 9.8399 
34.3489 9.92361 35.5149 10.2926 9.91995 
33.7863 9.89601 34.6982 11.7252 9.89419 
34.0917 10.0899 34.3704 11.5364 9.91163 
34.2227 9.9769 34.3621 11.5505 9.88779 
32.8832 9.85422 35.6374 11.8155 9.80967 
33.4288 9.89506 35.9277 10.8757 9.87278 
32.5039 9.88174 36.7138 11.03 9.8706 
33.0339 9.78516 35.831 11.5703 9.77959 
33.1283 10.7065 35.0251 11.2669 9.87318 
34.5836 10.2234 33.7463 11.6399 9.80672 
32.6892 10.0786 35.2506 12.1114 9.87025 
31.5988 9.95455 33.727 14.8692 9.85038 
32.1955 10.0097 34.396 13.6035 9.79532 
32.6518 9.90352 33.5831 14.0652 9.79631 
32.1245 9.81287 35.7152 12.5882 9.75927 
30.8463 10.0559 34.635 14.5997 9.86302 
32.3782 10.2183 34.0995 13.5282 9.7758 
33.7878 10.0434 33.6616 12.6852 9.82211 
33.1651 9.93693 34.1189 12.9528 9.82631 
31.456 9.87353 35.0974 13.7549 9.81822 
29.8727 9.87097 34.325 16.088 9.84332 
30.8686 9.85074 33.4337 16.0101 9.83691 
30.2369 10.353 33.6576 15.8998 9.85267 
30.4518 10.1765 33.9955 15.4499 9.92633 
29.7364 9.98336 35.704 14.718 9.85827 
30.0385 9.94524 33.9511 16.1825 9.8827 
30.4954 9.90459 34.6626 15.064 9.87332 
32.0179 9.92124 34.1015 14.0538 9.9056 
31.5474 9.8837 34.1277 14.5653 9.87588 
31.4832 10.0094 32.2665 16.4043 9.83659 
31.1551 9.89193 33.6145 15.533 9.80551 
30.0354 10.3676 35.8835 13.9914 9.72203 
29.0645 10.0333 36.002 15.1897 9.71051 
31.7903 10.0167 34.4526 13.8852 9.85526 
30.9437 9.8627 34.8638 14.5478 9.782 
30.7813 9.81734 34.2072 15.4172 9.77699 
20 20 20 20 20 
18.4507 18.4507 22.7767 22.6761 17.6459 
17.1601 19.9862 24.5405 22.2076 16.1055 
14.249 20.0838 27.6898 23.1219 14.8555 
13.7679 20.648 29.346 21.7008 14.5373 
13.4302 20.5949 31.0387 21.7985 13.1377 
12.4099 18.8396 35.1093 21.0359 12.6053 
13.4165 18.7948 33.5402 23.018 11.2305 
14.0717 19.0173 31.6157 24.3356 10.9597 
13.6944 19.9203 31.4253 23.669 11.291 
14.3227 18.6611 32.1342 23.9669 10.9151 
13.5811 18.8367 32.2399 24.8229 10.5193 
12.3593 19.9634 33.3001 24.1413 10.2359 
13.4967 20.7134 32.3817 23.2902 10.118 
12.6743 20.6036 32.6106 23.7439 10.3676 
11.8518 19.8606 31.869 26.3327 10.0858 
12.2674 19.4425 32.0321 24.3859 11.8722 
13.2433 19.5115 29.1862 25.3631 12.696 
11.5528 18.7007 30.9922 27.0164 11.7379 
12.7644 18.266 30.4359 26.8817 11.6521 
11.4182 16.8069 33.2035 27.1099 11.4615 
11.3446 16.437 33.1485 26.8643 12.2056 
11.5134 15.5783 34.2145 26.3994 12.2944 
11.6391 18.0833 33.5288 24.4742 12.2746 
11.487 17.9837 32.7594 24.9575 12.8124 
12.0086 17.6666 32.1628 25.2498 12.9122 
12.4208 17.1868 33.1516 25.821 11.4198 
14.7962 17.558 31.6011 25.158 10.8867 
13.8729 17.7718 32.707 25.049 10.5992 
14.2969 18.1499 32.4703 24.0727 11.0103 
12.4882 19.7545 32.6186 23.8082 11.3304 
12.2868 18.0526 32.0676 24.8188 12.7742 
12.4529 16.6454 33.8909 25.1475 11.8633 
11.1647 16.2239 34.7233 27.0182 10.8699 
11.5167 15.3089 34.2808 28.5343 10.3592 
11.2063 15.6448 34.5738 28.4318 10.1433 
10.8867 15.8121 35.7147 27.618 9.96855 
10.4042 17.4361 34.3065 27.9082 9.94511 
10.2021 16.593 34.5282 28.7041 9.97255 
10.8005 17.3639 33.5854 28.3417 9.90856 
10.3264 17.5489 32.1868 30.0575 9.88039 
10.503 17.0269 33.0837 29.4705 9.91592 
10.8925 17.2314 31.9265 29.9917 9.95796 
11.7435 15.1648 34.0992 29.1016 9.89082 
11.1986 14.6042 34.9673 29.1997 10.0302 
11.4894 13.8466 35.8083 28.8669 9.9889 
10.8825 12.5624 38.7061 27.9673 9.88167 
14.062 12.9125 36.7271 26.4505 9.848 
13.0259 13.5991 36.2207 27.2559 9.89849 
14.3663 12.9514 35.126 27.6332 9.92307 
13.5492 14.8311 34.1413 27.3444 10.1339 
13.6294 14.5392 33.4685 28.3228 10.0401 
12.4557 14.7055 34.1701 28.6486 10.02 
12.9198 15.5598 31.9841 29.6021 9.93427 
11.3801 15.0937 33.1463 29.6946 10.6852 
10.7165 15.4834 33.9012 29.6621 10.2368 
11.4753 14.7896 32.908 30.6555 10.1716 
11.7173 14.9011 33.2479 30.086 10.0476 
11.9113 15.3453 34.124 27.8062 10.8133 
11.4223 15.5393 34.662 28.0364 10.34 
11.7272 13.9194 34.3096 29.9273 10.1165 
12.4081 14.4204 35.0867 28.0527 10.0321 
15.075 15.678 32.5971 26.6607 9.98916 
14.7375 14.7723 34.0319 26.5304 9.92791 
14.5688 14.7195 33.6826 27.1319 9.89729 
14.0151 14.9147 33.0501 28.1264 9.8937 
12.9131 14.4127 33.7167 29.0238 9.93373 
14.256 14.3094 33.0143 28.5788 9.84152 
14.6139 15.0643 31.3377 29.1199 9.86426 
14.7355 13.5322 33.2403 28.5599 9.93213 
16.1654 11.898 33.9222 28.063 9.9514 
16.797 11.5205 34.5325 27.1743 9.9757 
15.5607 12.517 32.4014 27.9115 11.6095 
15.8583 13.2223 34.028 26.212 10.6794 
14.4389 13.9519 35.7121 25.5714 10.3258 
15.0785 13.48 35.6067 25.7938 10.041 
17.8457 11.6146 36.1878 24.4568 9.89514 
15.2447 11.5545 35.6226 27.7456 9.83263 
15.1223 11.4717 34.6169 28.8728 9.91631 
16.2821 12.1312 33.5875 28.0992 9.90002 
17.7447 12.468 33.7145 26.2447 9.82806 
17.67 12.3924 33.7194 26.3188 9.89937 
19.1207 12.0533 34.1454 24.7308 9.94968 
18.7933 10.9983 34.9704 25.2916 9.94643 
17.5887 12.2788 35.7056 24.5102 9.91672 
19.6448 11.1247 35.1548 24.1319 9.9437 
19.8807 11.539 33.4666 25.1855 9.92812 
19.8529 11.0173 34.6633 24.5461 9.92033 
20.1335 11.2779 34.9352 23.8115 9.84182 
19.2535 11.8136 35.0881 23.9539 9.89079 
18.9562 11.3004 35.7656 24.0761 9.90166 
17.9795 12.4225 34.0211 25.7268 9.84997 
17.5697 13.1639 32.691 26.7687 9.80664 
18.9039 12.6832 33.4586 25.1403 9.81403 
18.1675 12.9165 33.396 25.72 9.79998 
18.8664 12.3589 32.6918 26.214 9.86894 
18.7252 12.3741 33.3075 25.7914 9.80172 
17.9172 12.8242 32.878 26.6125 9.76812 
16.3604 12.6055 33.0553 28.1099 9.86895 
16.7096 12.4792 32.5571 28.3196 9.93448 
17.9585 11.1177 33.6566 27.422 9.84529 
16.9921 11.8088 32.8539 28.4546 9.89059 
17.347 12.2709 31.6444 28.8236 9.91424 
17.1841 11.3026 33.2994 28.3935 9.82034 
16.0761 11.543 33.3694 29.1649 9.84648 
16.5229 10.7715 31.9877 30.7946 9.92324 
17.0474 10.9768 33.5658 28.4963 9.9137 
18.7118 10.3473 32.9271 28.198 9.81578 
19.7007 11.2082 33.5325 25.6507 9.90789 
20.9436 11.7134 32.8434 24.5617 9.93787 
21.5829 11.4123 33.86 23.2376 9.90721 
21.2016 10.5957 33.9647 24.3948 9.84319 
22.0559 10.2514 33.8554 23.9621 9.87516 
23.6433 10.0488 32.4662 23.9811 9.86066 
24.4023 10.0244 33.1686 22.4744 9.93033 
23.8405 10.0942 32.322 23.8602 9.8832 
24.5826 9.91721 33.5311 22.1573 9.81173 
24.1961 9.87924 34.3846 21.7136 9.8265 
23.8815 10.5129 32.4789 23.2772 9.84956 
24.3186 10.1424 33.9919 21.7363 9.81077 
22.82 10.0262 35.1641 22.1294 9.86034 
23.869 9.93112 34.4673 21.8844 9.8482 
23.6805 9.88619 33.7416 22.847 9.84474 
22.3744 9.83924 33.7847 24.1831 9.81851 
22.1396 10.3164 34.0352 23.6789 9.82989 
22.2519 10.1103 33.3115 24.4592 9.86702 
21.8736 10.0396 34.4128 23.7561 9.91793 
23.5566 9.97186 33.9796 22.5809 9.91104 
21.7783 10.224 33.8152 24.3063 9.87616 
21.0772 9.97095 33.0518 26.103 9.79701 
21.6135 10.3601 33.464 24.7779 9.7845 
21.556 10.5546 34.973 23.1381 9.77824 
21.4559 10.8705 33.2492 24.6199 9.80438 
22.0698 10.8666 33.0783 24.131 9.85426 
22.5103 10.3513 33.4244 23.8688 9.84517 
22.6881 10.3586 33.328 23.8246 9.80063 
24.0064 10.0494 32.4108 23.763 9.77045 
22.9666 10.0081 32.8167 24.34 9.86861 
22.9674 9.95105 33.1928 24.0074 9.8813 
22.4405 10.3768 32.6458 24.658 9.87892 
21.1853 10.0835 33.8054 25.0913 9.83457 
21.7222 10.0251 33.0157 25.3363 9.90067 
21.5634 10.1965 32.3941 26.0461 9.79983 
21.4089 10.499 32.9218 25.3924 9.77797 
22.9882 10.0938 34.627 22.5578 9.73327 
22.9492 10.7744 34.0318 22.4244 9.8202 
22.3442 10.2367 34.4072 23.2523 9.7596 
22.61 10.0203 33.8703 23.7177 9.78176 
21.7502 9.97591 34.9146 23.5027 9.85663 
21.2199 9.98796 34.5263 24.3375 9.92832 
22.8008 10.6477 35.2843 21.3561 9.91115 
23.9004 10.194 34.0383 22.0417 9.82571 
22.8536 10.0814 33.3743 23.7934 9.89728 
26.0395 9.97028 32.5322 21.5798 9.87822 
26.187 9.96735 33.348 20.5764 9.92131 
25.6797 10.1561 33.2257 20.9778 9.96066 
25.0217 9.98713 34.6129 20.4889 9.88942 
24.5687 10.1383 34.8305 20.5339 9.92863 
24.2297 10.0179 33.6269 22.2123 9.91312 
23.682 9.85971 34.7239 21.9271 9.80731 
26.216 10.0861 33.2994 20.4948 9.90365 
25.3302 10.5986 33.7926 20.4061 9.87246 
25.0752 10.1554 34.1625 20.8146 9.79235 
27.486 10.0605 33.5761 18.9984 9.87899 
26.2832 10.818 33.9906 18.9847 9.92342 
27.7111 10.3759 33.5516 18.4328 9.9286 
27.997 10.0701 33.7792 18.3073 9.84645 
30.3285 9.91721 32.8828 17.0661 9.80538 
29.3748 9.87089 34.5116 16.4278 9.81497 
29.1984 10.6137 34.2905 16.1003 9.79708 
30.0992 10.6402 33.4786 15.8835 9.89854 
29.2163 10.3201 34.0726 16.4417 9.94927 
28.9698 10.1246 33.5257 17.4407 9.93917 
29.25 9.92806 33.3736 17.613 9.83536 
27.3234 10.0434 33.8296 18.9652 9.83831 
29.396 9.9168 32.6491 18.2239 9.81426 
28.5092 9.85351 33.8071 18.028 9.80224 
28.3323 9.78112 33.2466 18.8846 9.75549 
28.8043 9.82477 32.2483 19.3107 9.81195 
30.6521 9.91239 32.1956 17.3339 9.90598 
30.5834 9.91943 35.3993 14.1817 9.91622 
32.1791 9.9266 32.7659 15.2034 9.925 
31.6005 10.0728 34.0837 14.3535 9.88951 
30.4669 10.0364 34.5418 15.0101 9.94475 
31.0988 9.98615 35.8607 13.114 9.94033 
32.4225 9.94663 33.1006 14.6065 9.92372 
32.2827 9.97332 34.9432 12.839 9.96186 
32.9233 9.83095 34.7726 12.6479 9.82522 
34.568 9.89886 33.8315 11.8057 9.896 
34.2451 9.89643 34.2302 11.7332 9.895 
34.0215 9.82626 35.582 10.7447 9.82555 
34.4021 9.76263 34.6806 11.3924 9.76227 
34.1241 9.88131 35.4172 10.6962 9.88114 
35.3547 9.81871 34.7818 10.2261 9.81862 
34.1806 9.81131 36.1817 10.015 9.81127 
32.3284 9.82629 36.5036 11.5155 9.82627 
33.63 9.8789 34.8614 11.7509 9.87889 
33.8084 9.84141 34.9143 11.5944 9.8414 
33.5709 10.3175 34.4413 11.8289 9.84134 
34.5707 10.0245 34.5025 11.1158 9.78644 
31.5446 10.0123 37.992 10.5579 9.89322 
32.3862 10.0694 35.4517 12.241 9.85167 
32.1429 9.87342 36.1846 12.0345 9.76455 
32.1429 9.80684 34.8131 13.4848 9.7524 
31.7547 9.87236 34.7979 13.73 9.84515 
32.3837 9.90413 32.9438 14.8778 9.89052 
33.1274 9.95207 33.5687 13.4066 9.94526 
33.9106 10.0781 32.7707 13.336 9.9046 
31.8154 9.93414 33.6931 14.7099 9.84741 
32.8569 9.88233 34.9821 12.4397 9.83896 
33.4096 9.84682 34.8496 12.0689 9.82514 
33.9233 9.8903 34.4778 11.8292 9.87946 
33.2983 9.89564 34.4006 12.5152 9.89022 
32.3776 9.91471 35.2467 12.549 9.912 
32.8555 9.87799 33.3376 14.0523 9.87663 
32.1834 9.92292 33.5498 14.4216 9.92224 
33.6007 9.83511 33.9229 12.8065 9.83477 
33.467 9.91755 34.7392 11.9588 9.91738 
32.6731 10.8313 35.1549 11.5163 9.82446 
32.9489 10.3016 34.6784 12.2728 9.79823 
32.9105 9.9951 35.6783 11.6727 9.7434 
33.8533 9.85649 34.6103 11.9492 9.73064 
32.9922 9.84628 35.5019 11.8763 9.78335 
33.561 9.87194 34.9864 11.7402 9.84048 
34.0329 9.88805 34.5859 11.6209 9.87232 
33.0016 9.77674 36.4379 11.0149 9.76887 
31.2868 9.94673 38.647 10.3713 9.74825 
30.9528 10.348 37.5645 11.3746 9.76012 
31.8497 10.8078 33.571 13.9619 9.80964 
30.7015 10.7304 33.2803 15.4002 9.88764 
32.4463 10.3284 33.5519 13.7663 9.90705 
32.7232 10.1642 33.276 13.8831 9.95353 
31.0569 10.2792 35.8136 13.0348 9.81547 
30.6291 10.0054 33.6786 15.9134 9.77351 
29.0088 10.0982 33.2406 17.8293 9.82306 
31.9881 9.95108 31.3262 16.9212 9.81349 
30.5848 9.95775 33.6346 15.9339 9.88895 
31.15 11.1277 33.3222 14.6013 9.79884 
31.8671 10.4328 33.1405 14.7913 9.76834 
31.2784 10.2164 34.6737 13.9474 9.88417 
31.586 10.0916 33.9481 14.4488 9.92547 
29.4723 9.92001 33.9552 16.8156 9.83695 
29.2098 9.89421 32.9315 18.1117 9.85269 
27.9278 9.80604 34.0206 18.4603 9.78528 
29.4401 10.1751 31.8062 18.7539 9.82461 
30.7343 10.0698 33.5188 15.7827 9.89451 
29.4649 9.9221 37.2481 13.5304 9.83447 
30.1171 9.97777 35.3465 14.792 9.76674 
30.5537 9.94096 33.1684 16.5014 9.83544 
31.884 9.97048 32.1199 16.1079 9.91772 
32.6087 9.98524 33.4674 13.9799 9.95886 
32.5206 9.89127 32.6121 15.098 9.87808 
33.6188 9.85129 34.2306 12.4547 9.8447 
33.34 9.82361 35.8908 11.1253 9.82031 
32.7235 9.7613 35.3367 12.4188 9.75965 
33.247 9.79868 34.0618 13.0947 9.79786 
33.4656 9.81162 35.4519 11.4596 9.81121 
33.2869 9.80446 35.2935 11.8109 9.80425 
33.1952 9.90223 35.233 11.7675 9.90213 
33.9587 9.81223 34.9776 11.4393 9.81217 
34.6843 9.82415 33.3904 12.277 9.82412 
34.656 9.76644 32.8764 12.9346 9.76643 
34.172 9.84776 34.1687 11.9638 9.84775 
33.2881 9.80193 35.7255 11.3826 9.80193 
34.3008 10.3465 33.2093 12.292 9.85146 
35.4228 10.1566 32.5515 11.9599 9.90912 
35.7114 10.0783 33.1091 11.1466 9.95456 
20 20 20 20 20 
17.5726 20.6846 22.0332 20.8921 18.8174 
17.2159 21.8897 23.1413 20.1458 17.6073 
16.7938 23.2236 25.0662 20.0287 14.8877 
15.0636 21.8269 29.0923 20.3369 13.6804 
14.9736 21.4948 29.081 21.7964 12.6542 
14.0688 23.4495 29.2056 20.7134 12.5626 
13.2129 22.7087 31.8797 19.3956 12.8031 
12.4476 25.1394 31.9445 18.5763 11.8922 
12.2379 23.3008 30.5949 22.7316 11.1348 
11.0835 21.8159 31.9641 22.0041 13.1324 
11.5804 21.0529 32.4072 23.4417 11.5179 
10.9882 21.9126 32.1689 22.7357 12.1946 
11.2357 22.2003 30.4385 25.1238 11.0016 
11.3226 22.0621 31.4385 24.6424 10.5344 
10.6499 21.3485 30.4585 26.4936 11.0495 
10.4772 20.159 32.5595 26.3615 10.4428 
10.7432 19.1392 33.3669 26.5982 10.1526 
11.0678 18.0506 33.8986 26.4637 10.5193 
11.7689 18.138 33.8558 26.0616 10.1757 
11.3456 19.3845 33.19 26.0162 10.0636 
12.1393 19.2766 32.8768 25.7102 9.99715 
12.4579 18.852 31.9175 26.86 9.91258 
11.1806 16.7932 32.5046 29.4928 10.0288 
12.8207 15.7495 34.3896 27.0013 10.0389 
13.2511 15.9593 35.354 25.441 9.99457 
13.6327 15.9369 34.0665 26.2597 10.1042 
13.268 15.2886 35.2715 25.909 10.263 
13.596 14.8595 35.2307 25.3596 10.9543 
13.9585 13.6026 35.7635 25.6427 11.0327 
14.1411 13.4326 36.0515 25.4208 10.954 
14.9385 13.696 35.7923 25.147 10.4262 
14.489 14.3603 34.768 26.2434 10.1392 
15.0803 12.6528 36.1651 25.1864 10.9154 
14.9381 14.7448 34.0264 25.8585 10.4322 
14.3166 14.7367 33.6799 26.3659 10.9008 
13.5333 15.3684 34.0899 26.558 10.4504 
13.3917 15.9342 33.67 26.029 10.9752 
13.1844 15.7279 33.2472 27.3911 10.4494 
13.2338 16.7612 34.5434 25.3497 10.1119 
13.8407 16.8792 34.4105 24.1479 10.7217 
14.6224 16.7729 33.9982 24.3214 10.2851 
13.9957 18.5469 31.705 25.6634 10.0891 
12.3196 18.6794 32.5604 26.4456 9.99503 
11.8299 17.716 31.0998 29.0733 10.281 
11.0957 17.5327 32.8993 28.3921 10.0803 
12.3187 15.7976 34.0278 27.6075 10.2485 
12.826 16.4885 34.1934 26.3678 10.1242 
12.038 17.2443 34.4717 25.9339 10.3121 
12.7722 15.8949 33.7293 27.2527 10.3509 
11.6493 14.2632 35.1541 28.6263 10.307 
11.2194 13.8421 35.8665 28.9184 10.1535 
10.5589 14.916 34.6845 29.8145 10.026 
10.8498 14.6198 34.0531 30.5571 9.92016 
11.8107 16.0056 33.6027 28.7297 9.85138 
12.1069 14.5919 33.3388 30.1271 9.83525 
11.0162 13.9957 36.1483 28.9593 9.88041 
12.303 14.562 35.3818 27.3002 10.453 
12.5548 14.9104 34.9934 27.1378 10.4036 
14.1087 16.3407 31.9545 27.2737 10.3223 
14.9779 15.1376 33.7368 26.0686 10.0792 
14.3009 15.1982 33.2172 27.3395 9.94422 
14.963 15.8377 32.5177 26.7379 9.9437 
14.8585 14.6129 32.6523 27.9864 9.88988 
16.0314 15.2365 32.3208 26.4932 9.91806 
15.9703 15.7149 33.0638 25.3205 9.93062 
15.5248 15.0003 34.2568 25.3586 9.85949 
16.0042 14.5056 32.6504 26.965 9.8748 
16.2894 13.7445 34.9716 25.0847 9.90978 
16.7384 13.9035 34.6733 24.7819 9.9028 
16.5865 13.637 34.4676 25.4829 9.82605 
15.2297 14.622 34.5748 25.7472 9.82632 
15.4496 14.1486 34.6663 25.8366 9.89892 
15.6052 14.8189 33.5016 26.2335 9.84076 
15.7756 13.3554 34.1833 26.7654 9.92038 
16.4138 13.6141 33.9991 26.0995 9.87349 
15.8671 13.7708 34.9661 25.5846 9.81139 
14.2919 14.9779 36.2692 24.642 9.81899 
16.2238 14.9817 34.9934 23.9925 9.80863 
16.304 14.1293 34.7283 24.9906 9.84782 
16.4622 14.2669 33.8462 25.5147 9.91006 
15.4583 14.2131 33.7372 26.7691 9.82229 
15.3006 13.3923 34.44 26.956 9.91114 
15.2217 11.6961 34.6486 28.478 9.95557 
15.6947 13.1834 32.5938 28.6103 9.91791 
16.8412 12.5368 33.5225 27.2624 9.837 
16.6318 12.1335 34.0633 27.2676 9.90384 
17.2602 11.6386 35.2135 25.9505 9.93726 
18.5451 11.91 32.9042 26.7146 9.92614 
17.6796 11.8547 32.9713 27.6641 9.83032 
16.3111 12.8239 34.4454 26.6194 9.80022 
17.2596 12.1923 33.4077 27.327 9.8134 
17.3507 12.0554 33.5643 27.181 9.84856 
19.5728 10.9957 33.6091 25.9302 9.89223 
19.3734 10.9551 35.5361 24.322 9.81337 
18.0682 11.5469 36.2652 24.2998 9.81998 
19.269 11.3104 34.7433 24.7338 9.94355 
19.369 11.2599 34.3333 25.1987 9.83903 
20.2815 11.6001 34.4801 23.7934 9.84489 
19.6082 11.1255 35.4353 24.0269 9.8041 
19.8041 11.1012 35.1023 24.1673 9.82513 
20.8488 10.4323 33.8233 25.1014 9.79422 
20.8819 11.7521 32.4345 25.1324 9.79907 
19.7503 11.7319 33.935 24.7284 9.85449 
19.6882 11.3177 34.5687 24.5137 9.91167 
17.9038 11.4797 33.8515 26.8837 9.88121 
19.1653 12.2947 32.0172 26.7041 9.81865 
17.5115 14.238 31.7044 26.7824 9.7637 
17.9021 13.369 33.5351 25.4339 9.7599 
19.0111 11.9398 31.7826 27.4317 9.8349 
19.4112 11.1586 32.4007 27.2378 9.79167 
17.6495 11.4983 33.8016 27.1703 9.88026 
16.1229 11.4945 34.9132 27.5603 9.90907 
16.9222 10.8105 34.2288 28.1789 9.8596 
17.35 12.0719 34.2572 26.4704 9.85043 
17.721 11.4636 34.2339 26.722 9.85943 
16.8543 10.9042 34.6718 27.7811 9.78865 
17.3056 10.5923 34.7814 27.4419 9.87875 
18.2801 10.4204 34.4714 26.9197 9.90832 
20.0672 10.1771 33.1298 26.7049 9.92105 
19.8375 10.3173 34.3753 25.6074 9.86248 
21.7777 10.1266 34.1748 24.0216 9.89919 
21.3727 10.0633 34.1842 24.4302 9.9496 
21.7791 10.1641 34.3106 23.8045 9.94169 
22.4812 9.92634 35.3214 22.4559 9.81513 
22.574 10.2965 35.994 21.2279 9.90757 
22.3238 12.6733 33.2144 21.9852 9.80328 
22.713 11.7822 32.4488 23.2038 9.85214 
20.6092 12.1189 33.6621 23.7016 9.90827 
21.079 10.9416 34.5078 23.6353 9.83629 
20.8044 10.7688 33.8102 24.7316 9.88503 
20.369 11.0322 34.5131 24.1598 9.92591 
21.4521 10.4457 32.7495 25.4602 9.89253 
19.9064 10.1409 32.2764 27.8121 9.8643 
19.2722 11.3428 33.1633 26.4508 9.77086 
20.3853 10.7203 34.1712 24.9518 9.77142 
23.4377 10.327 33.1452 23.2375 9.8526 
22.3855 10.4968 34.2393 22.9521 9.9263 
22.8207 10.2318 34.5615 22.4395 9.94654 
23.8297 10.9224 32.6033 22.6714 9.97327 
26.0042 10.444 33.4838 20.0986 9.96945 
26.6385 10.1042 32.7352 20.6553 9.86688 
26.641 9.89637 32.6306 21.0543 9.77773 
27.3408 9.84683 33.3761 19.6488 9.78751 
27.9561 9.80146 33.587 18.8836 9.77181 
26.6899 9.81599 35.0986 18.5944 9.80116 
27.4128 9.99274 32.4645 20.3141 9.81583 
26.3004 9.88359 35.5932 18.4277 9.79513 
24.8056 10.1783 36.0398 19.1801 9.79622 
26.0531 10.4572 34.7377 18.9459 9.80608 
27.3358 10.1628 33.8162 18.8479 9.83725 
27.9776 9.96357 34.7532 17.5048 9.80078 
28.0211 9.98178 33.9895 18.1072 9.90039 
27.5053 11.2193 32.9117 18.5692 9.79449 
26.0303 10.5918 33.5377 19.9607 9.87945 
29.4535 10.2617 35.262 15.1174 9.90548 
30.2496 10.1962 34.1343 15.5652 9.8547 
30.9521 9.95421 35.4125 13.8977 9.78347 
30.4207 9.95866 36.7099 13.0374 9.87328 
30.9543 9.82362 35.31 14.1312 9.78093 
31.2764 9.74452 35.4989 13.757 9.72318 
29.8076 10.4097 34.6875 15.3476 9.74758 
28.4217 10.0909 34.4447 17.2829 9.75979 
29.2928 9.96346 32.9601 17.9857 9.79793 
31.3131 9.89401 34.0239 14.9578 9.81124 
30.7301 9.91024 36.4972 12.9936 9.86886 
31.6479 10.5472 34.696 13.2402 9.86864 
33.4603 10.1827 34.2571 12.2565 9.84341 
33.5122 9.93564 35.1216 11.6646 9.766 
33.3066 9.84587 35.3308 11.7556 9.76105 
33.8947 9.92294 34.562 11.7399 9.88052 
35.4848 9.89344 33.9477 10.8019 9.87223 
35.7139 9.92893 33.5219 10.917 9.91832 
34.6301 9.91654 32.8951 12.647 9.91124 
34.6032 9.87352 33.0577 12.5947 9.87087 
34.7737 9.76948 34.5586 11.1301 9.76815 
34.7639 9.80277 33.017 12.6142 9.80211 
33.0282 9.83336 34.3656 12.9398 9.83303 
34.3359 9.86717 34.5096 11.4204 9.86701 
32.9487 9.91698 34.5305 12.6869 9.91689 
34.4145 9.94188 33.3782 12.3235 9.94184 
31.2635 9.99102 37.5726 11.3826 9.79019 
31.2162 10.1903 35.9941 12.8342 9.76523 
31.2747 10.5952 34.1637 14.0838 9.88261 
32.1937 10.2645 34.466 13.1677 9.90819 
33.0968 10.1322 33.733 13.0839 9.9541 
32.7249 9.89805 35.3539 12.2142 9.80898 
33.0918 9.83624 36.286 10.9943 9.79171 
34.7578 9.88501 35.0304 10.464 9.86274 
34.1634 10.0662 35.0064 10.8857 9.87837 
33.7483 9.88746 35.788 10.7827 9.79355 
33.4326 9.81386 34.7771 12.2095 9.76691 
32.3929 9.85742 35.0453 12.8704 9.83395 
32.4216 9.8956 34.2445 13.5544 9.88386 
31.7952 9.81793 33.843 14.7318 9.81206 
32.9189 9.8735 34.2974 13.0396 9.87057 
31.6352 9.88883 34.7206 13.8681 9.88736 
32.6493 9.89491 33.3669 14.1948 9.89418 
30.908 9.80857 33.6973 15.7779 9.8082 
30.9054 9.76539 33.6889 15.8751 9.76521 
32.5345 9.8649 33.9263 13.8094 9.86481 
31.7901 9.83441 34.4468 14.0943 9.83437 
32.2912 9.78734 34.1065 14.0276 9.78731 
30.5247 9.79563 33.7199 16.1642 9.79562 
32.0877 9.81845 33.6854 14.59 9.81844 
31.8503 9.90922 33.4556 14.8757 9.90922 
30.7944 9.85657 33.7213 15.7712 9.85657 
30.4849 9.84057 33.8782 15.9558 9.84057 
30.5651 9.92028 33.7133 15.8811 9.92028 
30.8054 9.8621 33.8501 15.6203 9.8621 
31.8958 9.79216 33.7653 14.7546 9.79216 
33.78 9.79119 34.3652 12.2724 9.79119 
33.8784 10.1079 35.3293 10.9625 9.72185 
33.659 9.99028 34.7029 11.8507 9.79723 
33.4353 9.92215 35.5996 11.2173 9.82562 
31.8054 10.3997 36.3963 11.5736 9.82509 
32.4611 10.3946 34.7566 12.605 9.78268 
33.5639 10.1973 34.045 12.3025 9.89134 
32.3338 9.94816 35.5844 12.3385 9.79517 
31.7329 10.0055 32.2576 16.2322 9.7718 
30.0144 9.98669 32.206 17.9232 9.86982 
28.0944 9.85911 34.2238 18.022 9.80068 
29.8006 9.89531 33.5502 16.8877 9.86609 
30.4003 9.94766 33.1085 16.6105 9.93305 
30.7054 9.85188 34.15 15.4481 9.84457 
31.4183 9.84397 33.4685 15.429 9.84032 
31.992 9.8562 33.0171 15.2803 9.85437 
32.8345 9.91092 33.3471 13.9975 9.91 
33.753 10.0649 34.0093 12.2907 9.88201 
33.0786 9.91052 34.4262 12.7656 9.81905 
32.3726 9.95526 34.7131 13.0495 9.90953 
31.3961 9.87274 36.5873 12.294 9.84987 
31.7997 9.85162 36.7682 11.7402 9.84019 
31.7729 9.84645 35.3682 13.1717 9.84073 
31.2198 9.92322 33.8508 15.0858 9.92036 
31.0084 9.85292 33.7732 15.5139 9.85149 
30.6358 9.86067 33.6629 15.9807 9.85995 
31.5809 9.77462 34.6515 14.2187 9.77427 
33.0036 9.80535 33.7192 13.6667 9.80517 
32.3468 9.83225 34.4652 13.5235 9.83216 
33.6824 9.78977 35.1027 11.6354 9.78973 
33.3975 9.86177 36.0944 10.7846 9.86175 
31.8503 11.8332 34.2088 12.2947 9.81303 
32.021 10.8824 33.3715 13.8528 9.87227 
33.394 10.8175 34.2485 11.7651 9.77484 
32.9909 10.3608 33.7377 13.0711 9.8395 
31.3822 10.0348 33.2119 15.597 9.77412 
30.6743 9.89955 33.441 16.216 9.76921 
30.7088 9.84842 33.2745 16.385 9.78326 
30.739 10.2754 33.1924 16.052 9.74113 
30.9355 10.0119 33.2629 16.0449 9.74478 
32.0736 9.93296 35.2446 12.9495 9.7994 
29.8776 10.1568 36.1344 14.0872 9.74399 
30.0662 10.0147 34.9462 15.1646 9.8083 
29.3664 10.0074 33.6398 17.0823 9.90415 
30.5248 9.95417 33.4865 16.1319 9.90257 
29.5481 9.90906 33.0698 17.5898 9.88326 
29.47 9.85318 33.9336 16.903 9.84028 
31.5619 9.89454 33.1527 15.5028 9.88809 
30.5608 9.82148 31.9851 17.8143 9.81826 
28.3161 9.91074 33.6711 18.1929 9.90913 
27.1545 10.0095 33.9836 19.0242 9.82821 
27.4209 9.89075 34.0928 18.7955 9.8001 
28.9928 9.92877 34.3221 16.8728 9.88344 
30.0673 9.98168 34.4621 15.7029 9.78601 
28.4536 10.6185 37.7938 13.2627 9.87136 
28.5601 10.3093 35.7302 15.4647 9.93568 
20 20 20 20 20 
18.9691 22.7835 20 20 18.2474 
15.7209 22.5515 22.035 22.4726 17.22 
13.9177 22.289 25.4448 21.809 16.5395 
12.9896 22.219 27.0864 22.308 15.3969 
12.2419 23.8681 27.2214 22.0735 14.595 
13.2963 22.4124 27.1642 23.793 13.334 
12.3086 22.2911 27.9689 23.4531 13.9783 
12.1639 22.0831 26.6046 25.7891 13.3593 
11.5193 21.5616 29.378 25.3059 12.2352 
10.7483 23.2525 27.8409 25.8049 12.3534 
10.433 21.5086 32.0381 23.8436 12.1767 
11.0333 22.0167 29.2616 26.1545 11.5339 
12.2766 20.5654 31.1809 24.1495 11.8276 
11.9122 18.3908 32.1752 26.2025 11.3192 
12.5384 18.0562 31.5307 27.2785 10.5963 
11.7216 18.0768 33.1667 26.5163 10.5186 
11.7145 19.8921 31.8273 26.063 10.5032 
11.1204 20.1135 31.4639 27.1463 10.1559 
12.1234 20.0806 32.319 25.5063 9.97055 
11.2627 18.4327 33.4172 26.9376 9.94981 
11.6409 17.75 34.2567 25.8486 10.5038 
10.8573 18.703 31.379 28.6491 10.4116 
10.6267 18.1386 32.6449 28.4335 10.1563 
10.4383 19.0693 32.1975 27.2167 11.0781 
10.8144 18.8204 32.1702 27.5369 10.6581 
11.1954 19.2624 33.4496 25.5911 10.5015 
11.6736 18.8717 33.94 25.3272 10.1874 
12.4793 18.8561 31.342 27.2771 10.0454 
12.7671 18.3054 31.0757 27.8683 9.98354 
11.4204 19.3492 32.4912 26.342 10.3972 
10.6002 18.8433 32.138 28.3299 10.0886 
11.1754 19.1339 33.0954 26.635 9.96035 
11.8537 18.7741 33.0439 26.361 9.96739 
12.0826 18.181 32.728 27.1252 9.88319 
11.8703 17.3807 33.0738 27.8113 9.86388 
11.7862 16.4031 33.1593 27.7354 10.916 
11.4627 17.9484 32.1492 28.0449 10.3947 
12.1384 17.3913 31.5269 28.8466 10.0968 
12.6137 16.0255 33.9572 27.1196 10.284 
13.3982 15.8252 33.4449 27.2617 10.0699 
13.1978 15.7376 33.566 27.5566 9.94211 
14.1177 14.3851 34.5775 27.0615 9.85827 
12.8233 14.0848 35.0832 28.1924 9.81635 
14.3543 14.0736 34.9895 26.7264 9.85609 
13.7735 12.7096 35.8325 27.3474 10.337 
12.3534 12.6215 35.6496 29.2737 10.1018 
12.322 13.1543 35.7019 28.8827 9.93919 
12.593 14.1014 34.9626 28.3976 9.94532 
12.753 15.4591 35.0489 26.6613 10.0778 
13.6681 16.7139 34.3213 24.3983 10.8983 
13.7785 17.9529 32.8172 25.078 10.3734 
13.6668 17.9279 32.0096 25.9661 10.4297 
14.251 18.9914 32.2136 24.3841 10.1599 
14.6464 19.3843 31.4271 23.8912 10.651 
14.2381 18.4687 31.671 24.7116 10.9106 
15.1243 16.8459 32.1085 25.0854 10.8359 
14.6466 16.4611 34.7191 23.8506 10.3226 
17.0566 15.5639 33.6262 23.6586 10.0946 
18.8976 14.4581 32.7222 23.9032 10.0189 
17.7165 13.5283 33.4215 25.3374 9.99633 
17.3718 12.8452 33.7378 26.0471 9.99816 
18.713 12.5202 32.4515 26.3027 10.0126 
17.8496 13.1094 32.8011 26.302 9.93782 
17.2121 13.8751 32.5608 26.4107 9.94129 
15.1047 13.4362 32.726 28.8552 9.87781 
15.318 11.759 33.9379 29.1415 9.84353 
15.5181 11.164 36.0747 27.4434 9.79982 
15.4295 11.832 35.9351 26.3637 10.4397 
15.5605 11.5011 36.3186 26.4797 10.1401 
15.9263 12.3517 36.2773 25.459 9.98576 
15.9302 13.3187 35.309 25.5042 9.93793 
15.4031 14.9238 34.5966 25.1488 9.92764 
14.1857 14.0901 34.013 27.8482 9.86296 
13.4329 13.9615 33.5771 29.1979 9.83061 
13.4017 13.9445 32.9445 29.9193 9.78996 
11.8733 12.432 34.001 31.9137 9.78004 
12.0591 13.7962 33.4728 30.6799 9.99206 
13.5432 13.8653 33.4031 29.2744 9.91406 
15.3186 14.3401 32.3711 28.0275 9.94279 
15.6593 14.247 34.4932 25.7061 9.89447 
16.9206 12.8053 34.5762 25.7792 9.91883 
15.7637 14.4083 34.142 25.8109 9.87514 
16.6878 13.7713 32.5934 27.0846 9.86294 
15.8 13.9032 33.6944 26.7002 9.90223 
16.0921 14.155 33.2314 26.6269 9.89462 
16.0402 12.8914 34.3482 26.8309 9.88917 
17.6743 12.0653 33.8888 26.5278 9.84372 
18.4468 13.5402 33.4609 24.6753 9.87682 
19.8941 13.1725 34.4134 22.7035 9.81646 
21.2764 13.0817 32.9167 22.8321 9.89312 
23.0992 12.3041 33.125 21.5407 9.93098 
21.9542 11.6434 34.1926 22.331 9.87879 
20.2525 11.7637 34.3427 23.7742 9.86693 
20.0047 12.1129 34.4966 23.5892 9.79669 
21.3726 12.4704 34.0121 22.2902 9.85461 
22.3382 12.2824 33.5252 22.0596 9.79456 
22.6149 11.2617 34.6843 21.572 9.86716 
23.6604 11.6603 34.1069 20.6389 9.93358 
22.2847 11.8907 34.0231 21.8346 9.96679 
22.5882 10.9152 34.9332 21.6101 9.95327 
22.6234 10.5936 36.4999 20.3217 9.96153 
22.6212 11.5468 34.7678 21.0239 10.0403 
24.369 10.7562 33.3633 21.5085 10.003 
26.2871 11.3076 33.8291 18.6068 9.96943 
25.8708 11.4114 33.7327 19.0004 9.98472 
24.8689 12.3522 33.1806 19.621 9.97725 
25.7785 11.8031 32.989 19.4568 9.97255 
25.4295 11.8501 33.5363 19.2139 9.9702 
23.3943 11.7503 35.0529 19.963 9.83947 
25.7099 11.2892 34.7239 18.421 9.85604 
26.1773 11.0722 31.8356 21.0526 9.86223 
26.8427 10.7141 34.3644 18.2933 9.78548 
26.5055 11.1203 34.4719 18.0251 9.87717 
26.436 10.7048 34.5993 18.3373 9.92251 
27.0318 11.3584 33.0654 18.6281 9.91621 
25.3456 11.5152 33.8829 19.4087 9.84769 
25.8389 10.6165 34.9665 18.7953 9.78278 
25.2248 12.3176 33.0596 19.5222 9.87581 
24.1749 11.6276 32.7798 21.4799 9.93791 
23.3252 11.1884 33.6537 21.9777 9.85495 
22.3769 11.4948 34.684 21.5479 9.89642 
23.6514 11.237 34.4043 20.863 9.84435 
23.9103 10.6034 33.8185 21.7608 9.90707 
23.1827 10.2418 33.8254 22.8564 9.89365 
21.9139 10.1209 32.7192 25.2992 9.94683 
21.2309 11.3961 31.2568 26.177 9.93917 
20.1864 11.3086 33.7802 24.8047 9.92008 
21.065 11.4537 32.4074 25.255 9.81897 
20.6302 10.7757 32.9789 25.8197 9.79548 
19.9424 10.5121 33.8808 25.798 9.86668 
20.0372 11.0316 32.1219 26.9254 9.88384 
20.9898 10.3719 33.6868 25.1534 9.79803 
19.0195 10.2679 34.3844 26.5111 9.81705 
19.5726 10.0082 34.3306 26.3059 9.78274 
21.0491 9.95289 35.254 23.9038 9.84017 
22.1598 9.85066 34.6081 23.5871 9.7943 
23.2949 9.81132 33.5907 23.5199 9.78314 
22.3254 9.82092 34.592 23.4549 9.80683 
22.6143 9.91046 33.2637 24.3081 9.90341 
23.5221 9.84122 33.0814 23.7176 9.8377 
22.7323 9.77673 34.7062 23.0099 9.77497 
23.6557 9.93887 34.5248 22.111 9.76964 
23.868 9.81893 33.1487 23.4301 9.73432 
24.8206 9.89228 31.8664 23.5707 9.84998 
27.7533 10.1808 33.8033 18.4641 9.79863 
27.6924 10.0246 33.6779 18.7715 9.83353 
28.2757 9.87808 33.1141 18.9495 9.78254 
28.0077 9.90479 32.9954 19.235 9.85702 
27.991 9.93632 33.5395 18.6207 9.91243 
28.0778 9.87322 33.7001 18.4876 9.86128 
28.5126 9.87082 32.804 18.9477 9.86485 
27.2071 9.85344 34.1069 18.9821 9.85046 
27.4193 9.86093 33.1719 19.6884 9.85944 
28.3355 9.86244 33.5927 18.3476 9.86169 
27.8041 9.82632 34.9782 17.5654 9.82595 
26.9935 9.80275 34.2083 19.1928 9.80257 
27.8803 9.86713 32.5151 19.8704 9.86704 
26.2013 9.86987 33.7735 20.2855 9.86982 
27.8548 9.85297 34.0999 18.3395 9.85294 
26.3864 9.84452 33.1155 20.8091 9.84451 
28.9123 9.77176 33.4474 18.0968 9.77175 
29.0979 9.8703 34.0134 17.1481 9.8703 
30.3116 9.85041 34.1253 15.8622 9.8504 
28.7613 9.85718 33.8994 17.625 9.85717 
30.1149 10.1733 33.5581 16.33 9.82369 
31.3074 10.0867 34.4576 14.2364 9.91185 
30.1232 10.0273 32.6629 17.2468 9.93985 
28.6237 9.91559 33.9785 17.6103 9.87188 
27.9336 9.92574 33.3354 18.9013 9.90389 
24.9145 9.86483 32.354 23.0128 9.85391 
23.4096 9.85305 33.3198 23.5699 9.84759 
23.1666 9.90991 32.6068 24.4095 9.90718 
23.0528 10.8689 31.8948 24.3911 9.7923 
22.8817 10.5627 31.6983 25.0161 9.84121 
22.5096 10.434 33.4064 23.7676 9.88243 
23.4169 10.1157 33.0883 23.5392 9.83987 
27.0254 9.9874 33.2695 19.8682 9.84951 
26.961 9.9937 33.8761 19.2444 9.92476 
28.6373 9.8749 34.8823 16.7651 9.84043 
28.7881 9.92137 32.0714 19.315 9.90414 
27.3025 9.86265 32.3756 20.6052 9.85403 
25.6114 10.0808 32.1346 22.2627 9.9104 
24.4376 10.4224 33.9493 21.3744 9.81631 
26.3345 10.1432 32.6209 21.0614 9.84013 
26.4514 10.0531 33.6536 19.9403 9.90161 
28.9253 9.97537 34.7449 16.4548 9.89961 
28.1435 9.87368 34.4734 17.6736 9.8358 
28.3574 9.92023 34.0141 17.8069 9.90129 
29.6426 9.94293 34.8765 15.6045 9.93346 
30.1134 9.95428 33.2458 16.737 9.94955 
