5 80000 300 266
20 20 20 20 20 
20.2399 20.0554 22.0849 19.9631 17.6568 
23.4128 19.9467 22.0411 18.4836 16.1159 
22.4441 19.5635 22.9878 20.3074 14.6973 
20.7366 22.6944 21.4939 19.9595 15.1156 
18.934 22.901 23.2967 20.0395 14.8287 
17.2983 20.4866 26.307 18.9555 16.9525 
17.5814 23.077 25.1658 19.95 14.2257 
16.6032 22.8927 26.8537 20.3917 13.2587 
15.7506 23.2831 27.5085 21.5224 11.9355 
14.0805 22.0234 29.0287 22.6944 12.173 
12.2795 21.7178 29.3207 23.6479 13.0341 
12.4603 23.1614 28.4301 22.5463 13.4019 
12.3747 23.6289 27.5886 24.6466 11.7612 
11.7046 24.5731 27.8173 23.3578 12.5473 
10.774 24.8145 26.7722 24.9899 12.6495 
10.8894 22.2159 27.2617 27.0882 12.5448 
10.4775 20.5171 28.4011 28.0955 12.5087 
10.1799 21.435 28.9064 27.3419 12.1367 
10.0325 21.8669 28.0164 27.6939 12.3902 
9.95046 20.144 29.5784 29.1978 11.1293 
9.87272 20.3226 29.9373 28.0386 11.8289 
9.93636 21.7522 29.1732 28.2238 10.9144 
11.0288 20.4332 29.8547 27.5152 11.1682 
11.0324 21.4779 30.3553 25.3567 11.7778 
12.555 20.0836 30.833 24.9356 11.5928 
13.2705 20.881 28.8197 25.9876 11.0411 
11.587 20.3439 27.5741 28.4528 12.0423 
11.3362 19.6408 29.4915 26.813 12.7186 
10.6432 19.6462 29.5467 28.3319 11.8319 
11.0164 19.6181 29.5797 27.7195 12.0663 
10.9694 19.1537 30.8093 27.5733 11.4943 
11.3222 19.856 30.3793 27.1115 11.3309 
12.1777 18.4588 29.4076 27.5368 12.419 
12.0329 17.0383 32.3029 27.2882 11.3377 
12.0117 16.4328 33.0579 27.4331 11.0645 
12.9183 16.0505 32.7732 27.311 10.947 
12.8601 17.3248 31.3624 27.5444 10.9083 
11.3441 19.4732 30.3004 28.5142 10.3682 
10.6146 19.7366 30.0927 28.51 11.0461 
11.5721 18.0243 31.4766 27.0209 11.9061 
11.9399 17.4737 30.2255 29.2797 11.0812 
11.7039 20.0901 29.5623 27.0252 11.6186 
11.1151 22.1264 31.5276 24.0389 11.1921 
10.7634 21.7169 30.4127 25.4577 11.6493 
10.3454 22.2386 29.4921 27.1356 10.7883 
10.6453 21.0696 30.2933 27.6225 10.3693 
10.2222 21.3388 29.0914 29.1379 10.2098 
12.9613 20.2105 28.0723 27.7332 11.0228 
12.9483 21.6724 27.9665 26.9263 10.4865 
12.4998 20.708 28.3422 28.2067 10.2433 
13.4121 21.8405 26.3333 26.9412 11.473 
11.8373 20.7054 26.1738 30.6544 10.6291 
11.7326 20.6886 26.782 28.7639 12.0329 
11.3675 18.6573 29.5279 28.1961 12.2512 
11.0236 19.4015 31.0261 27.4476 11.1013 
10.4515 20.0622 29.9709 29.025 10.4904 
11.5078 19.0054 29.6008 29.6407 10.2452 
11.538 17.3433 31.6385 29.3448 10.1355 
11.0908 17.2113 32.7747 28.9051 10.0182 
13.3935 16.8335 30.6911 29.1361 9.94582 
12.9921 18.7073 30.1155 28.2484 9.93659 
12.2175 19.5527 30.2319 26.9352 11.0628 
13.55 17.6092 31.6956 26.3919 10.7533 
12.9733 17.8955 31.137 27.6587 10.3353 
14.8405 18.5301 28.9592 27.3429 10.3274 
15.3503 17.5984 29.3989 27.3811 10.2712 
14.6726 16.1783 30.73 28.3216 10.0974 
15.253 17.2558 28.6983 28.0497 10.7432 
14.9466 16.3202 31.0985 27.3003 10.3344 
14.6911 15.9029 33.1346 26.1173 10.1541 
13.9446 16.8347 32.0495 27.145 10.0263 
14.2667 16.2423 32.7356 26.8351 9.9203 
14.3344 16.1374 31.3135 28.3632 9.85145 
14.2168 15.6405 31.8447 28.4114 9.88656 
14.6681 14.1863 32.2354 29.0598 9.85044 
15.0163 14.6452 32.5239 27.9414 9.87314 
15.6603 13.0291 32.2946 29.1881 9.82787 
15.2028 12.9489 31.6969 30.2777 9.87372 
15.6751 12.5651 32.5623 29.3031 9.89437 
15.6265 13.9459 32.4872 27.9682 9.97231 
15.6345 14.5148 33.562 26.4142 9.87442 
15.8454 14.2997 32.274 27.7142 9.86679 
15.2171 14.7095 30.8585 29.3743 9.84056 
15.3531 13.8765 31.326 29.6328 9.81158 
13.7159 14.1012 33.5001 28.8614 9.82152 
14.6927 14.3155 30.5677 30.5275 9.89652 
16.3649 14.9827 29.8727 28.9242 9.85542 
14.5683 14.9642 30.4255 30.223 9.81901 
15.0967 15.4366 31.1218 28.4638 9.8811 
16.2378 15.5531 29.6635 28.6193 9.9263 
15.2414 14.1868 34.205 26.4179 9.94891 
14.7052 14.3141 33.1788 27.9229 9.87909 
14.9328 13.571 33.9363 27.6641 9.89581 
15.8735 14.8976 32.6024 26.8114 9.81516 
15.3772 12.9548 33.1167 28.7331 9.8183 
16.1434 13.9118 33.3222 26.7572 9.86542 
16.335 15.9195 32.2073 25.7035 9.83467 
17.8114 15.3781 31.0888 25.9081 9.81348 
17.6285 18.1252 26.4478 27.7516 10.0469 
16.9503 18.5301 27.1292 27.4853 9.90512 
16.1563 16.5114 29.0719 27.6557 10.6047 
17.6461 14.1199 31.0483 26.9451 10.2406 
16.7409 13.9514 32.9728 26.0825 10.2523 
17.3941 12.8929 33.7941 25.9111 10.0078 
18.3124 13.8429 33.9089 24.0502 9.88556 
19.4737 12.3183 34.7322 23.6124 9.86341 
18.6224 12.7856 35.7396 22.6496 10.2028 
20.3731 12.145 34.389 23.1242 9.96865 
20.6343 13.2367 31.5228 24.6964 9.9097 
20.9681 12.2396 32.9212 24.0346 9.83651 
20.987 13.0725 31.9931 24.1475 9.79991 
21.3167 14.4631 31.5453 22.8969 9.778 
20.6897 13.3444 33.0141 22.7337 10.2182 
20.0463 13.3886 33.2234 23.3072 10.0345 
21.4724 13.7958 31.6842 23.1029 9.94476 
22.2747 13.0517 33.0729 21.7053 9.89546 
22.501 12.6947 31.9585 23.028 9.81786 
22.4813 12.5012 31.6716 23.514 9.83201 
24.7147 13.3935 28.1734 23.9323 9.78613 
23.3983 11.9018 30.9637 23.9535 9.78266 
21.2386 14.1746 31.1068 23.6544 9.82554 
21.1804 12.3678 33.7052 22.8833 9.86326 
20.6215 12.14 34.2507 23.1971 9.79057 
20.4374 12.0827 35.0051 22.6745 9.80035 
22.9738 10.9733 32.6386 23.5822 9.83215 
22.7048 11.5764 32.8257 23.009 9.88402 
21.5164 10.7062 34.2817 23.6357 9.86004 
23.9629 10.2493 32.8679 23.0938 9.82616 
23.2271 11.353 32.6969 22.9656 9.75737 
23.8685 10.5785 31.3811 24.3913 9.78065 
22.8175 11.4407 30.8325 25.1294 9.77991 
21.8899 10.7031 33.2857 24.2485 9.87277 
20.7887 11.1328 32.7366 25.4055 9.93639 
21.8697 10.4844 31.7781 25.9815 9.88623 
23.1144 11.1717 29.8314 25.9715 9.91106 
24.5442 10.943 30.0131 24.6741 9.82566 
23.8883 12.3739 29.4847 24.4582 9.79499 
23.3776 12.8422 28.0529 25.881 9.8463 
23.1308 11.907 29.5437 25.6364 9.78208 
20.6563 10.8236 31.3303 27.4286 9.76117 
20.4921 10.6577 30.4192 28.6323 9.79862 
22.6206 10.68 28.0859 28.8647 9.74881 
21.8545 10.272 30.1994 27.8677 9.80638 
20.1033 10.9412 31.3918 27.7915 9.7721 
21.3321 10.3487 30.9398 27.6153 9.7641 
23.5325 10.7118 28.6621 27.3256 9.76804 
20.5023 11.3039 30.8738 27.6033 9.71674 
21.7896 11.8058 28.5138 28.0324 9.85837 
22.3835 10.9191 29.3055 27.6084 9.78355 
19.0776 10.6609 30.5923 29.9116 9.75755 
18.6768 10.3304 31.6755 29.4386 9.87877 
18.3127 11.896 30.5813 29.3026 9.90734 
17.8443 10.9125 31.9573 29.3676 9.91821 
18.045 10.8949 31.2418 29.947 9.87138 
22.7211 10.4132 28.2921 28.6721 9.90145 
20.6138 10.5637 30.8669 28.1348 9.82085 
20.9966 10.2819 31.4679 27.3432 9.91043 
19.2406 10.509 33.0652 27.3219 9.86319 
20.8948 10.3199 31.2385 27.7133 9.83356 
21.2113 11.0627 30.897 27.0511 9.77789 
21.5117 10.5649 31.0525 27.1161 9.75472 
24.4237 10.2998 28.6751 26.8799 9.72165 
24.8472 10.565 29.861 24.9923 9.73447 
21.3842 10.1212 31.2387 27.5499 9.70594 
23.7129 9.92173 29.6819 26.9694 9.71408 
21.7902 10.59 31.2317 26.5642 9.82393 
21.1469 10.1511 31.9827 26.9511 9.76808 
19.7097 10.3912 31.7721 28.2596 9.86743 
19.5771 10.0567 33.5944 26.977 9.79483 
19.8895 9.9105 33.6322 26.7882 9.77957 
19.1462 9.81636 32.2675 29.0191 9.75089 
20.0108 9.79034 32.6321 27.8092 9.7576 
21.7295 9.89517 30.7988 27.6977 9.8788 
22.1661 10.5983 31.1528 26.1776 9.90515 
21.667 10.2261 30.7224 27.5049 9.87958 
19.536 10.0181 32.9245 27.6765 9.84486 
20.8241 10.2896 31.8088 27.2046 9.87292 
21.619 10.1448 31.2492 27.0506 9.93646 
18.9727 10.1744 32.6314 28.3212 9.9002 
20.7877 10.7379 30.3568 28.2017 9.91586 
19.2865 12.0804 30.2791 28.5304 9.8237 
17.7134 10.9525 31.1044 30.4055 9.82413 
18.8229 10.7127 30.2482 30.4055 9.81071 
17.9439 10.9878 30.3118 30.9024 9.85416 
17.6992 10.403 31.8832 30.1785 9.83617 
17.8073 10.0875 31.7396 30.5615 9.80408 
18.0972 10.8502 30.8698 30.2808 9.90204 
18.1865 10.4251 31.297 30.1404 9.95102 
17.8104 10.8047 31.2735 30.2018 9.90972 
18.9984 11.4582 30.6989 28.9208 9.9238 
19.2351 11.8347 30.0359 28.9818 9.9124 
20.9023 10.7785 30.6429 27.859 9.81731 
24.524 10.3561 29.2288 26.0156 9.87554 
23.9396 10.1123 28.9236 27.1525 9.87198 
24.3444 9.90563 30.0136 25.9508 9.78549 
24.144 10.2345 29.9716 25.8275 9.82232 
23.086 11.7606 29.4963 25.8508 9.80627 
25.4965 10.8637 28.3694 25.3839 9.88652 
24.9346 10.2706 29.9553 25.0575 9.78197 
26.7291 10.6722 27.5615 25.2804 9.75676 
25.8207 10.2484 30.0966 24.0437 9.79066 
24.8231 10.8289 29.31 25.2769 9.7611 
25.2687 10.4144 29.655 24.7813 9.88055 
23.5771 11.2678 28.9689 26.3637 9.82243 
22.1457 10.6339 29.1273 28.1819 9.91122 
22.3009 11.8082 28.4233 27.5997 9.86789 
23.0859 10.9041 28.0826 27.9934 9.93394 
22.7886 11.3344 29.7853 26.2804 9.81126 
23.159 10.5115 30.6366 25.943 9.74992 
23.0253 10.828 30.6797 25.6221 9.84484 
22.5296 10.3293 30.9331 26.3704 9.83767 
22.1769 10.3764 31.2646 26.3774 9.80483 
23.1903 10.1245 30.1227 26.7237 9.83872 
22.7253 10.028 29.1025 28.2591 9.88511 
22.6255 10.6454 29.227 27.6108 9.89136 
22.4238 10.2049 30.1017 27.4418 9.82784 
23.9054 10.056 29.6019 26.5692 9.86748 
22.7404 9.99375 29.527 27.8394 9.89949 
22.3243 10.1205 30.3112 27.3473 9.89674 
22.2732 9.98091 29.9175 27.9593 9.86901 
22.0955 9.95621 30.0272 28.0208 9.90026 
23.7718 10.1752 30.605 25.6591 9.78884 
22.9586 10.624 31.0465 25.6323 9.73871 
23.6905 10.7575 30.8698 24.8624 9.81985 
23.0585 10.342 29.7731 26.9532 9.87316 
23.2314 10.1355 31.9078 24.8241 9.90112 
23.8108 9.94582 32.6787 23.7361 9.82861 
23.3025 10.6714 32.332 23.8166 9.87754 
25.1549 10.4452 29.6696 24.8645 9.86578 
23.1206 10.1747 31.9275 24.8923 9.88497 
23.2157 9.98599 33.0245 23.9326 9.84113 
24.1491 9.94349 32.6839 23.3525 9.87106 
25.4766 9.95456 28.8849 25.7656 9.91835 
23.4001 11.0435 29.1483 26.4857 9.92241 
24.0106 10.446 30.862 24.7959 9.88545 
23.9101 10.4611 31.1453 24.6202 9.86336 
21.7153 10.1963 32.8672 25.3238 9.89743 
20.8577 10.0162 31.3516 27.9078 9.86675 
23.1911 9.90319 30.5359 26.5413 9.82848 
22.5633 10.4355 32.526 24.561 9.91424 
22.5544 10.1268 30.4448 27.0078 9.86621 
22.7106 10.1829 32.1166 25.108 9.88191 
23.8138 10.0748 31.6729 24.5141 9.92434 
24.4493 9.95267 30.4127 25.3079 9.87743 
22.6261 9.90334 31.2648 26.3401 9.86572 
20.1093 9.88994 30.1386 29.991 9.87113 
19.9895 11.1339 31.0302 28.0248 9.82156 
22.3235 10.5327 30.9261 26.3412 9.87653 
24.7211 10.8596 29.7003 24.8655 9.85352 
22.617 10.7411 30.4179 26.3522 9.87182 
22.3085 11.3706 30.3756 26.0094 9.93591 
21.8041 10.5589 30.1698 27.6256 9.8416 
20.4765 11.3585 29.5226 28.8584 9.78402 
20.3466 10.5529 29.9237 29.4112 9.76566 
21.4807 10.9302 29.0961 28.6632 9.82983 
21.5317 10.8608 28.9366 28.8999 9.77103 
21.4216 11.9878 28.5666 28.2205 9.80355 
21.2947 10.9209 29.6118 28.3438 9.82878 
21.467 10.3785 30.5436 27.7785 9.83242 
21.6763 10.0714 30.4233 28.0306 9.79837 
21.5648 9.87999 29.9175 28.8942 9.74347 
19.1467 9.77271 31.6874 29.6887 9.70445 
19.8675 9.78831 30.5496 30.0404 9.75419 
18.8153 9.82837 29.9129 31.6321 9.8113 
20.4791 9.91418 31.2065 28.4946 9.90565 
21.5352 9.94048 31.5501 27.038 9.93621 
20 20 20 20 20 
20.1923 20.8654 20.0962 21.0577 17.7885 
21.6622 19.9873 22.1889 19.0777 17.0839 
21.3934 20.024 23.1005 21.241 14.241 
21.1172 19.427 24.4387 22.5949 12.4222 
20.0283 21.3612 25.2876 22.1876 11.1353 
18.4265 21.2256 25.5585 24.2455 10.544 
16.9055 20.8692 27.5228 22.9133 11.7891 
14.8357 23.2006 27.2721 23.7971 10.8945 
13.1574 23.7416 26.7707 25.5851 10.7453 
11.695 21.5219 28.5016 27.7925 10.4889 
10.8034 21.4438 28.2376 28.4337 11.0815 
10.424 22.7755 29.6322 26.6053 10.5631 
10.7308 20.1074 30.0479 28.3137 10.8003 
12.9588 19.049 28.9258 28.7596 10.3067 
11.6047 19.7751 29.0415 29.5279 10.0508 
11.5495 20.1174 29.8081 26.9478 11.5771 
12.4489 17.8641 31.7593 27.1617 10.7659 
14.5391 17.4714 31.2729 26.3898 10.3268 
14.1544 16.975 31.4378 26.5132 10.9196 
14.2031 15.9697 30.6833 28.696 10.4479 
13.2942 17.9619 30.1352 26.848 11.7607 
12.8971 18.8367 29.7311 27.1259 11.4092 
11.3703 19.821 30.0781 27.4332 11.2974 
10.8616 18.7341 30.5684 28.7754 11.0605 
11.3974 20.4649 28.7687 28.9462 10.4228 
11.3084 20.8422 27.1892 30.2048 10.4553 
12.2834 20.6458 27.0778 29.8215 10.1715 
12.2902 21.1118 28.7361 27.3237 10.5382 
12.7179 22.1756 29.6263 25.2816 10.1987 
11.9403 22.5994 30.6271 24.5013 10.3319 
12.071 19.6552 29.1066 28.9615 10.2057 
12.7519 21.3947 28.1105 27.6648 10.078 
13.6063 23.1974 27.4131 25.352 10.4312 
11.9194 23.4592 28.2414 26.1644 10.2156 
11.6528 22.3731 27.9821 27.6862 10.3058 
12.6499 23.5395 26.9322 26.7843 10.0941 
14.5426 23.9225 26.3133 25.1977 10.0239 
14.7944 24.6927 27.1613 22.8998 10.4518 
14.1668 23.629 28.9013 23.0888 10.214 
14.7275 19.9599 31.8692 23.4492 9.99422 
14.1173 20.051 32.1668 23.6914 9.97341 
12.6821 20.6612 32.0981 24.1929 10.3657 
12.0341 19.3653 31.1481 26.7004 10.7521 
12.3277 20.1195 31.5934 25.6075 10.3518 
13.5946 18.2462 32.4214 24.8944 10.8434 
12.1417 16.4865 32.0064 28.9555 10.4098 
11.0091 16.8852 31.3119 29.7864 11.0074 
12.0106 16.7559 32.4029 27.9053 10.9254 
14.6841 15.6318 30.3206 27.5537 11.8098 
14.9562 17.5875 30.7695 25.1982 11.4887 
13.8042 19.3777 30.7132 25.0078 11.0971 
14.0073 18.3731 27.3303 29.4776 10.8117 
13.3812 18.3702 26.1651 30.4276 11.6559 
12.1753 19.7718 29.154 27.2036 11.6953 
11.0999 18.0766 30.2249 29.0052 11.5934 
11.3044 16.7109 29.6905 31.5103 10.7839 
12.6652 18.6152 29.0011 28.7422 10.9764 
11.3077 18.7603 32.6597 26.8089 10.4633 
12.3289 17.0628 34.9697 25.2432 10.3954 
13.2364 16.8441 33.862 25.4008 10.6567 
14.5669 17.0118 32.1874 25.9055 10.3284 
13.2575 14.9994 33.2366 28.4073 10.0993 
12.5188 16.0075 33.2413 28.2089 10.0234 
12.3902 13.9983 34.7406 28.9546 9.91636 
12.4295 14.7298 33.4551 29.4399 9.94571 
13.6268 12.8926 33.3104 30.2978 9.87235 
13.2237 12.8565 32.2962 31.6874 9.93618 
13.6067 11.9982 33.5056 30.9991 9.89037 
13.8114 11.7943 32.1167 32.3459 9.93171 
13.6696 11.9979 34.626 29.8334 9.87302 
14.4961 12.9882 33.9797 28.6264 9.90963 
15.221 13.1157 32.5304 29.1781 9.95481 
14.3309 13.1439 33.6039 28.9708 9.95052 
15.0306 14.1562 34.2177 26.7045 9.89099 
17.4266 14.6225 31.7538 26.2221 9.97508 
15.4172 13.8755 32.3574 28.4742 9.87581 
15.2295 13.4837 33.1703 28.3039 9.81256 
16.1745 12.7201 33.8406 27.1954 10.0693 
17.1909 13.3629 34.2872 24.8022 10.3568 
17.9885 15.7855 31.739 24.3953 10.0917 
17.2808 14.3534 31.4594 25.9617 10.9447 
16.2581 15.6255 32.0732 25.5847 10.4585 
15.8017 16.3805 30.3588 27.2425 10.2165 
15.2042 15.6341 30.6289 28.5089 10.024 
15.7027 15.6383 32.6329 26.126 9.90025 
16.8045 15.8081 31.3302 26.1484 9.9088 
18.8479 14.7286 30.1498 26.4447 9.82905 
18.8606 13.4206 32.5397 25.1942 9.98495 
18.9607 12.9258 32.4301 25.7186 9.96485 
18.3039 13.1474 33.8621 24.624 10.0626 
20.0091 12.1451 33.0739 24.7406 10.0313 
19.2688 13.9745 32.3408 24.3594 10.0565 
17.2237 14.2789 31.9442 26.6142 9.93898 
19.6584 13.8255 29.6349 26.9699 9.91135 
17.8467 13.7641 29.3947 29.0826 9.91194 
17.3761 12.0396 32.8922 27.8651 9.82703 
14.2903 13.1627 34.3733 27.0978 11.076 
14.7475 12.5755 34.8767 27.2916 10.5088 
15.846 12.6766 33.2717 27.9514 10.2544 
17.0534 12.4253 32.7228 27.7438 10.0547 
18.4104 12.0266 33.6579 25.4998 10.4053 
17.6847 10.9841 35.3962 25.7616 10.1734 
18.9813 12.0198 34.6425 24.2697 10.0867 
19.9136 11.1459 33.1823 25.73 10.0282 
17.8672 12.4386 35.0986 24.656 9.93949 
18.7524 11.2042 34.9209 25.1679 9.95464 
18.6299 12.617 33.4306 25.4198 9.90269 
19.2528 11.2775 33.0196 26.5298 9.92029 
18.4836 12.353 33.6527 25.5506 9.96015 
21.6632 11.6797 31.1345 25.6684 9.85429 
22.56 12.9386 29.7648 24.8712 9.86541 
20.1821 11.9589 32.9833 25.0469 9.82885 
22.1499 12.303 32.5211 23.1117 9.91442 
21.5863 11.1231 32.4537 24.9081 9.9288 
22.0835 11.1334 31.4761 25.3573 9.94974 
20.7902 10.7554 31.4613 27.144 9.84908 
19.2636 11.7997 32.5502 26.569 9.81751 
19.6647 10.8341 32.558 27.1003 9.84296 
19.5502 10.9029 34.4608 25.3056 9.78042 
18.413 10.4349 33.1773 28.1013 9.8736 
17.8052 10.1537 34.9007 27.2672 9.8731 
19.7177 9.9358 33.908 26.643 9.79549 
17.7536 11.3824 33.8948 26.9728 9.99643 
18.5542 10.6765 33.3697 27.416 9.98355 
18.6329 10.2462 33.0959 28.1252 9.89975 
17.9102 10.9044 32.1729 29.0626 9.94988 
17.0247 10.3572 33.1751 29.5629 9.88 
17.8184 10.0682 32.5181 29.7657 9.82959 
18.7838 9.89304 32.0898 29.4597 9.77373 
16.0586 10.1846 33.3465 30.6028 9.8075 
17.0797 9.98845 32.2519 30.8801 9.79989 
18.3032 10.6155 31.5106 29.7891 9.7816 
19.6779 10.242 30.5579 29.6972 9.82501 
20.3741 11.1411 29.6602 29.0626 9.762 
24.3175 10.5395 28.8053 26.4878 9.84995 
22.7782 11.3169 31.0693 25.0433 9.79223 
25.2964 10.6254 30.7664 23.4488 9.863 
26.9339 10.2234 29.5201 23.4804 9.84222 
28.3676 10.0786 30.9852 20.6806 9.888 
26.1904 10.9603 30.2952 22.6758 9.87821 
28.5904 10.7517 30.0039 20.7628 9.89118 
29.2323 11.3507 29.7818 19.8154 9.8198 
27.842 10.6754 30.3748 21.198 9.9099 
25.5929 10.2273 32.6953 21.64 9.84454 
23.7762 10.688 32.0571 23.6578 9.82092 
25.6701 10.3119 30.9324 23.2071 9.87841 
25.4179 10.454 29.539 24.683 9.90609 
26.002 10.3629 28.2136 25.4835 9.93794 
24.3646 11.3503 29.0419 25.4041 9.8391 
22.7783 10.642 29.4216 27.2716 9.88644 
22.1467 10.4725 30.0138 27.4237 9.94322 
21.6943 10.465 30.0396 27.9275 9.87357 
23.1805 10.2325 30.6865 25.9638 9.93679 
24.9338 10.0242 30.834 24.3316 9.87637 
25.0949 10.8142 29.9221 24.2818 9.88699 
25.0075 10.5189 31.4147 23.1633 9.89557 
24.2785 10.2083 29.3592 26.2574 9.89659 
23.425 10.1041 29.6796 26.843 9.9483 
24.5111 10.0009 29.3449 26.2201 9.92295 
22.9698 10.1025 29.1282 27.906 9.89345 
22.5426 10.1794 29.3077 28.0556 9.91467 
22.8992 10.0731 29.2718 27.8152 9.94073 
22.2604 10.442 31.3589 26.0697 9.86901 
20.9309 11.0349 33.1213 24.995 9.91789 
21.0424 11.7675 31.785 25.4783 9.9269 
20.2572 11.6593 32.0641 26.1055 9.91394 
22.7566 10.9491 31.5611 24.8275 9.90578 
22.1145 10.3825 30.8112 26.8309 9.86086 
23.2759 10.979 30.8397 24.991 9.91435 
23.4027 10.3338 33.0669 23.3952 9.80147 
24.9271 10.6508 30.8883 23.6331 9.90073 
25.2706 10.2377 30.5319 24.0972 9.86265 
23.0249 10.476 31.8244 24.8733 9.80145 
24.5088 10.1116 30.8941 24.711 9.77437 
25.7883 10.319 33.8681 20.2502 9.7744 
25.7055 10.1417 33.1262 21.1572 9.86941 
24.5584 9.92035 34.2889 21.4481 9.7842 
24.2718 9.94172 32.8271 23.0857 9.87365 
25.0122 9.98758 33.4704 21.7435 9.78632 
26.8609 9.99379 32.7029 20.5492 9.89316 
27.1629 9.92647 30.9641 22.0704 9.87616 
25.2721 9.81935 30.9497 24.1647 9.79419 
25.7771 10.1981 29.4172 24.7426 9.86505 
24.7129 9.99772 29.2356 26.2226 9.83117 
23.2883 9.83757 31.2845 25.8353 9.7543 
22.4801 9.87234 30.6577 27.1592 9.83071 
21.3428 10.5869 30.2261 27.9631 9.88111 
20.7675 10.5819 30.6579 28.0841 9.9085 
21.8946 10.1471 30.0772 28.0708 9.81037 
21.9745 11.569 28.1806 28.3859 9.89008 
22.6894 10.749 28.9839 27.6681 9.90958 
23.1502 10.9301 31.1586 24.9452 9.8159 
25.0751 11.465 29.746 23.8059 9.90795 
24.013 12.2899 29.955 23.8702 9.87201 
24.5065 11.0745 30.2944 24.259 9.86558 
25.1784 11.3196 30.7934 22.8438 9.86476 
25.2172 10.6086 32.2909 22.0021 9.88119 
25.2689 11.0735 31.5301 22.219 9.90854 
24.1006 10.424 32.6823 22.9516 9.84149 
24.4616 10.1765 33.0078 22.4687 9.88528 
24.2746 10.0153 31.6499 24.1906 9.86965 
24.2234 10.3056 32.2157 23.3536 9.90171 
21.9779 10.1695 31.4925 26.5597 9.80035 
21.0529 10.0369 31.0817 27.9763 9.85225 
21.6719 10.2816 29.9371 28.2297 9.87969 
20.0417 10.0144 30.131 29.9993 9.81349 
20.6628 10.5815 31.2817 27.6686 9.80539 
21.5301 10.1804 32.991 25.5062 9.79229 
22.8811 10.039 31.0006 26.2343 9.84495 
22.8499 9.88526 31.9433 25.5333 9.78825 
22.0938 10.3566 32.3729 25.3463 9.83043 
22.7135 10.1783 31.1865 26.0065 9.91521 
23.9884 10.0014 30.8564 25.2839 9.86989 
24.6608 10.0007 29.9282 25.4753 9.93494 
25.1211 9.98375 29.0837 25.8606 9.95086 
23.8509 11.2822 30.3483 24.5432 9.97543 
22.8345 10.5502 31.356 25.3625 9.89681 
24.4331 10.1957 30.7573 24.7447 9.86904 
25.6978 10.0467 29.3718 25.0004 9.88332 
24.5372 10.3805 30.9197 24.3508 9.81179 
24.2686 10.1133 29.7675 26.0216 9.82897 
22.6182 10.5405 30.6902 26.2366 9.91449 
22.6165 10.2173 30.5395 26.7225 9.90424 
22.01 11.9507 30.0066 26.1683 9.8644 
23.5468 10.8249 28.8829 26.9637 9.7817 
24.5063 11.3131 29.193 25.1278 9.85979 
22.4317 10.6565 31.3822 25.5996 9.9299 
23.7986 10.7918 29.4328 26.0448 9.93184 
25.3269 10.3429 30.4408 23.9765 9.91291 
23.1244 10.8452 32.0644 24.045 9.921 
23.2398 10.3568 30.8348 25.6738 9.89471 
21.6513 10.5076 31.8751 26.1598 9.80629 
21.412 10.1398 32.3871 26.2721 9.78914 
23.2452 9.92882 30.1434 26.9291 9.7535 
22.8239 10.6462 31.4678 25.3152 9.74688 
22.5984 10.2384 31.4966 25.8779 9.78869 
23.9637 10.0534 31.5378 24.6166 9.82856 
25.1147 9.93176 29.5347 25.5994 9.81934 
24.6209 10.0452 29.8467 25.6569 9.83031 
23.18 9.91393 31.7712 25.3284 9.80646 
22.8803 10.4408 29.2727 27.5029 9.90323 
24.6605 10.1357 29.2126 26.1243 9.86687 
22.4631 10.5496 30.387 26.6834 9.91682 
24.0605 10.209 28.8448 26.993 9.89262 
24.7262 10.5904 28.6857 26.1924 9.80525 
26.4099 10.1447 28.5569 25.1364 9.75212 
24.433 9.98463 30.7697 25.0243 9.78834 
24.7547 9.88528 30.9812 24.5917 9.78714 
25.2107 9.94264 29.9906 24.9625 9.89357 
26.6404 10.2345 29.2058 24.0602 9.85906 
27.0326 9.96674 29.4859 23.7358 9.77903 
26.7151 9.95231 29.3392 24.135 9.85846 
29.1938 9.95836 28.9045 22.0319 9.91144 
30.2432 9.91115 30.7788 19.1792 9.88769 
28.8921 9.87361 29.1599 22.2126 9.86188 
26.9056 9.79117 30.2757 23.2422 9.78531 
26.849 9.80125 31.9303 21.6211 9.79831 
27.4624 9.94794 29.3721 23.4288 9.78875 
27.3524 9.95736 28.6395 24.1729 9.87776 
26.6324 9.90569 30.9256 22.6704 9.86589 
26.5566 10.3535 28.3548 24.924 9.81099 
26.7158 10.1768 29.0211 24.1808 9.9055 
25.6503 10.2379 28.6302 25.5455 9.93614 
25.4964 10.0847 30.0685 24.4166 9.93382 
24.4001 9.90961 29.4885 26.3676 9.83417 
25.9196 9.83285 30.7504 23.7021 9.79513 
20 20 20 20 20 
18.7329 19.8459 22.0719 22.9281 16.4212 
19.1507 19.7843 24.9034 21.3254 14.8362 
20.8254 17.8921 25.0351 22.8293 13.4181 
20.882 16.076 25.6042 25.0428 12.395 
19.6961 16.9545 27.4748 23.2438 12.6309 
18.1309 19.2853 30.5051 20.3088 11.77 
15.4581 20.0308 29.7502 21.7982 12.9626 
15.4458 19.7406 27.6658 25.3811 11.7667 
14.4358 19.824 30.2681 24.6119 10.8602 
12.2494 19.7652 30.3332 26.7713 10.8808 
12.7843 19.3964 29.8601 27.4449 10.5144 
12.7091 19.12 31.6324 26.3563 10.1823 
12.7037 18.8571 31.0089 27.3505 10.0798 
12.2139 19.5435 30.5619 27.6982 9.98243 
11.1631 20.8953 30.6742 26.5457 10.7215 
10.9056 20.2856 28.8788 29.2451 10.6848 
11.2483 21.6201 27.6212 29.168 10.3424 
10.5476 20.2192 28.5808 29.5731 11.0793 
10.8835 19.256 30.1441 28.9329 10.7836 
10.4175 20.5503 28.4216 29.2723 11.3384 
10.2972 21.7796 28.0382 29.2379 10.6471 
11.0177 21.2735 29.369 27.5986 10.7411 
10.8827 20.5667 30.9228 26.6498 10.978 
12.0267 21.5028 30.0956 25.1542 11.2207 
11.6384 21.5014 28.6728 25.2021 12.9854 
11.6678 20.6131 29.7034 25.3304 12.6853 
10.8927 19.6007 30.734 25.4887 13.2838 
10.7628 19.1674 28.7847 26.9216 14.3634 
11.4762 18.0487 28.9522 27.682 13.8409 
11.1755 18.0078 29.7243 27.6708 13.4216 
11.4991 19.2256 29.7636 26.0275 13.4842 
10.9303 18.2875 30.9059 26.2668 13.6096 
10.4077 20.0633 28.7863 27.2713 13.4715 
10.1334 20.1255 27.5387 27.6028 14.5996 
10.8587 19.7554 26.5353 29.1678 13.6828 
11.6793 19.4842 27.9667 28.3571 12.5127 
11.3275 17.9128 28.9834 29.5444 12.2319 
11.433 18.9324 29.6359 27.8732 12.1256 
11.7406 18.5023 29.2758 28.3944 12.0869 
11.616 19.7646 28.6966 27.1556 12.7672 
12.1629 20.6737 30.5353 23.8896 12.7385 
12.6829 21.9505 28.5929 24.292 12.4817 
12.71 21.1379 28.3886 25.4251 12.3384 
13.1837 20.5226 28.5461 26.2542 11.4933 
12.7812 19.606 29.5643 25.7485 12.3 
11.9596 21.3042 27.494 27.8863 11.3558 
11.9594 20.703 28.887 27.5564 10.8942 
12.0099 21.1555 29.142 26.7179 10.9747 
10.9928 19.4585 29.0479 29.4173 11.0835 
10.4361 20.5726 28.6203 29.8894 10.4815 
11.3606 19.2544 28.8065 30.4238 10.1548 
11.8206 18.9004 29.6915 28.4951 11.0924 
11.7459 20.4581 26.6494 30.6932 10.4534 
11.8223 21.2417 28.5146 28.1314 10.29 
12.2681 20.1563 29.1717 28.1244 10.2795 
13.348 20.6503 29.6356 26.2512 10.1149 
14.2188 19.4044 31.4418 24.5067 10.4283 
15.2344 19.2022 32.0959 23.2533 10.2141 
15.0799 17.8101 32.9634 24.0645 10.0822 
15.3953 17.1345 32.3171 25.1245 10.0286 
15.166 16.9217 32.2345 24.9673 10.7105 
16.6739 16.6426 33.2601 23.133 10.2903 
18.337 15.5582 32.1564 23.5402 10.4083 
17.7543 13.4609 31.7348 26.2903 10.7597 
16.6358 13.8733 32.0004 26.6919 10.7986 
17.7327 12.0257 31.9035 27.977 10.3611 
16.7544 13.0103 30.71 29.0012 10.5241 
15.6973 14.1975 31.484 28.2723 10.3489 
15.5409 13.3808 32.4087 28.3669 10.3026 
14.6386 14.5201 30.9021 29.2934 10.6458 
13.6665 13.2186 33.8449 29.0249 10.2452 
12.6999 13.1426 33.4558 30.6458 10.0559 
13.269 12.8376 35.5268 27.725 10.6415 
12.2924 14.3136 33.4213 29.652 10.3208 
13.6129 12.4901 35.644 28.1593 10.0937 
14.0469 14.3052 32.8493 28.1507 10.648 
13.6901 15.2295 32.7067 28.0497 10.324 
14.6829 13.1553 34.1912 27.6735 10.2971 
17.2599 14.1863 32.7206 25.7933 10.0399 
16.3862 13.6029 34.3658 25.639 10.0061 
15.9264 13.6014 34.5163 25.7528 10.203 
16.2505 13.4306 33.4183 26.8267 10.0739 
16.6359 13.4972 33.8634 26.0463 9.95716 
15.9022 13.9115 32.6621 27.6299 9.89431 
15.6542 13.3983 33.698 27.4004 9.84912 
14.8767 15.1848 32.3842 27.5383 10.0159 
15.318 14.7557 34.2437 25.8035 9.87903 
16.2797 14.5618 34.0759 25.2581 9.82457 
16.4732 13.9476 32.5935 27.0735 9.91229 
16.0578 13.8174 33.1962 27.0842 9.84441 
15.7973 12.8409 34.3947 27.1014 9.86571 
15.2803 12.8271 34.0497 28.0354 9.80751 
14.4125 13.4741 34.46 27.8506 9.80289 
15.3806 13.549 34.5325 26.7318 9.80608 
18.351 12.3301 30.4794 28.3809 10.4586 
15.9322 12.171 31.0055 30.4067 10.4846 
14.469 13.311 32.8438 29.2207 10.1556 
16.2284 12.753 32.1231 28.9396 9.95583 
15.6772 12.8191 32.4481 29.1757 9.87988 
17.6178 11.7723 30.5774 30.203 9.82953 
16.3017 12.5144 31.1388 30.2312 9.8139 
16.0143 11.1533 32.7801 30.2491 9.80309 
16.363 11.1023 33.3712 29.2755 9.88807 
20.3395 10.4144 31.7312 27.7077 9.80726 
20.113 11.1731 31.4906 27.3481 9.87522 
17.5415 10.6764 33.7094 28.195 9.87773 
17.7678 12.4178 33.3739 26.4869 9.95361 
17.1156 11.6967 35.8942 25.4386 9.85486 
16.627 12.0443 35.0941 26.408 9.82656 
18.1819 12.7656 33.501 25.704 9.84749 
20.5852 11.5552 31.9804 26.0704 9.8088 
20.4441 11.2321 33.869 24.5504 9.9044 
19.054 11.599 33.0314 26.3777 9.93796 
19.6202 10.9237 32.1989 27.3193 9.93792 
20.4808 12.4741 32.1056 25.0926 9.84701 
19.7205 11.5887 33.9427 24.9316 9.81647 
18.3218 11.7944 34.5098 25.3889 9.98516 
20.863 10.7604 32.7564 25.7643 9.8558 
21.822 10.2619 33.39 24.7165 9.80956 
23.1367 11.2438 32.0555 23.8003 9.76371 
21.9287 11.6279 31.4932 24.9632 9.98696 
23.2954 10.7126 32.1317 23.9681 9.89213 
21.44 11.8845 31.7929 25.0404 9.84221 
22.2706 11.4802 32.3521 24.0708 9.82617 
21.7272 12.1264 33.7773 22.4716 9.89751 
22.4878 10.9995 33.2899 23.3377 9.88506 
23.0086 11.6917 32.5892 22.8144 9.89609 
21.2725 10.8127 33.0165 24.9833 9.91493 
22.8157 10.3743 32.8544 24.0301 9.92541 
22.4508 10.4019 32.9916 24.285 9.87068 
22.6674 10.0599 31.0726 26.4058 9.79428 
21.3666 10.4576 32.4771 25.8674 9.83135 
19.1654 10.2883 33.6493 27.0706 9.82639 
18.842 11.6256 33.4913 26.1896 9.85147 
19.6816 10.6988 32.7066 27.1013 9.81173 
21.5963 10.2083 31.7138 26.7168 9.7648 
20.6196 10.0149 30.7378 28.8346 9.79311 
21.3098 10.0074 31.2023 27.584 9.89656 
21.3001 10.3263 30.7624 27.6629 9.94828 
20.7195 10.0243 30.3118 29.1093 9.83525 
18.2193 10.3633 31.2094 30.4409 9.76712 
18.8499 10.2141 31.1891 29.9932 9.75369 
19.1609 11.0477 31.1061 28.858 9.82734 
20.0616 10.5066 30.3297 29.2056 9.89649 
19.8924 10.2706 31.0818 28.9627 9.79253 
20.8228 10.0054 30.476 28.9294 9.7664 
19.2529 11.4052 31.549 28.0318 9.76125 
19.6264 10.6178 32.3846 27.5752 9.79588 
19.3979 10.5805 32.3265 27.8451 9.85002 
19.506 10.2742 33.2051 27.1058 9.90893 
18.8439 9.99602 32.2765 29.0702 9.8134 
17.9393 10.0453 35.6966 26.5225 9.79629 
20.5081 9.87216 34.7379 25.1341 9.74764 
21.4785 10.2082 34.2057 24.3018 9.80579 
24.0352 9.97301 31.5223 24.6977 9.77181 
23.8387 10.7373 29.9784 25.6076 9.83798 
24.0405 10.2508 30.8141 25.0934 9.80115 
23.6979 10.3886 31.5255 24.5533 9.83478 
24.4863 10.1393 31.1474 24.3645 9.86245 
24.2503 9.90838 32.5988 23.4726 9.76993 
24.8524 9.86328 33.2085 22.2818 9.79406 
23.9647 9.94836 33.8283 22.5121 9.74653 
22.709 9.81847 33.5232 24.2318 9.71755 
24.9451 10.4461 30.52 24.3642 9.72455 
24.9725 10.1217 30.6316 24.5132 9.76092 
23.8422 10.8236 32.0955 23.443 9.79572 
24.6871 10.3763 31.296 23.7783 9.8624 
26.4669 10.7076 30.4207 22.6034 9.80133 
26.4279 10.2149 31.3562 22.2392 9.76178 
25.8052 10.0345 32.4664 21.886 9.80789 
26.4697 11.4197 30.5625 21.7662 9.782 
27.5693 10.6586 30.8102 21.122 9.8398 
28.5498 10.1951 30.5058 20.9637 9.78567 
28.5852 10.0975 31.8046 19.6198 9.89284 
28.2349 10.0167 31.928 19.906 9.91437 
27.4291 9.87849 31.8731 20.992 9.82731 
26.6121 11.2997 32.3676 19.8599 9.86065 
25.6941 10.5752 33.7958 20.0792 9.8557 
25.092 11.4101 32.7142 20.924 9.85982 
26.0691 11.221 31.1258 21.6719 9.91212 
26.0483 11.4324 29.7752 22.8223 9.92181 
25.6471 10.6343 31.1171 22.7226 9.87894 
26.4599 10.6743 30.8183 22.2379 9.8096 
28.0948 10.2358 29.9362 21.9298 9.80345 
28.7825 10.0848 29.2065 22.0576 9.86861 
25.8608 9.8811 31.2699 23.2152 9.77302 
27.1677 10.8728 30.8892 21.2686 9.80176 
25.4731 10.9738 31.7312 22.035 9.78687 
27.8159 10.4076 31.2624 20.7 9.81407 
27.1947 10.0989 31.3655 21.5388 9.80214 
28.839 9.88215 30.3668 21.1783 9.73378 
30.5244 9.80999 32.5991 17.3307 9.73581 
31.8735 9.88838 31.9142 16.4727 9.85129 
30.8885 10.0889 32.0343 17.0788 9.90957 
28.8106 9.99494 31.8587 19.4305 9.90528 
28.3985 10.2876 31.7997 19.6129 9.90145 
31.1604 10.0908 31.8009 17.0502 9.89772 
29.935 10.5293 32.0295 17.5574 9.94886 
30.2844 10.1942 32.564 17.0533 9.90401 
32.0232 10.081 31.7161 16.2437 9.93593 
31.9512 9.90629 31.1265 17.1823 9.83374 
30.1648 10.8653 31.1038 18.0506 9.81552 
30.5933 10.3597 30.8804 18.3319 9.83477 
31.2435 10.3293 32.2176 16.3088 9.90077 
31.0823 10.0989 31.8983 17.036 9.8846 
31.7224 10.5511 31.1595 16.7704 9.79667 
32.6397 10.1413 31.1838 16.2711 9.76411 
31.6902 10.0706 30.5919 17.7652 9.88205 
32.8159 10.3273 32.2667 14.722 9.86803 
31.6677 10.0338 33.3412 15.1532 9.80415 
30.5958 10.8899 32.3849 16.3068 9.82271 
31.4491 10.4278 31.4845 16.7444 9.89417 
29.1861 10.3421 31.6076 18.9491 9.91503 
29.6778 10.0863 29.3631 21 9.87277 
29.2988 9.9212 32.1032 18.8624 9.81443 
30.8161 9.9606 30.8849 18.4312 9.90722 
28.8755 9.93386 31.3867 19.8967 9.90717 
28.4789 9.93268 31.618 20.0511 9.91934 
28.0831 9.85234 32.0957 20.1233 9.84566 
27.5146 10.1657 30.4191 22.0377 9.86295 
28.9088 9.965 28.8459 22.4667 9.81363 
28.5923 10.3273 29.2505 21.923 9.90682 
31.8052 10.2178 29.6072 18.5427 9.82705 
28.9745 11.1547 32.6141 17.4413 9.81549 
29.0201 10.4216 32.224 18.5822 9.75203 
29.6461 10.4829 30.9079 19.1551 9.80799 
29.7019 10.6048 31.1979 18.7471 9.74829 
30.4538 10.2669 31.7337 17.7069 9.83868 
30.5579 10.0115 32.5916 17.0416 9.79739 
29.9286 9.94206 31.1047 19.1896 9.835 
29.6903 9.93678 31.6482 18.8414 9.88325 
30.7543 9.83852 30.7592 18.8363 9.81176 
29.3033 10.624 29.4736 20.8275 9.77165 
29.0779 10.23 30.9663 19.922 9.80386 
29.1363 10.3163 32.2617 18.518 9.7677 
30.2133 10.1582 32.905 16.8397 9.88385 
28.3142 10.425 34.377 17.0676 9.81614 
29.2233 10.1794 33.0826 17.6398 9.87496 
28.324 11.1098 30.4209 20.3583 9.78698 
30.5956 10.45 28.8468 20.319 9.78859 
28.9491 11.3105 29.3905 20.5214 9.82851 
29.2556 10.5823 31.1186 19.2023 9.84126 
30.1833 10.2118 30.6387 19.125 9.84127 
29.5397 9.97601 31.7154 18.9781 9.79076 
29.0316 10.8605 31.6295 18.7172 9.76115 
31.2377 10.3971 32.5366 15.9811 9.84746 
32.3386 10.1349 30.918 16.7485 9.86004 
30.9907 10.0674 31.5304 17.4814 9.93002 
30.88 10.2785 31.4995 17.482 9.86011 
30.673 9.97795 34.2085 15.3718 9.76877 
31.566 9.90701 33.3338 15.3908 9.80242 
30.783 10.1202 33.1669 16.0287 9.90121 
30.7248 10.0601 32.9168 16.3477 9.9506 
29.1208 9.89581 33.7403 17.402 9.84107 
29.592 9.85297 32.6929 18.0365 9.8256 
26.6294 10.2598 33.0131 20.1849 9.9128 
27.3558 10.0957 31.5751 21.0514 9.92215 
26.8854 9.92205 33.2404 20.1169 9.83529 
27.2911 9.91729 33.2383 19.6794 9.87391 
27.7481 9.92659 31.3627 21.0577 9.90491 
27.1145 9.84135 31.7092 21.5044 9.8305 
28.4402 9.77017 31.072 20.9529 9.76475 
29.2372 10.1752 30.7237 20.0328 9.83118 
28.8054 9.93188 32.1439 19.3589 9.75988 
29.2491 10.5973 30.7477 19.5771 9.82875 
29.9967 10.153 31.7169 18.3646 9.76874 
20 20 20 20 20 
15.0877 21.4912 23.0702 19.0351 21.3158 
16.7393 20.1052 24.343 19.9445 18.8681 
15.7075 20.9741 24.5435 21.6617 17.1132 
16.4808 22.9175 23.589 20.6639 16.3488 
17.0976 22.3159 23.8897 22.4272 14.2696 
16.3383 22.3158 25.1028 23.2136 13.0296 
14.6243 23.4117 23.4923 24.7359 13.7358 
15.4492 23.162 23.3093 24.2523 13.8272 
12.8093 24.081 25.3199 23.249 14.5407 
11.5807 23.1171 25.3929 26.8419 13.0675 
12.7318 20.3438 28.5316 26.5446 11.8483 
11.6347 19.7418 30.3948 26.7132 11.5155 
13.0421 21.3388 29.3029 25.0538 11.2624 
12.5085 20.9635 30.6178 25.132 10.7782 
12.8332 20.0212 29.1247 27.6976 10.3233 
11.4827 18.6009 30.3113 27.395 12.2101 
10.6559 17.7406 29.2582 29.189 13.1563 
10.9695 18.8261 29.8946 27.8688 12.441 
11.0272 19.5545 28.9803 28.2033 12.2347 
11.5742 17.6777 30.5075 28.6038 11.6368 
10.7431 19.0811 30.6722 27.5178 11.9858 
13.5907 18.1022 29.7197 26.7726 11.8148 
13.9225 17.7134 30.3204 27.0924 10.9513 
12.4282 19.5628 29.2832 27.7831 10.9426 
11.181 19.6048 29.8734 28.2403 11.1004 
11.6619 18.85 30.0557 27.5726 11.8597 
11.6396 19.3339 30.5176 26.6564 11.8524 
11.7087 18.0003 30.5921 27.9949 11.704 
10.8083 16.0278 33.614 28.744 10.8059 
11.5653 16.0708 34.2241 27.7606 10.3793 
10.7715 16.0176 34.6287 26.9623 11.6198 
11.3614 15.6917 35.729 26.408 10.8099 
11.9168 17.6454 33.4547 26.6784 10.3047 
12.3241 17.619 34.3199 25.3762 10.3607 
13.4511 16.8658 32.8889 26.1152 10.6791 
13.1961 17.0211 35.0327 23.9988 10.7513 
13.7059 18.0694 33.9379 22.6612 11.6256 
13.6926 17.997 33.2425 23.3589 11.7091 
11.917 17.8428 33.3666 25.8304 11.0432 
11.7278 17.6394 30.6576 28.9408 11.0344 
11.0526 16.2489 33.0175 28.2676 11.4134 
11.8627 16.3042 33.5594 27.3826 10.8911 
11.2841 15.8163 32.8381 29.6281 10.4334 
10.5561 16.0163 32.2667 29.556 11.6049 
10.1846 16.8866 33.3063 27.3948 12.2277 
10.0306 17.3322 33.9371 27.1542 11.5459 
11.3284 15.8631 35.5291 26.2034 11.076 
11.3269 16.9677 32.2224 29.0053 10.4778 
10.9721 18.1135 30.6791 29.5644 10.671 
12.6472 18.136 26.9764 31.2784 10.9621 
12.3983 16.6615 29.4929 30.3588 11.0885 
12.4181 16.9128 28.3036 31.3486 11.0169 
11.9021 15.7584 30.6122 30.5258 11.2015 
11.4417 16.7577 33.5304 27.2956 10.9746 
12.8467 17.0487 31.8483 27.662 10.5942 
12.7648 16.5731 31.412 28.953 10.2971 
11.3581 16.6603 30.7545 30.6173 10.6097 
12.9707 17.9656 26.5752 32.2357 10.2528 
12.461 16.1779 29.3852 31.3618 10.6142 
11.8257 15.4699 30.2878 31.6333 10.7833 
10.9393 15.1424 32.6042 30.896 10.4181 
11.7044 14.9061 33.7838 29.3844 10.2213 
12.4537 14.788 35.3515 27.4062 10.0006 
11.7824 15.0483 35.2066 26.913 11.0497 
11.1096 14.1989 35.3218 28.8691 10.5006 
13.2994 13.7571 33.8294 27.7498 11.3644 
14.8568 14.5806 33.5813 26.2486 10.7327 
15.0002 14.601 32.587 27.4846 10.3272 
15.6607 14.2953 33.5215 26.1775 10.3449 
15.138 15.3528 31.5043 27.8324 10.1725 
14.0479 16.2679 29.9775 29.6908 10.0158 
15.055 16.8127 30.1442 28.0578 9.93019 
15.9446 14.5621 32.2832 27.3455 9.86459 
15.3327 14.7684 32.8928 27.1245 9.88153 
13.6609 13.1063 34.5663 28.8211 9.8454 
13.375 13.7521 35.7387 26.976 10.1583 
13.232 13.0279 34.0997 29.5875 10.053 
12.1565 13.9464 34.8877 28.9829 10.0265 
12.8422 14.135 32.0327 30.274 10.7162 
13.3883 13.4883 31.1803 31.5304 10.4127 
12.2921 13.7416 31.7479 31.2868 10.9316 
13.5385 12.9192 32.2718 30.6972 10.5733 
16.4767 13.6404 29.9657 29.7103 10.2069 
15.9811 12.857 31.912 29.1596 10.0903 
14.7773 14.4617 32.438 28.2917 10.0313 
13.2177 13.1894 33.8356 29.6899 10.0675 
13.9227 13.1107 33.5401 29.4726 9.95395 
12.9669 14.9352 34.0885 27.7251 10.2842 
12.2475 14.9743 33.6662 29.01 10.1019 
14.1967 14.5184 32.7185 28.5675 9.99887 
15.6943 13.2764 32.9782 28.1806 9.87049 
15.9073 14.0152 32.1995 28.0247 9.85328 
15.9116 13.4641 33.367 27.3757 9.88159 
14.1541 14.0323 35.8295 26.0846 9.89948 
16.4693 12.2648 36.423 24.9207 9.92211 
18.3486 13.3973 34.0235 24.2837 9.94681 
18.6495 12.5296 32.7552 26.136 9.92967 
18.6908 13.9017 31.7955 25.7481 9.86397 
17.5607 13.8913 32.7533 25.9052 9.88949 
15.7831 14.6488 33.4635 26.2579 9.84671 
17.2388 15.3362 28.4528 29.1527 9.8195 
17.7486 13.7074 29.3949 29.3235 9.82548 
17.6562 13.9359 30.2782 28.2595 9.87025 
16.9852 14.3698 32.3596 26.3654 9.92002 
17.7188 15.9646 28.0846 28.3613 9.87072 
17.435 14.9591 29.3039 28.4248 9.87722 
16.9757 13.936 30.718 28.4767 9.89357 
18.0623 15.6306 28.125 28.0681 10.114 
16.3979 14.5551 28.0123 31.1187 9.91591 
14.3418 13.9918 29.5776 32.1308 9.95796 
13.9969 12.4567 30.6591 32.9596 9.92778 
14.466 11.7478 32.862 31.0902 9.83402 
12.5789 10.7481 36.5568 30.325 9.79122 
12.6997 11.7843 34.3753 31.2593 9.88137 
14.3802 10.8922 32.9452 31.8418 9.94068 
15.4497 10.9033 34.4667 29.3427 9.8376 
16.6205 10.3596 33.9511 29.2419 9.82677 
16.205 10.443 32.765 30.72 9.86695 
15.8069 10.0957 32.4203 31.8694 9.80769 
15.7113 10.0028 34.2281 30.199 9.8588 
15.4544 9.86462 35.6551 29.2332 9.79262 
14.5661 10.5554 36.2166 28.9023 9.75953 
14.0044 10.5236 36.469 29.2053 9.7978 
17.3768 10.1609 34.8051 27.8591 9.79803 
18.8955 9.96213 33.9706 27.3911 9.78067 
18.3085 9.88613 32.3334 29.6766 9.7954 
18.1448 9.83265 32.255 29.9802 9.78729 
18.4673 9.85263 33.325 28.5251 9.82995 
18.0111 9.78525 34.0606 28.3692 9.77391 
19.4919 9.75585 33.5957 27.4065 9.75018 
19.218 9.84687 31.8599 29.2312 9.84403 
21.7058 9.92343 29.4784 28.9704 9.92202 
21.945 10.9344 30.2682 26.9426 9.90981 
20.0785 11.2619 32.0215 26.7163 9.92179 
19.3452 10.6783 30.8373 29.2888 9.85049 
16.7714 11.8206 31.931 29.6135 9.86352 
18.7598 10.8423 32.8022 27.7319 9.86373 
17.2516 11.252 33.6023 28.0059 9.88813 
18.6258 10.5514 34.1146 26.8388 9.86944 
18.6667 10.7179 33.5539 27.1949 9.86669 
19.9294 10.3258 31.3465 28.4981 9.90023 
18.5232 11.4692 31.5892 28.5133 9.90507 
20.0553 10.6552 31.5089 27.9075 9.87317 
21.7333 11.0132 29.1324 27.8333 10.2878 
20.6737 10.4905 30.4826 28.2253 10.1278 
19.5342 10.7637 31.462 28.3267 9.9134 
19.2133 10.2678 33.6463 27.0298 9.84269 
21.6655 10.1339 32.1173 26.162 9.92135 
22.4832 9.92133 32.4017 25.3787 9.81504 
23.0627 9.91274 31.3766 25.7884 9.8596 
23.3984 10.8108 29.9288 26.0271 9.83486 
23.147 10.2876 29.6109 27.155 9.79959 
20.4068 10.1438 32.1388 27.4108 9.89979 
21.1712 10.0719 30.1016 28.7054 9.9499 
22.0998 9.92553 30.8237 27.2865 9.86454 
23.1078 9.94669 30.6852 26.3442 9.91619 
23.2093 9.87199 32.2345 24.8275 9.85674 
24.8937 9.91939 30.4029 24.8722 9.91176 
25.2264 9.91177 29.7382 25.2157 9.90796 
24.6407 10.4542 30.333 24.6353 9.9368 
25.8435 10.5652 29.0455 24.5952 9.9506 
26.0447 10.266 28.9746 24.7561 9.95869 
27.0149 9.98373 29.9724 23.1989 9.83009 
26.0074 9.89693 30.4925 23.783 9.82011 
24.7487 9.81424 30.5147 25.1465 9.77583 
25.133 9.90712 29.7401 25.3319 9.88791 
22.8405 10.433 31.6509 25.1659 9.90971 
23.9615 10.167 31.007 24.9592 9.90535 
22.4309 10.5497 32.063 25.0198 9.9366 
22.644 10.2749 31.0315 26.0813 9.9683 
24.5233 10.913 28.8821 25.7469 9.93464 
23.095 10.4565 29.1077 27.3735 9.96732 
21.5131 10.3829 31.0487 27.0888 9.96648 
22.7707 10.1384 28.5986 28.5621 9.93024 
23.3135 10.298 29.4954 27.0261 9.86708 
22.5839 10.2814 29.1517 28.0826 9.90043 
22.8728 10.4716 30.9361 25.806 9.91345 
22.8495 11.3952 30.142 25.7653 9.84803 
23.0489 10.7932 30.6761 25.6215 9.86032 
22.2388 10.3285 32.685 24.8856 9.86213 
23.7348 10.0874 31.881 24.4428 9.85414 
25.1166 9.93327 31.5556 23.5779 9.81666 
26.1 9.82774 30.5348 23.7681 9.76944 
25.55 10.0195 28.6477 25.9686 9.8143 
25.36 9.94173 28.7796 26.0795 9.83912 
26.7694 10.2973 30.0255 23.0054 9.90238 
26.9263 10.0098 30.1169 23.1346 9.8123 
27.1157 10.1467 28.5336 24.3333 9.87069 
