5 80000 300 266
20 20 20 20 20 
23.4561 21.6147 19.3484 18.0028 17.5779 
21.5778 21.1579 21.7777 18.5173 16.9693 
20.118 21.2708 25.0398 19.5312 14.0402 
20.4757 20.0652 27.6515 17.9893 13.8183 
19.2579 19.3867 28.0796 19.5737 13.702 
17.0614 17.8015 30.7065 21.7238 12.7069 
19.0013 17.9596 31.2356 20.3913 11.4123 
17.4016 18.4137 32.0093 20.8089 11.3665 
17.1676 18.3602 32.7095 20.2442 11.5185 
17.4216 16.8072 32.3354 20.5337 12.9021 
18.0999 15.9828 32.231 21.5791 12.1072 
19.7307 13.9773 34.0733 20.2966 11.9221 
19.0539 13.9099 34.3397 21.8428 10.8537 
19.0056 12.9976 34.2315 23.0067 10.7586 
17.0207 13.8974 33.1062 23.7945 12.1812 
15.9802 13.9366 33.3001 23.825 12.9581 
16.8611 14.9176 32.8943 23.5484 11.7786 
14.5626 13.8267 34.1358 25.8072 11.6676 
14.4242 14.0562 33.8882 26.8437 10.7877 
13.4014 14.5524 32.7208 27.985 11.3405 
13.9255 14.7303 33.1035 27.2952 10.9455 
13.9339 13.495 34.22 27.2293 11.1218 
12.8783 14.7524 32.5041 28.1467 11.7185 
12.7454 13.9077 32.4683 28.2625 12.616 
11.3727 15.2039 32.6091 28.3813 12.433 
12.5209 15.2758 32.2518 27.2602 12.6913 
11.8026 14.9873 32.7524 28.8108 11.6469 
11.4957 14.137 33.0429 30.2562 11.0682 
11.8158 14.9569 33.269 29.0844 10.8739 
11.3036 14.6727 33.4211 29.6501 10.9525 
12.7063 14.5146 33.5422 27.9439 11.2931 
12.057 14.4175 34.2468 28.6564 10.6223 
12.0025 14.0919 33.4871 29.9126 10.5059 
12.3273 14.2235 32.8019 30.4064 10.2408 
11.8675 13.7865 31.3281 32.8003 10.2175 
10.8965 13.9652 31.545 33.0255 10.5678 
11.5197 14.3636 31.8439 31.6318 10.641 
12.1168 13.5388 32.9146 30.6081 10.8217 
13.2711 12.5151 32.1052 30.463 11.6456 
12.7781 11.1716 33.3745 31.9391 10.7368 
12.2714 11.3456 33.599 32.5137 10.2704 
11.7318 11.7555 33.4662 32.9235 10.123 
11.3385 11.226 34.8923 32.1334 10.4098 
11.0498 12.4372 34.6377 31.6835 10.1918 
12.0087 12.0789 34.4012 31.4278 10.0834 
13.6866 11.5082 34.6485 29.6462 10.5105 
13.7878 12.3198 35.8849 27.8281 10.1795 
13.7816 11.6446 35.5445 28.9651 10.0642 
14.5532 11.9262 34.6554 28.8981 9.96718 
15.5876 12.3974 34.2178 27.8539 9.94337 
15.9303 11.1856 34.3005 28.6251 9.95856 
15.202 12.5665 32.8081 29.4441 9.97928 
14.2095 11.8942 34.1098 29.8093 9.97717 
13.5563 11.9024 33.5561 31.0337 9.95137 
13.2833 11.1808 34.7628 30.823 9.95017 
14.304 10.5255 34.6541 30.6063 9.91015 
14.3128 10.1622 34.915 30.7554 9.85457 
14.0442 10.0556 34.1667 31.8318 9.90178 
17.4168 10.6857 33.0044 28.9422 9.95089 
17.5319 10.3301 33.7656 28.4097 9.96266 
19.3128 10.2432 33.5495 26.9653 9.92924 
17.7386 11.6969 33.0761 27.5922 9.89613 
16.7775 11.3332 32.9921 28.9747 9.92255 
14.9162 10.8885 33.9895 30.2837 9.92211 
13.2532 10.7003 34.6498 31.0448 10.3519 
13.3206 10.5414 35.7675 30.0033 10.3672 
12.9277 12.2345 33.9005 30.7398 10.1975 
11.9485 13.2601 32.7666 31.9515 10.0733 
11.3976 13.3761 32.124 33.1715 9.93081 
11.0235 13.0517 32.1659 33.8585 9.90047 
12.385 11.9167 31.9859 33.7756 9.93676 
12.8415 12.0754 33.2802 31.7814 10.0216 
12.5726 12.5822 35.3574 29.5033 9.98461 
12.5533 12.0132 34.7087 30.8279 9.89694 
12.4285 12.4202 33.8465 31.3826 9.92229 
13.2998 13.162 34.1692 29.4613 9.90767 
16.06 11.6372 32.815 29.6183 9.86956 
17.3968 12.151 32.8982 27.7379 9.81605 
17.0317 11.0486 34.0566 27.9819 9.88114 
18.2985 11.3667 32.9251 27.5779 9.83188 
17.3939 11.0025 33.0849 28.6826 9.83615 
16.7791 11.1177 33.3918 28.8618 9.84958 
15.8166 11.1291 34.2025 29.0198 9.83195 
17.2474 11.0243 31.7564 30.1708 9.80103 
17.0052 10.7145 35.3869 27.0796 9.81381 
17.0253 11.7493 33.3184 28.0284 9.8785 
17.7719 11.1453 32.7561 28.4017 9.925 
17.0827 11.1737 31.8152 30.0478 9.88053 
16.0912 11.8547 32.2894 29.8387 9.92602 
17.5557 11.1147 32.7153 28.7522 9.86215 
15.6649 10.7915 32.8866 30.7673 9.88975 
14.6004 10.3681 33.9847 31.1295 9.91725 
14.876 12.2089 31.8684 31.1295 9.9173 
13.7417 13.5543 30.8339 32.0404 9.82971 
14.2731 13.2017 33.5734 29.1487 9.80312 
14.1807 12.2638 33.3613 30.3202 9.87394 
15.3548 11.3661 33.2096 30.1739 9.89565 
14.7608 10.9608 33.6881 30.6425 9.94782 
15.0727 10.51 33.8559 30.7059 9.85557 
15.5965 10.173 33.5946 30.7901 9.84582 
17.1105 9.95758 31.9836 31.1544 9.79397 
17.0323 10.1512 33.6642 29.3703 9.78204 
17.7598 9.97756 31.8181 30.6515 9.79298 
18.6722 10.0333 31.4877 30.0142 9.79263 
18.2216 9.98653 33.2137 28.7119 9.8662 
18.7262 9.87492 33.027 28.5571 9.81475 
20.2135 9.9228 32.9358 27.0352 9.89271 
22.2807 9.88893 32.4099 25.5466 9.87389 
20.3622 9.8436 32.9197 27.0384 9.83608 
20.0077 9.8351 31.4887 28.8371 9.83134 
20.0929 9.81369 33.6969 26.5847 9.81181 
20.0162 9.89174 33.0116 27.1896 9.8908 
19.1249 9.93162 33.1725 27.8398 9.93115 
18.9668 9.82475 32.1035 29.2804 9.82451 
19.4183 9.79837 30.8726 30.1125 9.79825 
17.9674 10.6049 32.2531 29.3205 9.85408 
18.2374 10.2278 31.7982 29.8841 9.85241 
18.7517 10.0069 32.107 29.3152 9.81917 
19.5297 9.92651 31.4381 29.273 9.83266 
18.8854 9.84925 32.6572 28.8059 9.80233 
19.6801 9.82077 32.204 28.4979 9.79731 
19.9591 9.8211 31.2806 29.1299 9.80937 
18.8553 9.79221 31.9125 29.6537 9.78634 
17.4395 9.79225 31.6832 31.2957 9.78931 
18.3583 9.866 30.4501 31.4611 9.86454 
16.6632 10.8247 31.1486 31.4949 9.86857 
16.2862 10.7695 32.2951 30.8448 9.80442 
17.1621 10.2898 31.8121 30.9288 9.80727 
16.0114 10.0985 32.6243 31.4086 9.8572 
17.1233 10.0492 32.4886 30.4102 9.9286 
15.9146 9.92658 32.2574 32.0352 9.86626 
16.2395 9.87126 31.3127 32.7354 9.84111 
16.208 9.93563 31.8328 32.103 9.92055 
18.1986 9.85741 30.112 31.9821 9.84987 
19.2345 10.8409 32.4547 27.6465 9.82358 
19.7458 10.4044 32.626 27.328 9.89571 
20.2388 10.0802 31.7094 28.1457 9.82591 
22.7682 9.95083 31.4797 25.9776 9.82367 
21.4451 9.85346 32.813 26.0986 9.78988 
21.2567 9.82287 33.3205 25.8089 9.79108 
22.671 9.78949 32.6663 25.0996 9.77359 
23.3416 9.75796 32.8985 24.2519 9.75002 
22.9611 10.5241 32.417 24.2227 9.87501 
22.2282 10.2465 31.7848 25.8185 9.92193 
23.9169 9.96754 32.6744 23.6359 9.80525 
24.3379 9.96769 32.4144 23.3935 9.88655 
26.5459 9.93592 30.4244 23.1984 9.89535 
26.5597 9.86307 34.2682 19.4663 9.84278 
27.0937 9.88649 33.2001 19.9434 9.87635 
27.9878 9.91219 33.3703 18.8226 9.90712 
28.4799 9.94052 31.3269 20.3147 9.93798 
28.017 9.92382 31.4529 20.6837 9.92255 
28.4866 9.84406 33.2349 18.591 9.84343 
29.3853 9.81162 32.3903 18.6015 9.81131 
29.3344 9.89023 32.3945 18.4908 9.89008 
30.9676 9.89017 34.8786 14.3736 9.89009 
29.7695 9.86572 34.8996 15.5995 9.86568 
30.3502 9.88782 33.666 16.2082 9.8878 
29.996 9.8299 33.1197 17.2246 9.82989 
31.6646 9.89937 31.0458 17.4908 9.89937 
30.4296 9.81546 31.7981 18.1414 9.81546 
30.859 9.8157 31.85 17.6596 9.8157 
30.581 9.79001 33.0967 16.7423 9.79001 
32.8437 9.85954 32.6831 14.7541 9.85954 
32.8329 9.83775 32.1391 15.3525 9.83775 
32.2948 9.81752 34.3128 13.7573 9.81752 
34.8571 9.90876 33.4467 11.8787 9.90876 
35.6247 9.85944 32.8626 11.7938 9.85944 
35.6807 9.78866 31.6351 13.1069 9.78866 
35.0817 10.0667 33.4421 11.5343 9.87517 
34.4351 9.98218 33.1033 12.5931 9.88639 
33.9887 9.85002 33.6363 12.7229 9.80213 
33.1434 9.89396 33.8989 13.1937 9.87001 
30.7462 9.9314 33.6161 15.7869 9.91943 
32.3251 9.93145 33.9313 13.8866 9.92547 
32.991 9.8201 34.4414 12.9304 9.8171 
33.1622 9.84832 33.733 13.4096 9.84682 
32.2769 9.77853 33.0478 15.1191 9.77778 
33.7676 9.75249 31.8734 14.8544 9.75211 
33.7297 9.71495 32.9618 13.8788 9.71477 
34.5416 9.73963 32.6425 13.3367 9.73954 
35.9375 9.86982 32.6546 11.6684 9.86977 
35.3227 9.91773 32.8221 12.0197 9.9177 
34.8331 10.6828 33.5828 11.0604 9.84101 
34.183 10.2815 34.007 11.6679 9.86062 
33.9184 10.1087 32.3881 13.6865 9.89826 
33.2675 10.0723 35.0113 11.8612 9.78784 
32.1998 9.91035 35.1157 13.0061 9.76813 
32.455 9.9396 33.1342 14.6027 9.86849 
32.3405 9.95319 33.6767 14.112 9.91763 
32.0949 9.94235 31.5644 16.4738 9.92457 
31.0474 9.97117 32.8512 16.1679 9.96229 
31.8874 9.89468 35.1529 13.1749 9.89023 
31.3922 9.93073 34.6861 14.0625 9.92851 
30.9739 9.90364 34.9356 14.2843 9.90252 
31.2012 9.87245 33.4996 15.5549 9.8719 
30.2233 9.81044 33.8881 16.268 9.81016 
31.1651 9.75472 32.6631 16.6624 9.75458 
30.9914 9.75157 31.4259 18.0796 9.7515 
31.3139 9.78488 32.9857 16.1307 9.78484 
30.1474 9.82874 33.0534 17.1418 9.82873 
30.1035 9.82509 32.0029 18.2435 9.82508 
30.1608 9.89697 32.5123 17.533 9.89696 
28.3062 9.94848 29.9658 21.831 9.94848 
30.394 10.6312 31.2238 17.8498 9.90125 
30.2763 10.2362 33.0722 16.544 9.87126 
31.8635 10.0477 31.3248 16.8987 9.86521 
30.4828 9.9774 31.1423 18.5113 9.88616 
29.7365 9.8747 30.8806 19.6791 9.82908 
28.5046 9.8195 32.2753 19.6039 9.79669 
29.4767 9.8777 31.0415 19.7378 9.8663 
30.2335 9.89093 30.5367 19.4536 9.88522 
30.3799 9.85774 31.935 17.9724 9.85489 
31.8566 9.76758 30.4836 18.126 9.76616 
31.9077 9.86661 32.0803 16.2795 9.8659 
32.0122 10.0428 34.8358 13.2492 9.85996 
32.2983 9.89031 36.1445 11.8681 9.79889 
31.3665 9.9141 33.7555 15.0955 9.86839 
29.3929 9.95705 34.4584 16.2574 9.93419 
32.0878 9.82802 33.4499 14.8177 9.8166 
32.429 9.81266 32.7723 15.1791 9.80695 
30.2284 10.2697 35.9363 13.8179 9.74776 
31.1519 10.009 34.0059 15.0851 9.7481 
31.5954 9.85889 33.1842 15.6331 9.72842 
29.9346 9.84016 33.7052 16.7451 9.77492 
28.3006 9.92008 32.9132 18.9786 9.88746 
28.2443 9.82581 31.8928 20.2276 9.8095 
26.7008 9.78712 31.5125 22.2207 9.77897 
25.4247 9.84712 31.5457 23.3395 9.84304 
26.0136 9.89151 32.119 22.0864 9.88947 
28.6017 9.92968 29.7251 21.8149 9.92866 
30.2255 9.93059 30.2735 19.6403 9.93008 
29.9592 9.9141 32.2016 18.0113 9.91385 
29.4957 9.95705 31.4234 19.1669 9.95692 
29.5505 9.91274 31.1722 19.4519 9.91267 
29.5551 9.83058 29.8943 20.8895 9.83055 
30.0258 9.87983 30.0181 20.1965 9.87981 
29.529 9.93991 29.0413 21.5499 9.93991 
31.0145 9.96996 33.0921 15.9535 9.96995 
32.679 9.86713 33.8861 13.7007 9.86713 
32.7972 9.7925 34.3412 13.2767 9.7925 
31.8398 9.89625 33.4941 14.8736 9.89625 
33.444 9.93205 32.5027 14.1892 9.93205 
33.3344 9.85202 32.8637 14.0979 9.85202 
32.8531 9.89396 32.137 15.222 9.89396 
33.0932 9.84894 31.1012 16.1077 9.84894 
33.2133 9.86952 33.6825 13.3652 9.86952 
34.0333 9.82076 33.6165 12.7087 9.82076 
33.8321 9.82109 33.6237 12.902 9.82109 
32.8177 9.82858 34.6807 12.8444 9.82858 
33.1852 9.8485 33.9522 13.1656 9.8485 
32.7785 9.8922 34.444 12.9931 9.8922 
33.0005 9.92949 33.9994 13.1411 9.92949 
31.4125 9.87702 34.3681 14.4653 9.87702 
30.4555 9.80577 34.2932 15.6397 9.80577 
29.8965 9.79247 32.7617 17.7568 9.79247 
29.7393 9.88016 32.9404 17.5601 9.88016 
30.2902 9.9245 31.735 18.1258 9.9245 
31.5464 9.89856 30.5172 18.1393 9.89856 
34.0006 9.79878 32.4827 13.9192 9.79878 
33.7735 9.85147 32.695 13.8286 9.85147 
33.8592 9.8187 32.0967 14.4067 9.8187 
33.3853 9.81441 32.0294 14.9565 9.81441 
33.3593 9.76158 34.1377 12.9799 9.76158 
33.2941 9.89646 34.1535 12.9163 9.73972 
31.978 10.3489 35.5436 12.3815 9.74791 
20 20 20 20 20 
20.6368 20.6368 19.9855 20.7815 17.9595 
20.3184 21.6577 20.3499 21.8193 15.8547 
18.3247 21.5671 24.0452 20.5293 15.5336 
16.1415 22.2419 26.3976 20.7855 14.4335 
15.0751 20.6037 27.4229 22.8928 14.0055 
16.1154 18.3154 29.2871 22.2816 14.0005 
14.604 17.1712 29.9934 24.0076 14.2237 
15.302 17.1412 30.7745 23.6705 13.1119 
12.651 17.4078 31.6663 25.905 12.3699 
11.6868 18.1445 31.9171 26.3558 11.8959 
11.437 17.8622 31.712 27.1048 11.884 
11.7826 16.1393 31.8743 28.8842 11.3196 
12.1266 16.4226 29.7018 29.0303 12.7186 
11.9798 15.9839 31.6723 28.4363 11.9278 
10.8986 15.0696 31.0188 30.999 12.0141 
10.3444 15.3437 30.7775 31.5834 11.9511 
10.1018 15.3009 31.7033 31.9889 10.9051 
9.98046 15.3969 31.3446 32.8958 10.3821 
9.94415 16.4542 29.958 32.8074 10.8362 
10.7544 18.2044 30.2851 30.1225 10.6335 
10.3659 18.2859 30.4487 30.5941 10.3054 
10.0916 16.4489 30.407 32.3062 10.7463 
10.8944 15.9079 28.8503 32.5522 11.7952 
10.4347 17.8043 28.889 30.3659 12.5061 
11.4363 17.8574 28.4992 30.3571 11.85 
11.2609 17.7047 29.7231 29.4972 11.8142 
11.3017 16.7227 30.718 29.1005 12.1571 
10.686 16.9094 29.7618 30.7095 11.9333 
11.3289 16.4359 30.3739 30.9651 10.8962 
10.9151 16.8098 30.8194 31.115 10.3407 
10.6832 17.3123 30.4928 31.2345 10.2773 
10.3416 17.3771 31.5255 30.6172 10.1386 
10.3595 18.1225 30.8571 30.6388 10.0221 
11.0072 17.2198 31.5125 30.3544 9.90618 
12.0202 16.4298 31.0406 30.58 9.92939 
13.0507 16.9261 31.5107 28.4165 10.096 
12.9109 17.1378 30.0927 28.5456 11.313 
11.8126 17.0213 31.3559 28.3204 11.4899 
12.246 14.97 32.7832 28.6339 11.3669 
12.7019 13.3462 33.138 28.9102 11.9036 
13.1636 13.1208 34.0873 28.6887 10.9396 
14.3318 12.3104 34.7936 28.0944 10.4698 
14.6782 11.2045 35.9929 27.9634 10.161 
14.6073 10.9907 36.2922 28.1421 9.96772 
15.2182 10.8974 35.2315 28.7696 9.88336 
16.0033 11.4098 33.9175 28.74 9.92951 
16.1168 11.7258 33.7127 28.3752 10.0695 
14.9094 11.7523 34.6448 28.0097 10.6838 
15.3559 12.9132 34.8533 26.474 10.4036 
14.4961 12.2647 35.4822 27.3784 10.3786 
14.0215 12.1668 34.7362 28.9601 10.1154 
14.2442 11.5403 35.7691 28.4395 10.0069 
15.1696 12.6303 34.1115 28.072 10.0167 
14.0959 13.0719 32.6577 30.0065 10.168 
14.0033 12.8352 31.027 30.8825 11.252 
12.3181 14.3923 31.4629 31.264 10.5627 
13.4455 13.6032 31.5606 31.2099 10.1809 
12.3207 13.799 31.0475 32.6533 10.1795 
12.0061 13.4916 31.6929 32.7446 10.0649 
11.9732 13.3378 33.135 31.5464 10.0076 
12.4752 12.5213 33.1069 31.8037 10.0928 
12.2617 12.6462 33.6619 31.444 9.98618 
12.5865 12.1459 32.5272 32.8106 9.9298 
12.7798 12.5594 32.6149 32.081 9.9649 
12.7559 14.3699 31.4268 31.5577 9.88961 
11.4931 15.1133 32.4653 30.229 10.6993 
13.0698 13.9961 32.6468 29.8872 10.4001 
14.3755 14.8386 32.0046 28.3112 10.47 
13.8359 15.8681 31.6533 27.5905 11.0522 
14.9699 14.0379 32.45 26.9121 11.63 
15.1673 13.7898 33.2823 26.9977 10.7629 
15.4427 13.5345 33.5788 26.9135 10.5305 
15.3529 13.083 34.0263 27.2725 10.2653 
15.5712 12.8573 32.2763 29.1626 10.1326 
14.6589 13.4367 32.5802 29.2713 10.0528 
13.5795 13.9195 33.6814 28.902 9.91772 
13.8122 12.8586 34.116 29.3386 9.87459 
13.5467 14.372 31.7715 30.4245 9.88521 
14.3532 15.2977 29.8485 30.6378 9.86282 
14.5942 15.7532 29.4847 29.742 10.4259 
14.4218 16.4008 30.264 28.7387 10.1748 
13.6452 15.439 32.4242 28.4444 10.0472 
13.1413 16.5107 31.4594 28.92 9.96865 
13.5734 16.9388 30.8557 28.7457 9.88628 
13.8115 14.9432 31.9568 29.3866 9.90182 
13.7303 14.0176 32.5522 29.8744 9.82556 
14.2827 14.0143 31.7981 30.0471 9.85784 
14.8556 13.7214 30.899 30.595 9.92892 
15.1642 13.3077 32.7848 28.9078 9.83552 
15.9154 12.3483 33.059 28.7595 9.91776 
17.8149 11.6027 31.5295 29.094 9.95888 
17.684 12.8492 32.2541 27.313 9.89965 
17.063 11.6807 32.9734 28.3465 9.93635 
17.2573 11.3805 32.1377 29.2702 9.95432 
17.403 11.5398 32.2248 28.9805 9.85181 
15.5004 11.0107 34.2427 29.3628 9.88341 
16.0375 12.2733 33.0053 28.7698 9.91408 
16.0924 11.2358 33.6415 29.1158 9.91455 
15.3949 11.5257 32.6709 30.5521 9.85641 
15.7899 11.3987 31.5089 31.461 9.8415 
15.1221 11.599 32.2736 31.2172 9.78801 
14.7486 12.6745 32.0743 30.6086 9.894 
15.4152 12.6238 32.5576 29.4856 9.91776 
17.2946 12.3591 31.913 28.6071 9.82614 
15.314 11.1071 32.913 30.8253 9.84061 
15.438 11.4613 32.0185 31.2628 9.81944 
17.7481 10.6725 32.7244 29.0035 9.85158 
18.4729 10.3506 34.2705 27.1092 9.79685 
19.4892 10.091 32.8656 27.74 9.81416 
20.4284 10.0313 32.3872 27.2603 9.89283 
19.413 9.91178 33.2559 27.5767 9.84256 
19.5018 9.92665 33.8794 26.8001 9.89204 
18.653 9.85947 34.8922 26.7531 9.84216 
20.3265 9.92973 32.7318 27.0909 9.92108 
20.0204 10.6792 32.0802 27.2597 9.96054 
19.4497 10.5018 31.9693 28.2316 9.84753 
18.6372 10.689 31.0904 29.6747 9.90866 
18.5331 10.3294 31.4062 29.792 9.93922 
17.2666 10.857 31.7031 30.2806 9.89269 
17.7242 10.9144 30.5851 30.971 9.80528 
17.8711 10.8626 31.0583 30.3504 9.85759 
18.6916 11.3764 30.0109 30.1142 9.80685 
17.7853 11.8984 29.1774 31.2991 9.83973 
16.9284 11.1575 32.4458 29.6377 9.83058 
16.822 11.5905 32.0587 29.6282 9.90063 
18.3195 10.6733 32.1879 28.9909 9.82836 
18.0093 10.2039 32.9081 29.0972 9.78144 
18.9159 9.98361 33.0221 28.306 9.77238 
17.594 9.87346 33.5229 29.2418 9.76784 
18.583 10.2884 31.2874 30.0643 9.77689 
17.6516 10.4497 32.8463 29.1801 9.87237 
17.9022 10.3204 32.5059 29.3989 9.87249 
18.4467 10.0563 33.7604 27.9042 9.83239 
18.6351 10.0282 33.3508 28.0698 9.91619 
19.6519 9.8773 32.6328 28.0166 9.82132 
20.8351 9.83162 33.136 26.3936 9.80363 
20.8863 10.6971 31.568 26.9468 9.90181 
21.7284 10.2075 33.9658 24.2885 9.80984 
23.1284 9.97795 32.8634 24.2511 9.77913 
24.184 9.94105 32.2464 23.7869 9.84164 
23.9216 9.86011 31.8961 24.5118 9.81041 
23.2461 9.78899 32.7192 24.4816 9.76414 
21.7746 9.8945 31.6626 26.7862 9.88207 
22.8474 9.93064 30.4493 26.8483 9.92442 
22.0197 9.93221 32.9399 25.1791 9.9291 
22.5363 9.95053 30.6444 26.9198 9.94897 
22.0298 10.1077 31.8785 26.0427 9.94137 
21.1945 9.99398 33.0051 25.8956 9.91081 
21.4332 9.95055 33.2208 25.4865 9.90896 
20.3439 9.94422 31.6725 28.1159 9.92343 
21.496 9.85016 30.8188 27.9952 9.83976 
20.7809 9.85929 33.1726 26.3331 9.85409 
21.7766 9.88014 31.4378 27.028 9.87754 
20.1943 9.82966 32.5959 27.5518 9.82836 
21.0495 9.83546 32.0122 27.268 9.83482 
20.9349 9.80732 32.4099 27.0409 9.807 
21.0735 9.90366 31.6595 27.4599 9.9035 
22.2034 9.95183 30.6631 27.2299 9.95175 
24.6664 9.86551 32.524 23.0787 9.86546 
23.9431 9.88631 32.3611 23.9232 9.88629 
23.3562 9.86623 32.0267 24.8847 9.86622 
23.7696 9.83508 31.046 25.5142 9.83507 
23.6682 9.85384 31.6058 25.0183 9.85384 
24.7679 10.132 30.3139 24.9697 9.81651 
24.9646 10.066 32.8989 22.1623 9.90826 
26.3259 10.2447 33.2247 20.3645 9.84012 
28.7078 10.0903 31.997 19.3169 9.88801 
28.849 9.93115 31.7965 19.5933 9.83 
29.1003 9.91438 33.4751 17.6465 9.8638 
29.1605 9.82732 31.3479 19.8622 9.80203 
29.3489 10.7855 32.9337 17.0485 9.88322 
30.1107 10.2585 34.9232 14.9001 9.80738 
30.5436 10.0114 33.1182 16.541 9.78585 
30.5315 9.87584 33.7669 16.0627 9.76305 
32.0421 10.0366 34.8111 13.2945 9.81574 
30.7269 9.92026 35.5428 14.0002 9.80983 
31.8729 9.83435 33.8091 14.7045 9.77913 
32.6031 9.81014 33.7241 14.0801 9.78253 
33.1746 9.85863 33.4255 13.6964 9.84483 
31.8117 9.89726 32.5782 15.8226 9.89036 
33.0155 9.93202 32.402 14.7219 9.92857 
32.5961 9.8556 34.1821 13.5124 9.85387 
32.9647 9.84844 32.6466 14.6927 9.84757 
32.1073 9.92422 32.5733 15.4713 9.92379 
32.3967 9.81648 33.1151 14.8554 9.81626 
31.0198 9.90824 36.5576 12.6063 9.90813 
32.8474 9.90768 34.6875 12.6499 9.90763 
31.6476 9.87921 33.7616 14.8324 9.87919 
32.6523 9.79398 32.0912 15.6686 9.79396 
31.516 9.74931 36.2988 12.6866 9.7493 
32.2415 9.81971 36.8307 11.2884 9.81971 
31.1362 9.86341 34.2048 14.9321 9.86341 
32.1244 9.89859 33.9898 14.0886 9.89859 
33.4615 9.89435 34.5773 12.1725 9.89435 
33.677 9.81295 34.0672 12.6299 9.81295 
33.6567 9.90647 33.3972 13.1331 9.90647 
33.7992 9.88024 34.9468 11.4936 9.88024 
31.7851 10.2836 36.939 11.0903 9.90195 
32.1425 10.1418 34.7195 13.0451 9.95098 
31.2611 9.97597 34.1319 14.7504 9.88055 
30.9303 9.87758 32.0502 17.3121 9.82987 
29.7508 9.87076 31.8414 18.6901 9.84691 
30.7088 10.102 33.5874 15.6784 9.92345 
29.2967 10.019 34.5821 16.1725 9.92968 
29.1994 9.96305 33.2353 17.6838 9.9184 
27.1384 9.93508 33.3359 19.6778 9.91276 
28.2941 9.82191 32.5256 19.5476 9.81075 
31.4228 9.89434 32.0435 16.7506 9.88876 
29.7051 9.82139 31.745 18.9099 9.8186 
27.6394 9.82873 32.9217 19.7828 9.82733 
27.2267 9.80395 32.7069 20.4592 9.80326 
27.6758 9.90198 31.041 21.4796 9.90163 
27.7914 9.93438 30.4706 21.8694 9.9342 
28.1279 9.8361 33.9619 18.2381 9.83602 
29.1955 9.85226 31.4546 19.6453 9.85222 
29.6316 9.82478 32.6192 18.0997 9.82476 
29.0345 9.91239 32.4034 18.7373 9.91238 
29.6407 9.89447 31.7881 18.7823 9.89446 
29.8689 9.8016 32.0753 18.4526 9.8016 
31.1799 9.95495 33.3662 15.7245 9.77445 
31.5382 10.3654 35.4331 12.8191 9.84412 
31.3555 10.121 33.4573 15.2059 9.86033 
32.1273 9.94648 32.0381 16.072 9.81616 
31.8944 10.6159 33.4172 14.3056 9.76701 
32.6138 10.2099 32.8851 14.5057 9.78547 
30.9697 10.0903 33.598 15.464 9.87807 
30.2615 10.028 32.9502 16.8385 9.92185 
32.9243 9.99619 32.8452 14.2912 9.94313 
33.1819 9.9344 32.8239 14.1519 9.90787 
34.2601 9.85442 33.5172 12.5271 9.84115 
34.1476 9.83949 35.0042 11.1758 9.83286 
33.847 9.87182 31.5596 14.8531 9.86851 
33.8564 9.88799 31.1153 15.254 9.88633 
32.1892 10.1649 35.0355 12.8479 9.76244 
31.6684 10.0005 33.0915 15.4403 9.79925 
32.3957 9.88983 32.9496 14.9757 9.78922 
32.1656 9.94491 32.7651 15.2298 9.89461 
33.032 9.88771 34.0097 13.2081 9.86256 
33.2347 9.94386 32.1611 14.7291 9.93128 
34.0312 9.97193 33.6667 12.3645 9.96564 
33.6274 9.92017 34.2676 12.2678 9.91703 
34.252 9.89836 32.8745 13.0783 9.89679 
34.2514 9.84215 32.0336 14.0315 9.84136 
33.7924 10.9136 33.4325 12.0719 9.78959 
33.8834 10.4247 32.4214 13.4078 9.86275 
33.8721 10.2757 34.0904 11.9254 9.83644 
33.6568 10.008 34.74 11.8069 9.78835 
34.4459 9.86975 35.1552 10.7692 9.75995 
34.4435 9.91977 34.0429 11.729 9.86487 
34.1092 9.92677 34.24 11.8248 9.89932 
33.2405 9.93133 34.9085 12.0021 9.91761 
33.7088 9.87073 34.2264 12.3302 9.86387 
29.8979 9.90431 33.4175 16.8794 9.90088 
29.9945 9.81538 33.5781 16.7984 9.81366 
30.7616 9.84399 32.2349 17.3164 9.84314 
30.3968 9.87407 32.4114 17.4441 9.87364 
29.0873 9.87531 32.8724 18.29 9.87509 
29.6256 9.85569 32.0099 18.6532 9.85558 
30.9222 9.79107 30.5946 18.9011 9.79101 
30.0306 9.86242 31.8536 18.3909 9.86239 
31.5248 9.80542 31.4928 17.3716 9.80541 
30.2729 10.1475 32.0052 17.7767 9.79781 
31.1364 10.0737 31.0026 17.8883 9.89891 
31.0023 10.0208 32.2215 16.822 9.93338 
32.639 10.3107 32.8952 14.2414 9.91368 
33.7176 10.0143 32.5918 13.8605 9.81578 
20 20 20 20 20 
21.2482 20.5951 21.4659 18.3454 18.3454 
21.3197 19.5149 24.7329 18.564 15.8684 
20.8413 18.4268 28.7979 18.5562 13.3777 
21.4816 18.017 28.6202 19.0975 12.7837 
19.6858 16.4626 30.8239 20.0992 12.9285 
17.6729 17.851 30.0652 21.2353 13.1757 
16.5202 17.5001 30.1774 21.5308 14.2716 
14.8962 17.9034 30.4205 21.8638 14.9161 
14.3246 18.2757 30.3618 21.538 15.5 
15.7044 18.2495 28.7344 23.0697 14.242 
16.3428 17.2615 28.2823 24.1528 13.9606 
16.8037 16.9267 29.612 21.9418 14.7157 
17.1718 17.2333 29.1568 22.1327 14.3055 
16.0689 17.5736 29.0909 23.6514 13.6153 
16.5961 16.6635 28.3582 25.0677 13.3145 
16.0162 18.1751 28.9442 23.1602 13.7042 
15.4024 20.4726 30.7867 21.0872 12.2512 
16.8993 19.0806 31.7848 20.3313 11.9039 
16.685 18.8344 32.4807 21.1068 10.8931 
16.3328 16.0758 34.158 22.5389 10.8945 
14.4896 18.5765 31.8331 24.6184 10.4824 
14.6011 17.6791 32.2384 24.723 10.7584 
15.4824 17.6707 29.8854 26.3875 10.574 
14.9842 18.5316 29.896 25.3433 11.245 
15.5638 17.786 30.7552 24.6671 11.2279 
16.5083 18.209 30.354 23.0647 11.8639 
15.5561 17.7679 28.7909 26.1363 11.7488 
16.4737 19.067 29.1552 24.5098 10.7943 
17.2948 17.3837 30.2781 24.2114 10.8319 
17.0399 17.7935 29.087 25.6991 10.3805 
16.8337 18.6157 29.2976 24.7933 10.4596 
14.4949 18.3675 31.0479 25.2407 10.8491 
14.4749 18.8994 30.9268 25.2981 10.4008 
15.6316 16.6273 31.2785 25.4228 11.0398 
14.7793 17.2178 31.8493 24.8118 11.3418 
14.4302 17.5588 32.1538 24.2198 11.6375 
17.5092 16.3774 32.8661 22.5265 10.7207 
18.0403 15.9268 31.7902 23.7633 10.4794 
16.7125 15.2951 32.722 25.1028 10.1676 
14.6669 16.5068 32.5018 26.0223 10.3022 
14.8944 16.4241 31.4948 26.6697 10.517 
13.5793 17.4102 31.3134 27.4858 10.2113 
14.0036 16.5409 32.8209 26.5538 10.0808 
14.2432 16.5463 30.8932 27.07 11.2473 
13.011 14.8837 32.6341 27.8379 11.6333 
12.8027 13.3613 33.4455 29.0323 11.3582 
12.7995 12.9603 33.4289 30.156 10.6554 
11.5468 13.3429 34.4841 30.2741 10.3522 
11.4245 12.4454 35.5467 30.4933 10.0901 
11.602 12.739 35.0666 30.6602 9.93227 
11.6404 14.8853 34.9299 28.5904 9.95397 
11.8251 14.1829 33.8865 30.2266 9.87895 
11.81 14.1427 30.4048 33.5748 10.0677 
13.1385 14.051 30.6846 31.762 10.3638 
12.2764 14.2216 32.0917 31.2656 10.1447 
12.4042 13.7604 32.7978 30.9781 10.0595 
13.0144 13.6925 32.8513 30.5276 9.91409 
12.6017 12.8164 32.5948 32.0548 9.93217 
12.7566 14.1297 31.3607 31.8502 9.90279 
11.816 14.7572 31.1976 32.3707 9.85856 
11.3648 14.9928 31.8425 31.9214 9.87852 
11.2794 13.7153 33.4585 31.6323 9.91438 
12.1235 15.3365 32.0659 30.5294 9.94472 
12.4368 14.2932 32.908 30.3897 9.97236 
13.132 13.0725 32.8737 30.9973 9.92445 
11.9607 13.3784 34.3316 30.3671 9.96223 
12.1809 12.0982 33.7885 32.0701 9.86238 
13.5763 12.97 33.8434 29.1706 10.4397 
14.5513 13.0639 33.3691 28.7958 10.2198 
15.2244 12.3012 32.3256 30.0389 10.1099 
16.7268 13.1819 31.0065 28.4309 10.6539 
14.5803 14.2629 32.0377 28.898 10.2211 
13.8518 12.9057 31.5044 30.722 11.0161 
12.816 12.8665 32.1135 31.7222 10.4819 
12.9869 11.4332 33.0304 32.3085 10.2409 
13.8268 11.85 32.5152 31.7542 10.0538 
13.7379 12.4709 33.11 30.5011 10.1801 
13.5894 12.4183 32.5496 31.3796 10.0632 
12.9305 11.8227 32.5933 32.4 10.2535 
14.3741 10.8711 32.5165 32.1517 10.0865 
14.9953 10.3671 33.3815 31.2813 9.97478 
14.8546 10.9056 33.5845 30.7633 9.89202 
14.1555 11.6533 34.6023 29.7616 9.82728 
13.7076 11.4896 33.4614 31.4554 9.88601 
14.0538 10.6782 34.064 30.7944 10.4097 
14.6981 10.2706 34.8402 30.0547 10.1363 
14.5683 10.0818 34.7998 30.5354 10.0147 
15.3055 11.1906 34.2448 29.3051 9.95387 
13.9198 11.9986 34.8336 29.3665 9.88157 
14.7724 12.2493 33.0418 30.0478 9.8887 
14.3833 12.2471 34.0136 29.4554 9.90062 
16.0071 12.1842 31.7451 30.1547 9.90899 
15.126 11.3627 33.3939 30.1771 9.94025 
14.7259 11.0184 33.5509 30.8189 9.88585 
15.5574 10.5092 34.1366 29.8539 9.94293 
16.3153 10.1327 34.819 28.8836 9.84951 
16.3497 10.0098 34.4999 29.2723 9.86826 
16.2945 9.99067 32.9195 30.8755 9.91988 
15.4826 9.93546 35.7711 28.9108 9.90006 
15.636 10.0924 34.6446 29.6909 9.93618 
18.1784 10.4516 32.3373 29.1097 9.92305 
16.8273 10.1365 32.3889 30.7751 9.87224 
15.8049 13.0393 31.8466 29.4455 9.86365 
14.2447 12.5668 32.59 30.7995 9.79908 
14.2452 12.4287 32.0771 31.4612 9.78781 
14.8734 12.1414 32.3 30.9282 9.75713 
14.619 11.4574 32.8627 31.2099 9.85094 
13.9856 10.9844 33.9029 31.23 9.89706 
14.9474 10.4638 33.7128 30.9559 9.92012 
15.9074 10.2018 32.9709 30.99 9.92994 
16.1199 9.97195 32.2447 31.8274 9.83603 
16.5421 9.89669 32.6402 31.0923 9.82873 
17.2681 9.8156 34.0192 29.1155 9.78162 
17.3028 9.86136 33.7279 29.2636 9.84437 
17.6484 10.0929 32.9406 29.5286 9.78944 
17.0612 9.95976 33.8114 29.3597 9.80802 
17.2331 10.2014 32.7285 30.0279 9.80907 
17.5672 10.039 32.7223 29.8288 9.84281 
16.1273 10.0195 33.5486 30.3831 9.9214 
16.5966 9.94986 34.1396 29.4131 9.90082 
16.3679 10.1965 34.3166 29.2635 9.85547 
17.0349 10.3777 33.6179 29.0728 9.89668 
17.1801 10.0521 34.2862 28.6701 9.81156 
17.2526 9.88926 34.9242 28.1648 9.769 
16.4145 10.7079 33.6615 29.3472 9.86893 
16.4184 10.3393 34.4261 28.8965 9.9198 
17.4629 10.095 33.1832 29.3736 9.88527 
16.77 10.0314 31.8649 31.4071 9.92656 
16.639 9.93635 32.2817 31.2591 9.88391 
18.3504 9.90645 32.9618 28.9011 9.88023 
18.9911 10.0146 32.5852 28.561 9.84809 
18.0165 9.99121 32.5305 29.5538 9.90797 
18.6908 9.91624 34.043 27.4753 9.87462 
17.4887 9.84411 33.7968 29.0471 9.8233 
19.8889 9.89194 32.8622 27.4754 9.88153 
19.2692 9.92989 32.1867 28.6894 9.92469 
20.3142 9.81931 32.5982 27.4515 9.81671 
18.903 9.86015 33.2958 28.0822 9.85885 
18.8171 9.91497 31.7536 29.6 9.91432 
18.2901 9.8917 31.6663 30.2605 9.89137 
17.3117 9.94585 33.3331 29.4636 9.94569 
18.9452 9.95685 31.4576 29.6836 9.95677 
18.3615 9.89906 31.6018 30.2386 9.89902 
17.9739 9.94953 33.3871 28.74 9.94951 
17.7832 9.91304 33.6689 28.7218 9.91303 
18.5593 9.94141 32.6955 28.8624 9.94141 
17.4266 9.92278 32.8014 29.9264 9.92278 
16.7829 9.86645 34.5969 28.8873 9.86645 
17.3698 9.88679 33.7071 29.1495 9.88679 
17.7309 9.8776 31.4917 31.0221 9.8776 
18.4809 9.90675 31.9318 29.7739 9.90675 
22.1901 9.80949 32.3328 25.8582 9.80949 
23.595 9.80981 31.198 25.5873 9.80981 
24.9642 9.9049 30.9324 24.2937 9.9049 
26.793 9.89945 33.8407 19.5673 9.89945 
26.7406 9.93365 31.8721 21.52 9.93365 
26.0326 9.83695 34.4426 19.8509 9.83695 
26.0747 9.90129 32.1697 21.9529 9.90129 
26.5422 9.93457 31.1974 22.3913 9.93457 
28.1456 9.80599 32.9822 19.2601 9.80599 
29.655 9.86875 33.4432 17.1643 9.86875 
29.3981 9.84235 32.8259 18.0914 9.84235 
32.1567 9.83643 31.8367 16.3338 9.83643 
32.1128 9.91821 33.5045 14.5462 9.91821 
34.1485 9.89332 33.8575 12.2073 9.89332 
35.1524 9.83265 34.1926 10.9897 9.83265 
35.4676 9.8684 33.8695 10.9261 9.8684 
34.4005 9.91863 33.7572 12.0051 9.91863 
35.0336 9.95931 31.8786 13.1692 9.95931 
35.3512 9.91596 32.1813 12.6356 9.91596 
33.3134 10.3078 35.2265 11.2561 9.89625 
32.1973 10.0525 35.3497 12.5537 9.84677 
32.2845 9.99422 33.38 14.4499 9.89134 
32.1958 9.84661 34.9174 13.245 9.79517 
31.8965 9.78441 33.4309 15.1295 9.75869 
31.5038 9.81284 33.2234 15.66 9.79998 
29.9239 9.84273 32.8537 17.5434 9.8363 
30.2818 9.80352 34.1036 16.0107 9.8003 
29.2679 9.82239 33.5598 17.5292 9.82079 
27.557 9.83427 33.2414 19.5338 9.83347 
28.5045 9.88289 31.8604 19.8696 9.88249 
27.9041 9.89025 32.4831 19.8324 9.89005 
27.841 9.80624 32.3874 20.1593 9.80614 
28.6662 9.81837 33.4818 18.2152 9.81832 
29.7177 9.80429 33.3493 17.3244 9.80427 
29.3803 9.85264 32.0212 18.8932 9.85263 
29.5366 9.87513 32.7341 17.979 9.87512 
28.8666 9.8556 34.3999 17.0223 9.85559 
30.2062 9.81739 31.3955 18.7635 9.81739 
30.9151 9.82322 35.1422 14.2963 9.82322 
32.7394 9.77738 35.6919 12.0139 9.77738 
32.9821 9.77469 34.2955 13.1731 9.77469 
32.4588 9.88734 33.4381 14.3285 9.88734 
30.3117 9.84873 33.9659 16.025 9.84873 
31.0933 9.92437 32.2954 16.7625 9.92437 
28.604 9.89849 31.912 19.687 9.89849 
28.1245 9.89805 32.3383 19.7411 9.89805 
27.8781 9.88324 31.1362 21.2192 9.88324 
27.8966 9.88861 33.0593 19.2669 9.88861 
28.234 9.82236 34.6481 17.4732 9.82236 
29.0073 9.77011 33.4683 17.9842 9.77011 
29.4243 9.80569 32.9246 18.0397 9.80569 
29.3986 9.85334 33.294 17.6007 9.85334 
28.8336 9.87367 32.7247 18.6944 9.87367 
28.2629 9.93683 35.9778 15.8856 9.93683 
31.0304 9.84647 33.6683 15.6083 9.84647 
30.8018 9.85954 33.2354 16.2437 9.85954 
31.1636 9.84502 33.7364 15.41 9.84502 
31.5884 9.87301 33.8649 14.8007 9.87301 
31.8008 9.887 35.0843 13.3409 9.887 
32.0863 9.91145 34.3691 13.7218 9.91145 
31.5771 9.81009 35.1457 13.657 9.81009 
32.1924 9.79464 32.3993 15.819 9.79464 
30.1829 9.85088 34.0015 16.1139 9.85088 
29.7973 9.92544 33.4714 16.8805 9.92544 
29.8658 9.89693 34.0054 16.335 9.89693 
29.4538 9.88858 33.9189 16.8501 9.88858 
28.8779 9.81851 32.3682 19.1169 9.81851 
29.0085 9.87614 33.2371 18.0021 9.87614 
29.2303 9.90382 32.7144 18.2477 9.90382 
28.8292 9.80141 32.9124 18.6556 9.80141 
29.2172 9.83492 33.397 17.716 9.83492 
32.0689 9.83809 31.7779 16.477 9.83809 
31.8146 10.0609 32.9102 15.3307 9.88359 
31.4811 9.94848 32.1928 16.5178 9.85983 
31.2045 9.95706 34.3095 14.6163 9.91273 
29.0943 9.89916 34.7738 16.3558 9.877 
31.3822 9.83174 33.5485 15.4169 9.82065 
32.7365 9.84011 34.9561 12.6327 9.83457 
32.0641 9.77442 36.5719 11.818 9.77165 
31.8782 9.81029 35.8244 12.6782 9.8089 
33.5771 9.81312 34.0165 12.7808 9.81243 
34.5472 9.90656 33.2151 12.4249 9.90621 
33.2458 10.5088 34.6631 11.768 9.81422 
32.1028 10.208 34.5142 13.3143 9.86067 
30.9521 10.0709 34.4757 14.6042 9.89722 
29.5669 10.0354 33.6015 16.8476 9.94861 
29.1585 10.0177 31.332 19.5175 9.97431 
28.8884 9.94307 31.6199 19.6272 9.92136 
29.6228 9.97154 33.4885 16.9564 9.96068 
30.1447 10.9858 31.9109 16.9782 9.98034 
29.695 10.3671 34.0372 16.0363 9.86438 
29.3585 10.0731 34.211 16.5355 9.82178 
30.1965 9.8955 34.0334 16.1047 9.76983 
28.5657 10.0561 32.8062 18.7335 9.83847 
28.8597 9.88699 32.2338 19.2413 9.77817 
28.4709 9.90925 33.069 18.696 9.85484 
30.2732 9.82884 31.9433 18.153 9.80163 
32.067 9.81948 31.478 16.8297 9.80588 
32.0335 9.90974 34.139 14.0148 9.90294 
32.5719 9.80437 34.4608 13.3619 9.80097 
32.0924 9.90218 33.5207 14.5842 9.90048 
33.4881 9.93448 33.2055 13.4383 9.93363 
32.6303 9.81674 31.8202 15.9165 9.81631 
32.4964 9.76274 33.0622 14.9162 9.76253 
32.856 9.82837 35.0823 12.4051 9.82826 
33.4888 9.81283 35.7844 11.1012 9.81278 
34.2216 9.76964 34.7615 11.4776 9.76961 
32.7455 9.83838 33.6346 13.9432 9.83837 
32.7219 9.83982 32.0554 15.543 9.83982 
31.7193 9.86872 32.9219 15.6213 9.86871 
31.8663 10.7099 33.7877 13.7513 9.88485 
33.4636 10.3855 34.4243 11.9061 9.82047 
33.1405 10.1463 35.1688 11.6806 9.8638 
33.3444 10.0731 33.5522 13.0984 9.9319 
32.6142 10.109 34.5297 12.8898 9.85725 
20 20 20 20 20 
21.4307 19.292 21.7994 21.0619 16.4159 
24.0021 16.9013 24.9731 20.9331 13.1905 
22.0674 16.194 27.199 20.6435 13.8961 
19.6653 17.0444 28.1258 21.3744 13.7902 
18.0895 18.3846 28.8565 21.2377 13.4318 
17.9412 19.44 30.0814 20.5287 12.0087 
16.2553 19.3227 32.5904 20.4189 11.4127 
16.3263 19.3611 33.7317 19.9092 10.6717 
16.5158 20.0054 32.1791 20.1634 11.1363 
15.7811 19.8407 33.3349 20.0354 11.008 
14.587 20.4114 32.0692 21.9597 10.9727 
13.773 20.4649 31.9093 23.2909 10.562 
14.3687 20.3275 31.7504 22.5718 10.9817 
13.9245 19.7225 31.684 24.2761 10.3928 
14.2415 20.1238 30.2812 25.2645 10.089 
15.0753 20.5164 29.0042 24.7914 10.6127 
14.9586 19.6256 30.0739 24.6828 10.6591 
14.4337 18.5658 30.3847 25.7706 10.8452 
13.9154 18.4934 31.8191 25.4451 10.3269 
14.4222 18.9624 30.72 25.7557 10.1397 
14.4859 19.0655 29.4478 26.9656 10.0352 
13.665 17.6749 31.2376 26.9002 10.5222 
11.7276 18.8608 29.1386 29.4175 10.8555 
10.7934 19.9938 29.2407 29.2627 10.7094 
11.3668 22.5591 26.4363 28.4373 11.2005 
10.6715 21.9684 28.1825 28.5892 10.5884 
10.488 21.6399 28.6112 28.229 11.0319 
11.3714 22.217 28.0311 26.6145 11.7659 
10.6153 19.2071 30.4475 28.2134 11.5168 
11.3542 19.7198 30.2237 27.7113 10.9909 
12.4846 20.3059 30.6048 25.8275 10.7772 
12.8774 17.8544 34.1413 24.7621 10.3649 
13.2226 18.3493 32.0204 26.3258 10.0819 
13.4692 16.6559 31.8456 28.0008 10.0285 
15.0884 16.5589 29.682 28.7424 9.92826 
14.0442 16.1545 31.216 28.6212 9.96413 
15.0557 15.6312 30.4761 28.9389 9.89813 
13.1544 14.4652 31.4785 30.9656 9.93628 
14.4909 13.9472 31.3268 30.3509 9.88421 
15.0768 13.1182 32.4104 29.5128 9.88186 
14.3566 12.1147 31.6092 31.4231 10.4965 
16.03 12.1578 33.6276 28.0321 10.1525 
16.1197 12.3133 36.0158 25.4874 10.0638 
17.5489 12.8477 34.3096 25.2741 10.0197 
18.6248 12.2842 34.1124 24.8565 10.1221 
15.6106 12.0547 34.0228 26.5671 11.7448 
14.529 12.8733 33.6373 28.0757 10.8846 
14.4797 13.0189 32.768 29.3543 10.379 
14.684 13.7055 32.389 29.0692 10.1523 
12.4467 13.2664 33.3411 30.8959 10.05 
12.0706 13.6738 33.6156 30.7224 9.91759 
12.5074 12.8013 34.1936 30.4627 10.0349 
12.2537 11.4007 35.2218 31.1064 10.0175 
13.0146 12.333 33.8099 30.8593 9.98322 
13.2162 13.0019 32.2214 31.6322 9.92832 
13.7863 12.5653 31.7048 32.029 9.91466 
12.7456 13.5346 33.5369 30.2638 9.91916 
13.6388 14.2796 34.5024 26.9546 10.6246 
14.9988 13.2084 33.8739 27.7253 10.1936 
15.6545 12.7539 34.9851 26.5632 10.0433 
17.3078 13.0003 34.1159 25.6193 9.95672 
16.1471 12.7672 31.9081 29.2946 9.88299 
15.1442 13.0755 33.7571 27.9049 10.1183 
15.7022 11.9578 33.1387 29.2641 9.93718 
14.7477 12.4776 32.7497 30.1493 9.87575 
15.3314 12.4722 32.9531 29.0004 10.2429 
15.1207 11.6346 34.3429 28.8961 10.0058 
17.641 10.7904 33.9725 27.6201 9.97601 
17.4036 12.3434 32.3814 27.979 9.89264 
18.7285 11.653 33.303 26.4226 9.89284 
19.3643 11.0897 35.4673 24.1324 9.94642 
17.7558 10.9273 36.1472 25.239 9.93072 
18.6872 11.5944 35.5123 24.3361 9.86999 
19.6697 11.0961 35.9627 23.4452 9.8263 
18.9918 10.7806 34.1151 26.2575 9.85501 
16.5401 10.7771 35.0133 27.7696 9.89988 
15.6579 11.1933 33.6017 29.716 9.83121 
17.0831 10.569 32.4086 30.0513 9.88798 
16.6533 10.8696 32.9596 29.6533 9.8642 
16.7966 11.8556 31.6437 29.854 9.85013 
15.6956 12.2791 32.7138 29.3865 9.92507 
15.9522 11.4967 31.8789 30.7647 9.90759 
16.6409 11.5722 31.1383 30.7232 9.92539 
16.1636 13.069 31.8156 29.0871 9.86465 
16.1129 13.0112 32.7472 28.2741 9.85461 
17.1224 12.0001 32.3077 28.6975 9.87236 
17.6394 11.1676 31.936 29.4325 9.82445 
17.2666 11.0334 33.5429 28.3403 9.81686 
18.9685 10.824 33.6709 26.74 9.7967 
19.9068 10.3416 34.1594 25.7643 9.82793 
19.0979 10.7755 32.5664 27.7789 9.78122 
17.7907 11.0196 33.8656 27.4884 9.83566 
18.2344 10.3949 33.4558 28.112 9.80289 
18.2081 10.3294 32.8569 28.7188 9.88678 
17.6055 11.5048 31.9904 29.0568 9.84253 
16.9488 11.0895 33.6918 28.4329 9.83699 
18.8602 10.4409 32.2762 28.6081 9.81464 
18.7496 10.1021 33.002 28.3573 9.78898 
18.7679 10.2534 32.975 28.196 9.80778 
18.723 11.1612 32.0047 28.3221 9.78895 
17.9122 11.3777 31.6545 29.2335 9.82201 
16.2211 11.2444 32.7788 29.8589 9.89676 
15.9009 10.5797 33.6699 29.9436 9.90589 
17.555 10.6571 32.0892 29.8023 9.89645 
17.257 12.0537 31.3955 29.3748 9.91898 
18.1113 10.9119 32.2207 28.9116 9.84455 
18.2864 10.9944 31.8027 29.0712 9.84535 
17.6281 10.8002 32.871 28.778 9.92268 
18.6943 10.3402 32.9026 28.1615 9.90146 
17.3409 10.0291 32.5955 30.2249 9.80966 
15.9405 10.8009 33.0633 30.3944 9.80097 
17.5381 10.3387 32.4267 29.8577 9.83876 
15.6095 10.3811 32.3371 31.8669 9.80537 
15.4035 10.2057 33.6458 30.9791 9.76591 
16.6412 10.1029 35.0047 28.2168 10.0345 
17.1256 10.3973 34.798 27.7876 9.89145 
18.038 10.1549 34.1628 27.7422 9.90199 
18.7674 9.95168 33.7481 27.7076 9.82521 
20.0504 9.97584 31.2074 28.8538 9.91261 
19.7267 9.91329 32.6186 27.8597 9.88168 
21.0089 10.839 31.944 26.3138 9.8944 
20.765 10.3055 33.3987 25.6976 9.83319 
19.7476 10.3908 31.7787 28.2456 9.83723 
20.059 10.9053 31.4758 27.7031 9.85689 
20.6901 10.4076 32.2544 26.7644 9.8834 
18.6005 11.1228 31.8593 28.4913 9.92612 
17.5784 10.5283 33.6449 28.3185 9.92995 
18.106 10.2331 32.1951 29.5319 9.93392 
19.6639 10.1005 31.0493 29.2354 9.95088 
20.9431 10.1156 32.3547 26.7092 9.8774 
20.1178 10.0417 34.1838 25.734 9.92262 
21.4086 9.92884 33.1962 25.5971 9.86929 
21.2389 9.83863 31.6924 27.4212 9.80886 
24.0881 11.0079 32.0824 22.9357 9.88598 
23.522 10.3782 34.7519 21.5307 9.8172 
23.636 11.2828 32.6884 22.4841 9.9086 
23.1816 10.5115 33.3897 23.0927 9.82443 
23.1781 10.1764 34.1552 22.6575 9.83285 
25.8963 10.0581 30.6318 23.5275 9.8863 
25.3306 9.88798 31.7736 23.2058 9.80209 
24.154 9.96017 33.3625 22.7679 9.75541 
23.281 9.82958 32.7348 24.4274 9.7272 
23.5297 9.80078 30.6996 26.2202 9.7496 
22.4672 9.74989 31.0689 26.9897 9.7243 
23.0276 9.85833 31.4813 25.7872 9.84554 
21.3499 9.8472 31.6423 27.3198 9.8408 
19.4128 9.77797 31.6787 29.3557 9.77477 
20.3752 9.82529 32.3999 27.5759 9.82369 
21.8005 9.91265 32.329 26.046 9.91185 
23.8286 9.94075 31.2735 25.0168 9.94035 
22.6172 9.92245 33.3684 24.1697 9.92225 
26.9137 9.89753 31.0154 22.276 9.89743 
27.4371 9.88298 30.4748 22.3222 9.88293 
29.0496 9.81954 30.5684 20.743 9.81951 
28.1952 9.77868 32.3254 19.922 9.77867 
28.8327 9.85623 32.719 18.7359 9.85622 
26.9991 9.895 32.2535 20.9573 9.895 
26.6845 9.91325 34.7912 18.6978 9.91325 
26.4652 9.94002 32.678 20.9768 9.94002 
27.6038 9.91013 31.4587 21.1172 9.91013 
26.2191 9.92195 32.4512 21.4857 9.92195 
27.2252 9.89295 33.2324 19.7565 9.89295 
30.122 9.82069 31.7105 18.526 9.82069 
31.0404 9.89316 32.0065 17.1668 9.89316 
30.8891 10.0695 35.0606 14.1162 9.86461 
30.4947 9.88426 35.0888 14.7504 9.78181 
31.273 9.91008 33.0893 15.8688 9.85885 
32.0272 9.92193 33.9288 14.2258 9.89631 
32.0584 10.1848 33.942 14.0159 9.7989 
32.8546 10.0131 33.3202 13.9921 9.82009 
31.1425 9.91159 33.274 15.8568 9.81511 
31.3699 9.81691 35.2134 13.8312 9.76866 
28.826 9.8764 35.0746 16.3707 9.85228 
28.7452 9.82419 35.1269 16.4915 9.81213 
30.1533 9.89549 32.5136 17.5481 9.88946 
31.0073 9.83733 31.241 18.08 9.83432 
29.8715 9.89951 34.0113 16.3197 9.898 
31.4437 9.87039 32.5612 16.2551 9.86964 
32.7218 9.93519 31.7806 15.6275 9.93482 
33.9377 9.9164 33.4671 12.7626 9.91621 
33.0873 9.89241 34.4967 12.6313 9.89232 
32.0821 9.86928 34.4791 13.7003 9.86924 
33.3678 9.88514 34.4013 12.4607 9.88511 
33.2423 9.8127 34.4084 12.7239 9.81269 
32.8963 9.77212 34.6539 12.9056 9.77211 
32.4738 9.85401 33.9936 13.8246 9.85401 
32.622 9.82565 35.24 12.4866 9.82565 
32.5166 10.0512 36.3947 11.184 9.85354 
