5 80000 300 266
14 14 14 14 14 14 14 
15.3113 13.4644 15.8391 12.6069 12.8707 13.3325 15.5752 
14.3273 13.6287 19.3888 14.1745 13.6318 11.6138 12.7351 
17.0096 14.263 18.256 13.9366 14.1789 10.7726 11.3333 
18.003 15.7337 19.0743 13.5991 12.5554 10.3146 10.595 
18.9406 16.9946 18.9692 12.0734 13.4785 9.21411 10.2671 
17.9169 15.8759 18.5137 14.0949 13.9237 9.55851 10.085 
16.2678 15.3532 19.1086 14.6746 15.6483 8.91061 10.0213 
15.5829 14.4113 19.5543 14.174 17.0078 9.25122 10.0107 
14.9496 15.539 18.2173 14.993 17.2646 9.11279 9.91986 
14.0765 16.3193 18.5242 14.3147 17.2903 9.53475 9.93828 
14.2258 15.4513 17.1788 16.324 17.3952 9.45488 9.96914 
12.2216 15.9865 16.959 16.9664 17.6106 10.2709 9.98457 
13.029 15.7501 16.8652 16.4496 17.6103 10.3765 9.91891 
12.1868 15.5431 17.6763 18.5189 16.4732 9.70508 9.89643 
11.1041 17.3664 17.7934 16.2957 18.2579 9.33015 9.85227 
11.9373 15.7178 17.8794 17.2388 18.0034 9.31876 9.90449 
10.8813 16.8109 19.2017 16.2613 18.0629 8.91702 9.86491 
10.1576 17.1057 18.4059 18.2984 16.8931 9.28031 9.85908 
10.8561 17.5864 18.3416 18.9181 15.2743 9.15696 9.86651 
11.1484 18.8568 17.5394 18.4633 14.9465 9.13357 9.91207 
10.5227 19.3253 17.3264 18.4069 15.2052 9.30905 9.90449 
11.2188 20.0882 17.0675 17.0758 15.0494 9.54814 9.95224 
10.6094 19.0658 19.6207 16.364 14.8073 9.55668 9.97612 
9.59611 20.3114 19.5908 15.7668 15.4875 9.26936 9.97808 
10.4015 17.8065 18.8471 18.1205 15.3946 9.48382 9.94594 
10.612 18.4271 18.298 19.2334 13.7579 9.72026 9.95132 
10.3907 18.5356 17.9414 19.2565 14.612 9.30928 9.95448 
9.839 19.095 19.2299 17.7276 14.4334 9.73024 9.94484 
9.63262 18.2565 18.6313 17.8802 15.7208 9.98807 9.89045 
9.91609 18.8844 18.6283 17.3658 14.9558 10.3155 9.93414 
10.7064 19.6374 18.3163 16.1666 15.3954 9.82155 9.95622 
10.5439 17.8696 19.3277 15.9223 16.4901 9.88959 9.95693 
11.3064 18.7408 18.9311 16.1508 15.3571 9.57841 9.93536 
10.882 17.7582 19.1605 16.6811 15.6306 10.018 9.86964 
10.4624 17.4261 19.9435 16.567 15.5076 10.244 9.84935 
10.4599 18.517 17.9238 17.4338 15.488 10.3508 9.82664 
10.1859 16.9677 18.213 19.0693 16.1141 9.58067 9.86927 
10.3103 17.9404 16.1717 18.8825 16.7527 10.0077 9.93463 
10.35 17.0871 18.0426 19.7226 15.6274 9.22464 9.94567 
11.1663 16.6045 19.0431 19.3384 15.2211 8.75175 9.8748 
12.0313 15.8076 19.5638 17.8088 15.433 9.44987 9.90569 
10.7203 16.6565 18.097 17.7665 17.1257 9.75776 9.87626 
11.6794 17.53 18.2503 17.5307 15.5473 9.5352 9.92704 
10.9153 17.8363 19.4923 17.4047 14.6851 9.7352 9.93112 
11.2354 17.2515 18.9684 17.9246 15.4537 9.20093 9.96556 
10.6505 17.1597 17.9087 18.8091 15.9325 9.63329 9.90619 
10.5943 18.7816 16.8019 18.3732 15.9259 9.63727 9.88583 
11.2742 18.0115 17.2515 17.2326 15.4342 10.9106 9.88545 
10.7047 18.5778 17.7474 16.9496 16.0504 10.0724 9.89768 
10.1454 18.3303 20.0937 15.4465 16.522 9.61137 9.8508 
10.1264 18.52 19.6168 15.6802 15.3578 10.8272 9.87164 
9.56773 17.5933 19.3805 15.723 17.4762 10.3686 9.89077 
9.51075 19.721 19.144 15.8447 16.6162 9.28091 9.88236 
10.2348 19.9062 18.2478 15.2283 17.0981 9.43498 9.84986 
9.50931 19.0747 16.8942 16.8484 18.1211 9.67244 9.87988 
9.75465 19.1026 16.708 17.0111 17.6475 9.83622 9.93994 
9.56483 16.8058 18.5102 18.885 16.5246 9.82883 9.88069 
9.43609 16.0869 18.9954 18.2088 17.5697 9.78454 9.9187 
9.64924 15.4976 20.6215 18.7374 16.4683 9.13539 9.89054 
9.79076 17.7939 18.55 18.9624 15.9091 9.08237 9.91141 
10.3586 17.6856 17.7073 18.7448 15.793 9.76684 9.94383 
10.5725 19.2922 17.8424 15.8893 16.0988 10.389 9.91573 
9.81213 19.8832 18.9428 16.8886 14.6227 9.9359 9.91476 
11.4229 18.9304 19.4714 15.9724 14.6147 9.68705 9.9012 
12.6749 18.2551 19.6672 16.5478 13.9284 9.06727 9.85928 
11.9183 17.8975 21.5648 15.9049 13.2284 9.65892 9.82713 
11.8894 17.5534 20.7824 16.2083 13.8235 9.82946 9.91357 
12.5572 18.8695 18.8599 15.4127 14.4524 9.90313 9.94518 
13.1296 18.8098 16.7617 15.6391 15.88 9.87945 9.90048 
11.9893 17.4237 18.2865 17.7252 14.5438 10.1284 9.90307 
13.0712 17.8766 18.656 16.5192 13.7684 10.1686 9.93993 
12.9836 19.5718 19.7352 15.3863 12.8797 9.49607 9.94734 
13.055 18.4971 21.2041 15.0917 12.6451 9.64064 9.86627 
13.7209 16.324 20.036 17.4515 12.8084 9.77315 9.88597 
14.0879 17.6407 20.0891 16.9011 12.3284 9.03349 9.91929 
14.9515 17.5795 17.5871 17.3313 13.0985 9.50458 9.94748 
14.0451 18.8871 18.161 16.9382 12.9969 9.0102 9.96157 
15.8531 18.6321 17.3144 15.3903 13.6584 9.27837 9.87339 
15.103 17.1984 19.9513 14.8716 13.4174 9.58036 9.87787 
15.3453 16.9925 20.5272 13.1912 14.1428 9.94606 9.855 
15.4208 17.334 19.2224 14.2227 13.9721 9.93671 9.89118 
15.7786 17.0761 19.2703 14.8386 13.8042 9.28654 9.94559 
15.2094 17.347 20.4292 14.9876 13.1056 8.9857 9.93557 
13.9279 19.7976 18.9968 14.5195 13.4615 9.41088 9.88582 
14.5806 19.7268 19.5721 13.8937 12.7504 9.61945 9.85691 
14.6221 17.9163 19.762 14.9997 13.106 9.73761 9.85634 
13.6206 16.9343 21.4286 15.238 13.8149 9.03547 9.92817 
14.355 17.6743 18.1312 15.0359 15.3473 9.50495 9.9513 
13.8523 16.7255 20.4734 16.0131 13.9843 9.00005 9.95138 
12.8156 18.3387 18.8905 15.9392 15.0451 9.06733 9.90357 
12.5023 17.8758 19.5199 15.1835 16.1046 8.8869 9.92691 
12.7349 18.2895 17.2412 16.694 16.4064 8.68285 9.95099 
11.2694 17.3556 18.4245 15.945 17.8846 9.24339 9.87745 
12.075 18.0455 19.7509 14.4128 16.6706 9.18844 9.85676 
12.0076 19.0974 16.0944 17.6542 15.6736 9.56934 9.9035 
12.2022 19.3283 15.4852 16.6783 16.6522 9.74335 9.91043 
12.3016 16.6562 16.7136 17.4421 17.2971 9.75294 9.83648 
11.4075 16.3966 18.0145 17.7675 16.8393 9.76645 9.80822 
11.2314 18.4998 16.7962 17.6777 16.2086 9.78272 9.80361 
10.8056 19.2499 17.0057 17.8262 15.4461 9.82807 9.83851 
10.6999 18.5397 18.0636 17.6986 15.475 9.6944 9.82882 
11.3867 19.6373 18.4806 16.8546 14.5616 9.17791 9.90128 
13.376 18.7607 16.9229 17.4953 14.0818 9.50079 9.86248 
13.4265 18.2752 18.0302 18.0468 13.5099 8.79352 9.91776 
13.1566 17.1273 19.711 18.8172 12.0385 9.29367 9.85579 
13.2178 16.8292 20.2891 18.6227 11.5748 9.66038 9.80594 
13.3113 15.2511 21.1365 18.1585 12.892 9.38783 9.86276 
13.2982 14.9927 22.8871 18.258 11.76 8.92097 9.88307 
12.6192 15.7053 21.0207 20.1987 11.1039 9.43561 9.91666 
12.3152 16.0929 22.2422 18.4792 12.2558 8.76808 9.8466 
12.425 16.1244 21.1489 19.4067 11.8382 9.25869 9.79795 
11.8125 16.3289 21.3745 19.17 12.3191 9.16268 9.83231 
12.4852 15.0065 21.3451 18.664 13.0017 9.58134 9.91615 
12.0118 14.9209 21.5242 18.9474 12.9569 9.73573 9.90313 
13.3513 15.1924 20.1693 18.1077 13.5661 9.76477 9.84847 
14.809 13.3295 20.218 18.5205 13.4497 9.81572 9.85757 
15.5707 14.1146 20.2809 17.9995 12.4555 9.77892 9.79985 
13.3102 13.8253 20.7758 20.4638 11.8907 9.86184 9.8723 
12.638 14.4625 20.5019 20.7732 11.7858 9.91667 9.9219 
12.0482 15.9552 19.8864 20.9335 11.3617 9.90625 9.90887 
13.0643 16.742 20.4317 19.5185 10.5659 9.83818 9.83949 
13.5322 15.371 20.073 19.9021 11.2829 9.91909 9.91975 
14.4357 15.5026 19.6235 19.0956 11.6887 9.8268 9.82713 
14.445 14.536 19.8413 20.0198 11.5965 9.78066 9.78082 
14.8712 15.2 19.8356 19.5 10.8974 9.84784 9.84792 
12.8087 17.8985 18.7238 20.1977 10.6726 9.84929 9.84933 
12.7315 18.6715 18.1582 19.9754 10.7375 9.86292 9.86294 
13.2408 17.617 18.2978 20.4565 10.525 9.93146 9.93147 
12.7951 15.1338 20.4441 20.4692 11.2866 9.93561 9.93561 
12.7744 14.2336 20.8018 21.1042 11.2955 9.89534 9.89534 
13.3843 12.2188 21.9169 22.3597 11.1871 9.0293 9.90394 
14.743 11.6179 22.2579 20.6431 11.3845 9.45815 9.89547 
14.4051 12.3839 20.3033 21.7894 11.6556 9.62204 9.8407 
13.5662 13.4647 20.7577 20.8947 11.5854 9.81102 9.92035 
14.5753 14.5245 19.3074 19.7006 12.2862 9.77564 9.83031 
13.1508 14.7541 21.7058 20.2738 11.0291 9.28521 9.80115 
14.4868 13.2315 21.4542 20.8964 10.5778 9.54767 9.80564 
14.0395 12.7646 22.2158 20.6424 10.9523 9.6282 9.75719 
14.3817 12.5173 22.6109 19.9838 10.9976 9.72208 9.78657 
15.235 10.9905 22.6619 19.6133 11.9657 9.75063 9.78287 
17.1257 10.2493 22.6424 19.1509 11.2288 9.79335 9.80947 
18.7268 11.6821 22.1409 17.2804 10.5324 9.81471 9.82277 
21.4035 9.8544 22.2745 17.1686 9.78125 9.75685 9.76088 
20.21 9.51737 23.9241 17.4368 10.1365 8.97679 9.79847 
18.747 10.0056 24.6164 17.669 9.69789 9.42666 9.83751 
19.9598 11.0289 21.5916 18.4436 9.57207 9.59933 9.80475 
19.3662 10.2076 22.8897 18.6081 9.47918 9.67331 9.77602 
19.0688 9.88194 22.3663 19.543 9.51775 9.78546 9.83682 
18.8786 9.859 22.0028 20.0993 9.51297 9.81076 9.83644 
18.0834 9.50577 22.1879 20.8971 9.67174 9.82064 9.83347 
18.2112 8.90514 22.6856 21.0022 9.68016 9.75461 9.76103 
17.8894 9.01338 22.9982 21.6497 8.89413 9.77595 9.77916 
17.4553 10.5351 21.7828 21.1086 9.41161 9.85252 9.85412 
19.9346 10.0951 21.7535 18.6577 9.7058 9.92626 9.92706 
19.4185 10.5354 23.2243 17.5606 9.57851 9.84118 9.84158 
19.3498 10.9866 22.5599 18.094 9.36442 9.82255 9.82275 
18.6749 10.3267 23.6133 18.7137 8.84888 9.91127 9.91138 
19.1381 10.8112 21.9395 19.1575 9.0756 9.93903 9.93908 
20.5447 10.8063 21.5969 17.9411 9.41585 9.84756 9.84759 
22.4631 10.8802 21.2225 16.7444 8.94821 9.87078 9.87079 
23.6045 10.3553 22.1367 15.8298 9.05037 9.17268 9.85065 
25.0781 10.0053 22.9649 13.4322 9.00795 9.58634 9.92532 
25.5527 10.1396 24.4961 11.1681 8.95603 9.75892 9.92842 
25.6053 9.83954 24.2547 11.3406 9.24775 9.81367 9.89842 
24.7658 11.5149 24.5506 10.5783 8.91835 9.81481 9.85718 
23.5496 10.4241 24.942 12.7891 8.45918 9.90741 9.92859 
23.4586 10.3667 23.8112 14.1265 8.3533 9.93652 9.94711 
24.3121 9.65354 22.1705 14.8447 9.14354 9.93515 9.94044 
23.1433 9.28537 22.7095 15.5434 9.50807 9.90388 9.90653 
22.6828 8.94376 23.1827 16.3738 9.23432 9.79065 9.79197 
22.5427 8.855 24.2537 15.3298 9.48729 9.76545 9.76612 
23.3456 8.76186 24.2011 15.25 8.76841 9.83629 9.83662 
22.8616 9.62569 24.688 14.7928 8.40519 9.81325 9.81341 
23.9308 9.88041 24.6751 13.3086 8.59448 9.80527 9.80536 
24.0402 9.87218 24.4124 11.7563 10.2496 9.83461 9.83465 
24.1513 9.85412 24.3373 11.9437 10.0428 9.83534 9.83536 
24.3594 10.6364 22.0303 13.5843 9.86571 9.76196 9.76197 
25.5866 10.0501 23.6334 12.1549 9.0338 9.77057 9.77057 
23.2695 9.62821 25.6262 12.4267 9.43754 9.80592 9.80592 
25.5771 9.30128 24.8323 10.8608 9.68672 9.87091 9.87091 
24.4499 9.60272 25.9944 10.702 9.47595 9.88753 9.88753 
23.7156 8.99391 26.3513 11.4069 9.70692 9.91271 9.91271 
24.7105 9.35589 23.9907 13.2269 9.08543 9.81529 9.81529 
24.1796 9.23875 22.8061 14.7216 9.44137 9.80629 9.80629 
25.2564 8.95271 22.9031 13.3608 9.72068 9.90315 9.90315 
26.2495 9.79197 22.5811 12.4943 9.01317 9.93496 9.93496 
27.5577 9.36334 22.8026 11.4018 8.97394 9.9503 9.9503 
25.5713 9.71312 23.6654 11.9902 9.36118 9.84936 9.84936 
25.5308 9.26832 22.9438 13.0213 9.58255 9.82664 9.82664 
23.3264 9.08961 25.1683 12.7813 9.90679 9.86382 9.86382 
21.8673 8.96657 26.8699 12.6831 9.88537 9.86388 9.86388 
23.6787 8.56825 26.5068 11.7337 9.84464 9.8339 9.8339 
25.5682 8.8604 25.4568 11.4601 8.99012 9.8322 9.8322 
24.7907 9.03546 24.0771 12.9669 9.42927 9.85031 9.85031 
24.7807 9.5636 21.8245 14.5874 9.6076 9.81812 9.81812 
22.6252 9.81536 23.6639 15.1796 9.16622 9.77483 9.77483 
24.9987 10.7471 23.1458 12.5168 8.96267 9.81442 9.81442 
26.2981 10.406 24.0729 10.9662 8.70211 9.77734 9.77734 
27.02 9.71914 23.9719 11.1283 8.38332 9.88867 9.88867 
25.3475 9.80656 27.0036 9.80441 8.25526 9.89133 9.89133 
27.1899 10.0646 24.7921 9.90221 8.15989 9.94567 9.94567 
23.7195 9.08213 28.2839 9.93553 9.06437 9.95726 9.95726 
25.8785 9.52549 25.6684 9.4849 9.51661 9.96305 9.96305 
26.4261 9.20353 25.6632 9.67666 9.19909 9.91574 9.91574 
26.4846 9.69436 22.5538 11.9371 9.53782 9.89614 9.89614 
25.606 10.1199 24.7314 10.514 9.31436 9.85716 9.85716 
26.2978 9.2122 26.0335 9.75527 9.15545 9.77287 9.77287 
26.1714 9.59002 23.6277 11.3085 9.56165 9.87036 9.87036 
27.1325 9.14284 24.5229 10.5038 9.12865 9.78468 9.78468 
25.3603 8.72424 27.2116 9.4047 9.54771 9.87573 9.87573 
26.6063 9.22789 25.6863 9.23255 9.63963 9.80364 9.80364 
27.6315 9.83783 24.9327 8.64613 9.29743 9.82719 9.82719 
28.0298 9.60119 24.5065 9.17256 9.16376 9.76309 9.76309 
28.3006 9.1239 24.4713 9.09756 9.4691 9.76876 9.76876 
29.5098 8.64692 24.8173 8.63375 8.81952 9.78634 9.78634 
26.7034 9.28669 27.1146 8.36099 9.74064 8.93729 9.85641 
29.0283 9.59384 23.7883 8.47092 9.82082 9.41914 9.8787 
29.2869 9.50471 23.7448 9.10559 8.96885 9.5797 9.80948 
29.6271 9.63835 23.2731 8.62446 9.37042 9.67584 9.79073 
29.6965 9.167 23.0078 9.16173 9.53471 9.68742 9.74486 
27.3483 8.69534 24.1684 10.5019 9.70156 9.77792 9.80664 
25.733 9.64179 25.7606 10.1039 8.96843 9.88896 9.90332 
26.7461 9.0015 25.5894 9.73422 9.33371 9.79398 9.80116 
26.2257 9.35968 24.0799 11.2934 9.52579 9.75592 9.75951 
26.4849 9.04031 22.3597 13.2049 9.26871 9.81982 9.82162 
24.7425 9.35349 25.3465 11.6024 9.13435 9.90991 9.91081 
25.5819 8.85735 26.3856 10.9852 8.58056 9.80445 9.8049 
26.7781 9.25182 24.2861 10.6373 9.2742 9.88615 9.88637 
26.7109 9.12418 23.7347 11.201 9.6544 9.78737 9.78748 
27.1422 9.15768 23.0806 11.1152 9.79044 9.85692 9.85697 
29.035 9.56166 21.8496 9.85313 9.87804 9.91128 9.9113 
28.3971 10.132 22.6305 9.77606 9.45407 9.80514 9.80515 
27.1356 9.2618 24.602 9.78314 9.62214 9.79767 9.79768 
25.1595 9.47519 27.5259 9.04382 9.30934 9.74313 9.74313 
25.5371 9.31077 27.7873 8.7902 9.0754 9.74961 9.74961 
27.5413 9.52551 24.1209 9.91458 9.40783 9.74494 9.74494 
24.018 9.70975 25.8414 11.141 9.65091 9.81946 9.81946 
24.022 9.88734 27.3687 9.62896 9.53325 9.77986 9.77986 
23.9675 9.60206 25.3303 11.6468 9.73557 9.85888 9.85888 
22.5448 9.42149 26.5266 12.5891 9.15821 9.87993 9.87993 
23.0935 9.66282 25.2441 12.6843 9.53118 9.89204 9.89204 
25.9612 8.88547 23.4329 13.0989 8.81965 9.90098 9.90098 
25.523 9.1885 22.3944 13.8376 9.32508 9.86574 9.86574 
27.0971 9.48935 21.3371 12.8629 9.55764 9.82798 9.82798 
28.2837 9.71156 21.5957 11.3983 9.24902 9.88088 9.88088 
25.6678 9.40124 24.9212 9.7576 10.631 9.81057 9.81057 
27.3076 9.7993 23.3159 9.64854 10.2497 9.83949 9.83949 
25.0975 9.82923 26.2706 9.9299 9.17415 9.84932 9.84932 
25.1717 9.83265 26.0861 9.71905 9.50511 9.8427 9.8427 
22.3382 10.3343 27.1298 10.7419 9.70611 9.87491 9.87491 
23.2798 9.83842 24.1185 13.5024 9.69735 9.78174 9.78174 
23.3348 9.66497 23.4152 14.2088 9.76393 9.80613 9.80613 
25.1049 9.20749 22.1763 14.7607 8.94446 9.90306 9.90306 
24.0784 9.1492 25.8609 12.5751 8.69301 9.82166 9.82166 
26.5081 8.78705 25.2015 10.5 9.29156 9.85589 9.85589 
27.299 9.44971 24.5858 10.1189 8.9529 9.79686 9.79686 
24.8873 9.93658 26.2994 9.94546 9.36244 9.78442 9.78442 
25.5666 9.78557 25.9404 10.1222 8.83404 9.8756 9.8756 
26.7095 9.2552 25.0507 10.9336 8.44387 9.80357 9.80357 
24.9861 9.91461 25.9695 10.9049 8.45154 9.88668 9.88668 
25.2517 9.44006 26.9503 9.93519 8.53612 9.94334 9.94334 
24.2578 9.58114 25.2807 12.0857 9.12917 9.83278 9.83278 
25.4725 9.69855 23.99 12.3312 8.85906 9.82437 9.82437 
25.4846 9.81616 23.5844 11.9603 9.39642 9.87907 9.87907 
25.4542 9.14537 23.9956 12.4208 9.27448 9.85479 9.85479 
23.7411 9.11814 25.6342 12.3293 9.53235 9.8225 9.8225 
14 14 14 14 14 14 14 
14.1953 12.58 16.7651 12.5066 15.2232 14.5624 13.1674 
16.0375 11.5906 17.8762 14.402 15.7603 12.2654 11.5679 
14.4072 10.8209 18.1374 16.9114 17.6757 11.0731 10.7243 
14.576 11.9322 16.8192 17.6239 18.1951 10.4515 10.2771 
14.9874 12.6451 15.6452 18.645 17.8174 10.1422 10.0551 
13.5095 12.6342 18.5721 18.1982 17.2914 9.80485 9.9585 
15.0881 13.6342 18.8389 16.6194 16.6741 9.17072 9.95892 
14.4546 14.6423 19.0739 16.2366 16.5688 9.0569 9.95914 
13.3731 14.9253 19.537 15.2016 17.6594 9.32012 9.97957 
11.3874 16.5439 20.4522 16.5752 15.881 9.25408 9.90431 
12.0317 17.7287 18.9786 15.6316 16.3912 9.35541 9.88173 
13.3945 17.6993 18.9068 14.6119 16.5451 8.94955 9.89232 
13.6475 17.9783 18.582 15.501 15.119 9.24656 9.92541 
12.0212 18.0328 18.6465 18.2495 14.0044 9.09313 9.95231 
11.759 18.5609 18.5424 17.91 13.7267 9.53572 9.96531 
11.528 17.544 18.8946 17.7416 14.2901 10.1026 9.89897 
11.4108 19.2443 19.0982 17.803 13.3052 9.26074 9.87762 
12.7417 19.1104 18.7176 16.8973 13.9021 8.78815 9.84286 
11.9264 18.6364 18.2263 18.705 13.1476 9.52228 9.83596 
12.0502 19.3182 17.1566 18.483 13.2042 9.86984 9.91798 
12.3444 17.1979 17.004 19.8845 13.6975 9.92383 9.9479 
12.7313 16.771 16.5665 19.7272 14.3756 9.90815 9.92019 
11.9571 17.3102 17.3155 19.4335 14.6072 9.47021 9.90633 
10.776 18.0368 17.2932 17.8191 16.1522 10.0656 9.85722 
9.64994 18.4778 17.5863 18.1611 16.2882 9.91845 9.91821 
9.89105 16.6178 18.4848 17.8911 16.9547 10.2456 9.91505 
9.99816 15.6773 20.5055 17.8929 15.951 10.0702 9.9049 
10.3379 16.3602 19.6984 17.2627 16.4971 9.96321 9.88058 
10.5408 16.1347 19.8698 17.1024 17.2361 9.21714 9.89897 
11.632 15.9914 18.3055 17.703 17.1002 9.40768 9.8602 
11.5149 16.1678 19.3678 17.9913 16.077 9.00491 9.87634 
11.3378 17.2357 19.9517 17.9242 14.8465 8.85514 9.84888 
12.3653 16.5419 20.3553 18.2255 14.0081 8.66864 9.83516 
14.0258 15.7873 18.4565 18.372 13.9757 9.56308 9.81954 
13.3029 18.2348 17.7571 16.7553 14.5572 9.57898 9.81382 
15.3568 18.604 17.0258 15.9669 14.3098 8.91895 9.81762 
14.755 17.6547 16.0535 17.6122 15.2756 8.75182 9.89721 
13.5096 17.0821 16.0456 18.0042 16.0104 9.44667 9.90144 
13.3773 17.7022 17.0736 17.8321 14.6277 9.46947 9.91761 
12.5257 16.7806 17.6778 18.3874 15.1332 9.58055 9.91475 
10.8681 17.1622 18.0494 19.3911 15.3517 9.28589 9.89159 
10.7142 15.6932 19.0463 20.9024 14.4646 9.27657 9.90269 
10.5447 16.0144 20.0088 20.4954 14.0756 8.94292 9.91823 
10.6057 16.8961 20.2266 19.0255 14.26 9.02701 9.95912 
11.1115 17.3319 19.4527 18.3966 14.9888 8.84153 9.87705 
11.2376 17.2403 19.2305 18.909 14.9324 8.55299 9.8972 
12.7141 16.4916 19.0387 17.6585 15.005 9.15455 9.93752 
12.4861 17.9232 17.1538 17.969 15.1369 9.41598 9.91499 
10.4456 18.9831 18.0596 17.3897 16.0814 9.12609 9.91439 
11.7784 16.2694 19.1409 16.3615 16.5962 9.89638 9.9572 
11.667 17.3569 18.9038 16.9585 15.4092 9.72597 9.9786 
11.8642 18.8758 17.7852 16.9222 15.2704 9.3586 9.92351 
10.1732 18.9245 19.0489 17.7245 14.5548 9.70162 9.87247 
11.0445 17.1725 18.6366 18.0912 15.8055 9.40689 9.84278 
10.0677 18.4348 19.5997 17.1625 16.1278 8.70777 9.89974 
9.65941 17.0368 19.6016 18.7134 16.3238 8.75917 9.90582 
9.78362 16.5829 18.5566 18.2277 16.9177 10.0247 9.90683 
9.83687 16.5332 18.8387 18.3446 17.25 9.29809 9.89847 
9.91843 17.5999 18.1971 19.2834 15.5139 9.53793 9.94923 
9.3645 18.822 18.2395 18.7827 15.4662 9.39452 9.93056 
8.92138 18.4327 18.7937 19.6087 15.1244 9.15378 9.96528 
10.0543 18.8054 18.0726 19.1651 14.5257 9.48557 9.89132 
10.0271 18.38 17.4454 19.4689 15.331 9.40187 9.94566 
10.234 19.7468 17.6554 18.0871 15.2061 9.10929 9.96123 
9.82964 18.8389 18.8277 18.239 14.8444 9.49717 9.92314 
10.0913 19.4195 17.1786 19.0018 15.5399 8.86623 9.90275 
9.49009 19.1542 19.0337 16.612 16.3255 9.43312 9.95137 
10.8198 18.9229 18.3954 16.8341 15.5226 9.6231 9.88223 
11.1746 18.9909 17.7859 17.5935 14.8201 9.75273 9.88229 
10.8853 17.6632 17.6126 18.6201 15.7986 9.51212 9.90803 
9.51243 17.2037 17.7598 19.4264 16.8528 9.29095 9.95402 
9.31229 17.9476 18.3425 17.7739 16.0198 10.7202 9.88355 
9.77519 16.831 18.6951 19.6012 14.7956 10.3601 9.94178 
9.2508 15.373 21.14 19.7063 14.5912 10.015 9.92372 
9.92494 15.2902 20.7082 18.4937 16.5122 9.15495 9.91578 
9.9853 17.2341 19.4865 18.3793 15.562 9.48615 9.86656 
10.6378 16.1056 19.9967 18.6366 15.6151 9.12096 9.8872 
10.6848 17.1991 18.1691 19.9281 14.5149 9.56048 9.9436 
11.3926 14.9923 18.6736 20.3522 15.1342 9.57476 9.88048 
11.2794 17.5458 18.5179 19.1091 14.3909 9.25388 9.90302 
11.3125 17.48 17.8342 19.5809 15.2429 8.71665 9.83277 
10.9518 18.0996 17.6609 20.1353 14.7643 8.54552 9.8425 
10.6041 16.6256 19.0869 20.3241 14.3752 9.16786 9.81635 
10.8158 15.7063 19.5685 20.563 14.0798 9.47115 9.79539 
10.164 16.3897 18.8086 19.3059 15.3326 10.1014 9.8977 
10.9999 16.649 19.7908 17.5032 15.5165 9.64009 9.90054 
11.2881 17.1915 19.9939 16.2639 16.0095 9.37669 9.87638 
12.3901 16.7968 19.9176 16.9944 15.1476 8.92115 9.83237 
12.2191 16.1092 19.1154 17.0514 16.2485 9.40033 9.85594 
12.5381 15.4356 19.2006 17.4543 16.6957 8.74779 9.92797 
12.5487 17.078 17.7756 16.784 16.5232 9.3502 9.94029 
12.149 17.5468 17.1124 18.4442 15.5723 9.24429 9.93098 
11.2058 17.604 18.58 18.2913 14.9461 9.51475 9.85809 
10.7708 17.5875 18.5923 18.3188 16.0002 8.89174 9.83861 
10.4324 17.2445 18.8032 19.2533 15.0423 9.37545 9.84888 
10.3284 17.2257 19.626 18.6042 14.6284 9.67525 9.91197 
11.3355 17.303 19.3848 18.8739 13.4855 9.74947 9.86782 
12.9917 17.6656 18.4248 18.0285 13.785 9.24093 9.86349 
12.1687 17.0122 18.843 18.6449 14.2804 9.23788 9.81301 
13.7251 15.6107 20.2794 17.3653 13.5745 9.57873 9.86629 
13.0006 16.7567 18.8354 18.4013 13.309 9.77657 9.92036 
12.4705 16.4629 18.6217 17.2852 15.361 9.86341 9.9353 
13.0594 17.1554 19.1533 16.9103 14.6359 9.13118 9.95453 
14.3675 17.3615 19.1713 16.8335 12.7233 9.56559 9.97726 
15.9534 16.1415 19.6642 16.9246 11.5973 9.75662 9.96245 
15.9343 15.2325 19.1159 18.0114 12.0321 9.78547 9.88839 
14.8324 17.5904 17.33 18.3321 12.2336 9.81502 9.86647 
14.2218 16.1563 19.4983 19.0272 11.9502 9.21306 9.93324 
13.5029 17.1691 21.5389 17.7522 11.0887 9.00994 9.93821 
13.391 18.2051 19.9836 17.5482 11.6419 9.38302 9.84715 
13.9148 16.9903 20.9543 17.865 11.5696 8.83589 9.8701 
13.8584 16.0472 21.2845 18.4377 11.1234 9.36586 9.88297 
12.8521 15.7371 21.937 18.4475 11.4845 9.64161 9.90016 
12.7621 15.5821 22.2633 18.4524 11.2519 9.77948 9.90876 
13.9525 14.5053 22.4173 19.0833 11.1974 8.88974 9.95438 
14.7126 12.9833 23.0998 20.1434 10.4698 8.74286 9.84825 
15.9585 12.2712 22.8402 18.9427 10.7456 9.34455 9.89724 
15.1803 13.2008 22.5614 19.3898 10.2641 9.56358 9.83993 
17.0003 13.9038 20.6908 19.2455 9.62644 9.69752 9.83569 
18.1678 13.5984 19.862 17.1756 11.4597 9.83365 9.90274 
19.231 13.4169 19.1957 17.1172 11.171 9.91683 9.95137 
17.7516 12.6256 21.2842 16.9906 11.6506 9.84007 9.85734 
15.7385 13.7358 21.7066 17.5989 11.5676 9.822 9.83063 
14.9914 14.426 21.4637 18.3925 11.0164 9.85286 9.85718 
13.7771 13.9969 21.6615 20.0003 11.7896 8.94653 9.82809 
13.6933 14.3949 20.2982 19.9114 12.5516 9.35492 9.7957 
12.799 14.1915 19.6729 21.2652 13.5675 8.69532 9.80856 
13.3995 14.3815 19.6936 20.0612 13.2123 9.34766 9.90428 
13.2669 15.1012 19.8468 19.7321 13.4718 8.70368 9.87751 
13.1883 14.4103 20.5941 19.4697 13.2908 9.22989 9.81681 
12.0073 15.4673 21.5506 19.279 12.201 9.6007 9.89416 
14.0446 14.7512 20.5706 19.7272 11.2174 9.77111 9.91784 
12.6745 14.477 20.5752 22.6172 9.95654 9.81309 9.88646 
13.8139 14.0921 21.5025 21.2775 10.2742 9.11215 9.92765 
11.8914 13.1208 23.9911 22.1652 9.34272 9.5405 9.94825 
13.1988 12.116 22.4894 23.7369 8.83803 9.70852 9.9124 
11.6763 12.2118 22.4755 25.5608 8.41901 9.77734 9.87928 
12.2279 11.697 21.1419 26.0392 9.16158 9.84075 9.89171 
11.5595 11.6241 21.132 26.5509 9.36627 9.87087 9.89635 
12.6526 12.1694 22.5935 23.4129 10.1814 9.05915 9.93099 
14.3018 11.4528 22.4931 21.5224 10.9189 9.43755 9.87347 
13.5203 10.8219 22.8707 22.3854 10.8735 9.65508 9.87304 
13.0913 11.7421 23.286 22.0693 10.3069 9.69767 9.80665 
13.0353 10.4433 23.8849 22.3916 10.7582 9.71609 9.77058 
14.4465 10.3997 22.4602 23.1699 10.0716 9.71241 9.73966 
13.6748 9.87725 21.8753 25.1333 9.71324 9.85621 9.86983 
13.0874 10.3663 24.26 23.9154 9.46188 9.03995 9.86913 
12.834 10.1831 23.259 24.0545 10.2148 9.51997 9.93456 
12.7938 11.0336 22.7889 22.6069 11.1944 9.68752 9.89482 
13.6069 11.3162 21.4258 23.3724 10.7696 9.7027 9.80634 
14.1805 9.92038 23.9916 22.178 10.1389 9.76938 9.8212 
15.1091 9.67717 22.8449 22.8815 9.94366 9.7589 9.78482 
17.376 8.94573 22.4939 21.9764 9.43612 9.87945 9.89241 
18.3919 9.57155 23.2535 19.2119 9.81674 9.87394 9.88041 
19.592 10.3963 23.1779 17.8568 9.1988 9.88746 9.8907 
23.6007 10.0803 20.5115 16.6725 9.48156 9.82589 9.82751 
23.4508 10.7036 22.7153 14.3233 9.27152 9.76731 9.76812 
24.3921 10.8518 22.0243 14.1617 8.80243 9.88366 9.88406 
25.0119 9.93853 23.2865 12.857 9.27486 9.81547 9.81568 
26.4281 10.9573 22.272 11.3686 9.27815 9.84786 9.84796 
24.1681 10.6023 24.7402 11.338 9.40939 9.87092 9.87098 
25.7827 10.2669 24.1852 10.2923 9.67045 9.90122 9.90124 
26.3288 10.446 23.6551 10.4586 9.21022 9.95061 9.95062 
26.9843 9.41552 25.1816 9.73243 8.79766 9.94425 9.94425 
26.8908 8.79273 25.3359 9.93157 9.30079 9.87408 9.87409 
23.4768 10.1957 25.3639 11.8623 9.50933 9.79598 9.79598 
23.6949 10.3774 25.4149 11.0554 9.72361 9.86693 9.86693 
22.6113 9.52896 26.4227 12.1249 9.72292 9.79458 9.79458 
25.0275 9.83967 25.8053 10.1978 9.56071 9.78451 9.78451 
25.4646 10.3297 24.8699 9.68906 10.0263 9.81029 9.81029 
26.4147 9.89457 25.2728 9.40534 9.40502 9.80379 9.80379 
27.416 10.1631 24.6867 9.19907 9.01906 9.75801 9.75801 
24.722 9.97666 26.8539 9.49464 9.40463 9.77411 9.77411 
26.5119 9.54808 25.2194 9.62153 9.57653 9.76127 9.76127 
27.6964 9.10617 23.9815 9.68441 10.0229 9.75428 9.75428 
27.9051 9.00148 24.4463 8.93473 9.99367 9.85935 9.85935 
29.5877 9.38674 22.8095 8.70189 9.88283 9.81567 9.81567 
26.5692 9.40351 25.1728 9.42341 9.83272 9.79914 9.79914 
23.5235 9.65056 27.9448 9.31921 9.86516 9.84837 9.84837 
23.139 9.7654 27.8945 10.0488 9.4236 9.86431 9.86431 
24.8003 9.49808 25.9473 11.1783 8.86565 9.85523 9.85523 
22.8097 10.7217 25.2603 12.927 8.52839 9.87642 9.87642 
22.8565 10.3609 23.7592 13.8829 9.26419 9.93821 9.93821 
23.4282 10.0138 23.0463 14.9414 8.6321 9.96911 9.96911 
22.4284 9.64974 21.5231 17.1136 9.31605 9.98455 9.98455 
20.4247 10.088 22.7916 17.3914 9.54524 9.87949 9.87949 
21.5137 9.49607 21.6698 17.771 9.73837 9.9055 9.9055 
21.6264 9.27702 22.6103 17.0377 9.76049 9.84405 9.84405 
23.6202 8.84904 22.7086 16.0627 9.09077 9.83431 9.83431 
24.6889 9.273 22.8695 13.6374 9.6969 9.91715 9.91715 
26.1958 8.69056 22.5834 13.0687 9.7471 9.85723 9.85723 
23.2354 8.98445 24.1783 14.2663 9.51272 9.91143 9.91143 
24.2423 9.14339 23.2187 14.276 9.24141 9.9391 9.9391 
22.7855 9.29197 24.7212 14.8303 9.51581 9.86466 8.99053 
24.6544 9.84312 24.1886 13.3291 8.87977 9.77104 9.33398 
26.4 9.88845 22.1936 12.6248 9.40677 9.85241 9.63388 
23.5679 10.9643 25.3109 11.1619 9.55288 9.7757 9.66644 
24.8274 10.3734 25.8801 9.74762 9.66775 9.77916 9.72452 
26.9298 10.2046 24.4096 9.71252 9.31416 9.72829 9.70097 
26.8636 10.3311 25.4401 8.94123 8.90545 9.7661 9.75245 
26.5897 10.2642 26.2069 8.74693 8.56457 9.81726 9.81043 
28.4464 10.0143 23.2045 9.59232 9.16444 9.79079 9.78737 
25.7616 9.81483 25.5445 9.60385 9.55017 9.86334 9.86163 
25.2675 10.0434 25.7632 9.33365 9.75998 9.91657 9.91571 
26.0209 9.21523 25.301 10.4733 9.07354 9.95828 9.95786 
26.6468 9.47775 22.3907 12.3795 9.4069 9.84927 9.84906 
24.8014 9.77032 21.73 12.3218 11.7789 9.79885 9.79874 
24.8108 9.92113 22.9153 12.6357 10.206 9.75554 9.75549 
24.769 9.68784 23.094 13.7724 9.103 9.78686 9.78683 
24.8845 9.23581 25.9051 12.6294 8.60556 8.94748 9.79207 
23.111 10.5096 24.4175 13.6396 9.07985 9.41005 9.83234 
21.6601 10.6555 24.2297 15.3564 8.72111 9.58307 9.79422 
21.2261 9.61818 25.3162 15.599 8.65098 9.74203 9.8476 
21.3273 9.51688 23.5347 16.8904 9.19562 9.74115 9.79393 
21.1555 9.51254 22.751 17.9534 9.02404 9.78861 9.815 
21.9252 9.3662 23.2549 17.1327 8.59003 9.85884 9.87204 
20.9955 9.28836 23.7985 16.9545 9.22923 9.86363 9.87023 
20.1588 9.05096 24.7806 17.2908 9.02139 9.84707 9.85037 
19.2156 9.01053 22.6893 19.775 9.49409 9.90692 9.90857 
19.8154 9.52257 22.0713 19.9221 9.0723 9.79775 9.79858 
20.6333 9.33542 23.6539 17.6898 9.11028 9.78847 9.78888 
21.1938 9.22911 22.5287 17.7922 9.64286 9.80651 9.80672 
21.0447 8.9056 24.3241 17.2916 9.67218 9.754 9.00784 
21.6688 8.75216 24.7417 15.6522 9.93163 9.81331 9.44022 
21.6118 9.85311 25.0917 14.0098 9.91281 9.85365 9.66711 
22.5706 10.4168 26.6635 11.7108 9.85837 9.82879 8.9512 
23.9456 10.1763 25.8317 10.8234 9.89713 9.88234 9.44355 
24.514 11.1938 22.9819 11.8473 9.89906 9.89167 9.67227 
23.7955 10.6136 22.3605 13.9504 9.79903 9.79533 9.68563 
25.8914 10.3383 22.1865 13.1073 8.98756 9.77188 9.71703 
25.2813 10.1033 23.5933 11.9813 9.42799 9.82015 9.79273 
24.23 9.52187 22.2271 14.5999 9.68088 9.87696 9.86325 
23.1518 9.77766 24.157 13.6545 9.68994 9.78798 9.78112 
23.6507 10.5011 23.303 13.4599 9.43681 9.82596 9.82253 
23.4223 9.43305 24.7694 13.7642 8.90091 9.85595 9.85423 
24.4734 9.08715 25.3217 12.6513 8.82109 9.82308 9.82222 
23.8719 8.63163 26.3401 12.9294 8.65583 9.78575 9.78532 
23.5254 9.2827 24.5939 14.0806 8.79811 9.85976 9.85955 
23.6184 9.1087 23.1217 15.2877 9.03823 9.9127 9.91259 
20.8845 9.86257 24.2321 16.0343 9.1424 9.9221 9.92205 
21.6667 9.01292 23.6807 16.8607 8.99297 9.89302 9.893 
22.6484 9.30098 23.9979 15.6221 8.60607 9.91227 9.91225 
23.3384 10.6576 23.483 13.4648 9.25003 9.90313 9.90312 
23.4039 9.75055 25.517 12.6848 8.87672 9.88354 9.88353 
26.0931 8.93431 24.3821 11.3239 9.41991 9.92332 9.92332 
24.9682 8.73762 26.4259 10.6442 9.33629 9.94387 9.94386 
25.9811 8.81666 26.0964 10.2301 9.116 9.87991 9.87991 
26.3586 9.26944 23.9857 11.365 9.41911 9.80107 9.80107 
24.2138 8.77265 26.4756 11.0273 9.70955 9.90053 9.90053 
23.62 11.9521 25.0799 9.95446 9.62451 9.88448 9.88448 
24.2283 11.0414 24.4681 10.8596 9.71422 9.8442 9.8442 
26.1344 9.74368 22.5381 12.1865 9.75576 9.82075 9.82075 
24.5426 9.78987 26.351 10.5195 9.14017 9.82841 9.82841 
25.6264 10.2695 25.0648 9.98288 9.45608 9.8002 9.8002 
27.3827 10.1017 24.1218 9.79276 8.86711 9.86699 9.86699 
28.1741 10.0508 22.5781 9.89638 9.43356 9.93349 9.93349 
28.2865 9.25502 22.1652 10.6884 9.70167 9.95164 9.95164 
26.0076 9.54276 25.1504 10.4289 9.08812 9.89107 9.89107 
27.4404 8.82068 24.7231 9.79193 9.47364 9.87511 9.87511 
28.2772 9.3154 22.9628 10.7504 9.00897 9.84262 9.84262 
28.4243 9.58967 22.3658 10.4772 9.43646 9.85328 9.85328 
28.8095 9.15725 23.9346 9.60104 8.91286 9.79241 9.79241 
25.8665 8.73145 27.2497 8.95334 9.43982 9.8796 9.8796 
27.4547 8.65615 25.176 9.26215 9.6704 9.89029 9.89029 
26.7482 8.66835 25.9561 9.6658 9.34909 9.80626 9.80626 
27.9789 8.80153 24.4901 9.30025 9.65736 9.88595 9.88595 
14 14 14 14 14 14 14 
14.3793 15.4138 14.5862 11.6207 13.7586 14.3103 14.931 
17.1897 15.8171 12.49 13.6056 15.8557 12.1158 12.4261 
16.2073 18.2892 13.7709 14.4153 14.9348 10.9887 11.1439 
17.7119 17.2603 14.8146 13.8308 15.3032 10.4384 10.516 
18.2063 16.701 14.5923 14.2973 16.6083 9.35305 10.1792 
19.0435 16.104 14.155 13.8087 17.1511 9.6467 10.0598 
17.8551 18.4202 14.4418 13.3966 16.1337 9.76521 9.97176 
16.1577 17.5604 15.9786 14.5394 16.3153 9.46509 9.9757 
14.0129 18.6703 16.1211 15.2917 17.1686 8.79848 9.9329 
12.8228 16.5801 17.9585 17.0336 17.0537 8.58291 9.96645 
13.297 17.0824 18.3013 16.3558 16.4718 8.52874 9.96204 
12.4258 15.8941 18.6044 17.4216 16.8493 8.88622 9.91799 
12.9497 15.2102 18.3548 19.5529 15.2668 8.7589 9.90637 
11.9486 15.4999 18.5458 19.3554 16.265 8.48471 9.90055 
12.5193 15.0461 17.1055 19.6562 16.6089 9.17798 9.8859 
12.0406 17.4622 16.0578 18.0431 16.9251 9.55856 9.91252 
11.3119 15.9665 16.9922 18.3088 17.9658 9.5309 9.92386 
10.0269 15.7658 17.5579 17.7898 18.4712 10.5224 9.86598 
9.70097 17.1537 17.1123 18.8949 17.3606 9.84452 9.93299 
11.7132 16.2021 17.9243 17.0727 17.7217 9.49743 9.86846 
12.0087 16.4903 19.0293 16.2545 17.4738 8.88742 9.85593 
13.1472 17.1463 17.207 15.7097 17.3083 9.60854 9.87302 
13.204 16.0731 18.4948 16.3331 17.0237 8.93471 9.93651 
12.0276 17.1855 18.2899 15.507 17.448 9.57374 9.96825 
10.9814 16.1521 17.1363 17.2567 17.6873 10.8344 9.95173 
10.9759 17.7807 16.3741 16.5398 18.4428 9.95306 9.93367 
10.4342 18.0301 15.4989 17.9473 18.2537 9.92277 9.91307 
10.7481 18.1965 16.4884 17.4913 16.5383 10.603 9.93441 
10.395 18.6171 17.3446 15.8586 17.6834 10.2178 9.88352 
9.88498 18.9068 17.2661 16.9695 17.4354 9.6848 9.85248 
10.2503 18.4767 16.9133 18.4635 16.361 9.61947 9.91562 
11.1654 17.2921 17.4052 18.7396 15.7868 9.73143 9.87951 
10.9639 17.5025 17.6712 17.7779 16.862 9.35002 9.87249 
10.8468 18.9444 16.0244 17.5799 17.122 9.61063 9.87187 
10.5688 19.2037 18.1912 16.0607 16.1673 9.95073 9.85763 
9.78118 19.9873 17.6609 17.238 15.7924 9.68629 9.85387 
10.3082 19.7002 17.5212 17.1969 16.1355 9.24495 9.89308 
10.7335 18.9703 18.4173 16.1092 16.866 9.02162 9.88216 
10.4623 20.4193 18.1258 15.4856 15.864 9.71251 9.93046 
10.9424 19.5847 18.5457 14.8549 16.0139 10.1364 9.92213 
11.3908 19.6232 18.4695 14.5099 16.4636 9.61367 9.92935 
10.6349 16.9689 19.3154 15.7227 17.7076 9.74635 9.90419 
10.6828 16.9319 17.4202 15.9664 18.7853 10.3526 9.86077 
11.402 17.2322 18.7751 14.5849 17.9424 10.1547 9.90874 
11.5496 16.2996 18.3325 14.4025 18.7189 10.8113 9.88556 
11.1081 16.5942 19.944 13.6457 18.915 9.85008 9.94278 
10.9112 16.3854 21.0014 14.2808 17.6508 9.86202 9.90837 
10.9489 16.6007 20.0299 14.2032 18.1303 10.2001 9.88692 
10.4638 18.4915 17.6582 16.0188 17.3454 10.0894 9.93284 
10.0962 19.9923 17.992 16.1542 16.4781 9.34335 9.9438 
9.8365 20.0184 17.9047 15.7608 16.7023 9.90553 9.87168 
11.0052 19.4657 17.3219 16.0326 16.2859 9.95276 9.93584 
10.6365 19.1079 18.3708 16.4984 16.2903 9.21745 9.87863 
12.1615 18.4943 19.4503 15.9755 15.0988 8.91336 9.9062 
12.5028 17.504 20.3903 15.9006 14.4301 9.38787 9.88429 
12.127 17.2774 19.5269 17.0517 14.7035 9.41744 9.89606 
11.1407 16.2546 20.3595 16.4729 15.6299 10.2275 9.91492 
10.6589 18.5255 19.4718 16.9754 14.8946 9.53852 9.93534 
10.9728 18.5178 16.9594 18.42 15.4608 9.7354 9.93381 
10.5323 19.4653 16.9659 17.4669 15.9873 9.68421 9.8981 
11.116 19.2249 18.3064 17.0116 14.9473 9.47787 9.91594 
10.2455 19.3223 17.8585 16.9879 16.0674 9.64965 9.86868 
10.9524 19.5266 18.3463 16.902 15.5449 8.8607 9.86708 
11.1195 18.7927 18.654 17.9318 14.9959 8.60642 9.89968 
10.7362 20.1022 20.3858 17.0836 13.145 8.65615 9.89102 
10.5446 18.757 19.3694 18.8947 14.2196 8.32808 9.88668 
9.58068 19.696 17.848 18.7444 15.0463 9.1527 9.932 
9.43636 17.2595 19.6541 18.3324 15.8196 9.55423 9.94388 
10.3362 16.7196 20.2765 17.4808 14.9885 10.2827 9.91576 
9.82717 16.0871 20.0246 17.7177 16.2442 10.1414 9.95788 
11.0026 16.4745 18.209 19.0462 15.7334 9.63743 9.89697 
10.9216 18.6355 18.2859 17.9302 15.2782 9.02225 9.92636 
9.71138 18.8256 19.9931 17.8018 14.6861 9.09726 9.88488 
9.95547 18.6146 20.9721 16.3288 14.771 9.42668 9.93135 
10.3065 19.0578 18.536 17.1213 14.8685 10.1555 9.95434 
9.96547 18.9186 19.4792 17.833 13.8896 10.0073 9.90675 
9.90444 16.9537 20.2542 19.3192 14.4392 9.25423 9.87507 
11.2324 17.7764 19.6681 17.8721 14.5868 8.97494 9.88923 
11.7647 18.2849 18.7668 17.8688 13.9059 9.47587 9.93301 
11.5294 18.7895 20.5599 16.8167 13.6588 8.73793 9.90768 
11.7874 19.8493 19.4845 17.272 12.9658 8.68715 9.95384 
12.3796 19.4765 18.3507 16.3011 14.2659 9.2964 9.92975 
13.3693 18.4562 17.3805 16.7403 13.7996 10.2892 9.96488 
13.3349 18.9572 18.2962 16.0056 13.3038 10.1939 9.90855 
13.5523 18.2822 18.9675 16.2421 13.5368 9.49874 9.92041 
13.2047 18.5459 18.0552 16.6925 14.5065 9.03509 9.96021 
14.1266 18.1322 17.1587 16.4773 14.6561 9.49327 9.95583 
16.2941 17.3994 16.9127 15.1617 14.5076 9.74664 9.97792 
15.532 18.6271 17.5362 14.7237 14.2756 9.35274 9.95264 
14.1075 18.094 18.2803 15.6545 14.4549 9.43247 9.97632 
13.3358 17.6368 19.5248 16.5452 14.0223 8.947 9.98816 
13.0999 18.6485 18.3789 16.6464 13.8073 9.44923 9.96981 
13.1256 18.1332 16.3855 17.8765 14.8441 9.68739 9.94768 
12.4302 16.337 18.907 18.2495 14.3098 9.81819 9.94833 
12.5926 16.0767 20.0402 19.2013 12.512 9.62848 9.94866 
13.2233 15.9728 20.5995 18.9205 12.0495 9.34825 9.88617 
11.5235 16.2988 20.7531 20.0396 11.9441 9.58596 9.85492 
11.8341 16.2889 22.7797 19.1929 11.0108 9.05655 9.83702 
11.1934 17.4409 21.9426 19.5211 10.6562 9.42777 9.81801 
12.7211 16.363 22.7589 18.1802 10.898 9.24756 9.83128 
14.4375 16.643 21.764 17.0388 11.2182 8.98276 9.91564 
13.8683 17.145 19.7056 18.6217 11.4915 9.22284 9.94503 
13.6772 18.6234 17.4864 19.3618 11.3437 9.57325 9.93435 
13.5953 19.3117 16.4459 18.4647 12.4286 9.78663 9.96717 
12.8298 19.9776 17.2042 19.2859 11.3081 9.45095 9.94337 
11.3268 20.6941 19.3074 18.3332 11.6994 8.7557 9.88353 
12.0247 21.0341 17.5417 18.8358 11.3204 9.33968 9.90359 
11.5838 19.8027 18.628 18.7036 11.9459 9.38413 9.9518 
11.7659 18.9923 18.7945 19.0921 12.4665 8.97778 9.91096 
11.508 19.3711 18.8973 17.796 13.7332 8.73889 9.95548 
12.0727 19.301 19.2014 17.0024 13.7348 8.76505 9.9228 
13.4227 17.3209 18.6916 17.7342 13.5435 9.35412 9.93299 
12.9119 17.3676 19.1083 17.8381 13.3681 9.55832 9.84776 
13.2127 17.3324 18.8785 17.9731 12.9002 9.77916 9.92388 
12.7602 17.5124 19.1828 18.2173 12.4758 9.88958 9.96194 
14.282 16.9306 17.0846 18.373 13.5948 9.84942 9.8856 
14.6138 16.074 19.276 17.3387 13.0474 9.81602 9.83411 
14.213 15.0812 21.1021 18.0616 12.7392 8.91353 9.88943 
12.5265 15.6707 22.4752 17.8384 12.3316 9.33482 9.82276 
12.3406 17.0895 21.1823 18.3115 11.5526 9.63978 9.88376 
14.0338 16.2599 20.9769 17.316 11.8594 9.71603 9.83802 
14.644 16.322 19.1043 18.6862 11.5794 9.80152 9.86251 
14.8012 15.7787 21.4635 18.3459 10.6373 9.05588 9.91741 
13.6145 14.5368 22.2924 19.2885 10.9545 9.44124 9.872 
13.7087 15.7191 21.1462 19.3626 10.5477 9.6502 9.86558 
14.6388 15.9434 19.8545 19.4118 10.5134 9.76522 9.87291 
12.824 16.9931 18.1842 20.4093 11.9845 9.77558 9.82942 
13.6875 15.4625 18.9992 20.4214 11.7198 9.84135 9.86827 
12.4338 13.166 22.0772 21.8566 11.2947 9.2685 9.90308 
12.3363 12.5532 22.6804 22.7194 10.2742 9.55962 9.87691 
12.0872 12.0398 23.8013 22.7304 10.4331 8.98542 9.92288 
13.2743 13.2507 20.0545 22.596 11.5242 9.41579 9.88452 
13.8626 13.4172 20.1428 22.1361 10.9644 9.62119 9.85555 
13.0442 14.3889 20.4163 21.5696 11.1248 9.66953 9.78671 
12.9366 13.6089 21.7213 21.6401 10.4966 9.76897 9.82757 
13.7959 15.1378 22.7859 18.5787 10.1334 9.76954 9.79884 
15.2313 13.2788 23.43 18.5486 9.85064 9.82304 9.83769 
17.0751 13.3961 22.0754 17.8329 9.88027 9.86648 9.8738 
17.1414 12.0552 23.213 19.4684 9.16092 9.15402 9.80703 
17.9457 11.8089 22.3878 19.2654 9.11171 9.57701 9.90352 
18.4241 11.5447 22.1695 19.0839 9.28146 9.66655 9.82981 
16.9501 11.2783 21.799 21.1491 9.25383 9.74399 9.82562 
17.0843 11.765 21.33 20.5083 9.5938 9.83888 9.8797 
16.7636 11.2516 22.5777 19.8179 9.99824 9.78521 9.80562 
17.7377 11.454 21.7183 19.7249 9.75372 9.80058 9.81079 
16.2706 12.5246 20.98 20.1344 10.3149 9.88519 9.89029 
18.2036 12.5763 20.217 19.2822 9.93562 9.8914 9.89395 
19.0321 13.6052 20.213 17.1324 10.3685 9.82375 9.82502 
18.7306 14.2044 20.9826 15.8169 10.4713 9.89677 9.89741 
19.1335 11.9035 21.584 16.5177 11.0303 9.91527 9.91559 
20.281 11.2313 21.6616 16.4887 10.4841 9.92658 9.92674 
21.055 11.3678 22.3352 15.7665 9.81433 9.83055 9.83063 
21.7424 11.2914 21.6037 16.606 8.95701 9.8997 9.89974 
22.5379 10.1457 22.3019 15.303 9.81184 9.94985 9.94987 
23.5138 10.515 22.0353 14.9644 9.15762 9.9069 9.90691 
23.6472 10.4404 23.2128 14.342 8.69466 9.8315 9.8315 
24.5624 10.3158 24.5045 12.1073 8.80593 9.85205 9.85206 
22.973 11.1327 23.7302 13.2863 9.27718 9.80024 9.80024 
22.9013 10.3895 24.7268 13.7171 9.46174 8.91941 9.88404 
24.1219 9.81804 24.1785 13.7079 8.84046 9.42546 9.90778 
24.3126 9.87591 24.3409 13.3109 8.5593 9.67962 9.92078 
24.2198 9.54113 25.98 12.0523 8.56537 9.76044 9.88102 
23.0159 9.63634 23.5605 15.0865 9.14845 9.74599 9.80628 
22.8862 9.14509 21.0751 17.6394 9.54218 9.84095 9.87109 
22.4799 9.75649 22.076 17.3481 8.78447 9.76997 9.78504 
23.2577 11.9999 20.8303 15.3506 8.99164 9.78113 9.78866 
24.2117 11.7947 20.8456 14.2978 9.13158 9.85745 9.86122 
20.7031 12.0059 25.3549 12.5788 9.76941 10.1323 9.4555 
22.6032 11.301 25.7569 11.0907 9.52047 10.0331 9.69464 
23.8812 11.7014 24.5027 10.4817 9.69654 9.95284 9.78362 
24.2761 10.456 24.2579 11.8198 9.45353 9.91063 9.82602 
23.4438 9.68659 25.664 12.4386 9.02613 9.89162 9.84932 
23.2604 9.7384 27.3425 11.2892 8.70887 9.84091 9.81976 
23.6991 9.69679 27.4643 10.6446 8.66478 9.92046 9.90988 
21.8194 10.2865 26.421 11.9688 9.6194 9.94512 9.93984 
21.7571 9.7195 24.2274 14.798 9.72495 9.88782 9.88517 
20.9796 9.0685 24.5716 16.4899 9.23958 9.82606 9.82474 
