5 80000 300 266
20 20 20 20 20 
21.7188 17.7257 22.8472 19.7222 17.9861 
22.2483 18.8628 23.1829 20.1389 15.5671 
20.0057 17.5455 28.2581 19.9379 14.2529 
18.7928 18.5901 27.7135 20.2429 14.6607 
15.3488 20.334 28.7918 21.2686 14.2567 
15.002 19.8653 30.1287 21.949 13.0551 
14.4328 20.1599 30.178 22.4518 12.7775 
14.113 20.7696 31.066 21.1109 12.9405 
14.5175 20.073 29.6755 24.0299 11.7041 
14.3694 19.2916 31.2035 23.0759 12.0597 
13.4768 16.6121 34.7029 23.2233 11.9849 
13.0032 16.2257 34.7273 25.0868 10.957 
11.5132 18.1361 32.2821 26.646 11.4226 
10.8242 19.0906 32.5825 26.8365 10.6662 
10.5726 18.8343 32.0022 28.3265 10.2643 
10.7136 19.2324 30.0889 28.3665 11.5987 
10.2818 19.6804 31.3185 26.6029 12.1163 
12.1647 17.8164 31.3736 26.5158 12.1296 
14.4732 16.8392 29.3649 26.936 12.3866 
13.7883 17.615 30.0848 26.9163 11.5956 
13.7435 18.3966 29.7684 26.4718 11.6197 
13.1654 16.8906 28.7537 29.5529 11.6374 
15.2388 16.6457 29.411 27.8744 10.8301 
13.1488 17.8523 29.882 28.1725 10.9444 
13.2645 17.8463 30.4339 27.3492 11.106 
11.6091 18.8769 30.7262 28.2579 10.5299 
11.2419 18.0673 32.8572 27.1313 10.7023 
11.7508 17.3269 32.6546 27.9887 10.279 
11.1995 16.7653 32.6467 29.2721 10.1164 
10.8823 14.648 34.0138 30.4837 9.97219 
11.4553 13.2202 35.1673 29.5107 10.6465 
12.7682 12.696 32.7388 30.2685 11.5285 
12.5184 13.6397 33.962 29.0231 10.8568 
12.495 14.4162 34.4413 28.2304 10.4171 
13.2845 13.8748 34.3811 28.3127 10.1468 
12.7599 15.055 33.8965 27.9211 10.3675 
13.4565 14.7201 35.2777 26.3735 10.1722 
13.6888 16.5248 34.2282 24.9037 10.6545 
12.8024 16.0895 33.8197 27.0547 10.2338 
12.9024 16.4372 34.6403 25.7023 10.3178 
12.0982 16.3362 34.7319 26.3805 10.453 
11.9385 16.3412 34.914 26.6518 10.1544 
11.9359 15.6885 33.0895 28.839 10.4471 
11.4968 16.4981 31.4486 30.4051 10.1515 
11.3321 16.244 32.6025 29.7965 10.025 
11.458 15.687 32.9679 29.6736 10.2134 
12.1393 15.7689 32.9175 28.8228 10.3515 
11.8667 17.5463 32.0385 28.4211 10.1274 
12.0608 15.7584 33.5437 28.6713 9.96567 
11.7311 16.7866 32.2113 28.825 10.446 
12.4031 17.9575 32.6916 25.9137 11.0341 
13.2544 16.0316 31.711 27.1886 11.8143 
13.0437 15.764 32.0783 28.2432 10.8708 
13.5793 14.5806 35.0583 26.2029 10.579 
13.6372 16.3342 34.971 24.471 10.5866 
15.1949 16.0279 33.0783 25.5087 10.1902 
13.6027 16.3691 33.641 26.3314 10.0559 
13.1259 17.2537 33.2883 26.4115 9.92058 
11.6724 17.6293 32.0943 28.6559 9.94812 
12.5621 17.0634 32.1639 28.2873 9.9233 
12.0745 16.97 31.6991 29.383 9.87349 
11.9896 16.5802 32.3972 29.0962 9.93674 
10.9817 16.8203 31.6841 30.5586 9.95525 
11.0888 16.0437 32.2543 30.1648 10.4484 
11.3326 16.0268 32.2601 29.8607 10.5197 
11.9617 15.5195 31.8686 29.8214 10.8289 
12.8101 14.8329 32.8855 29.057 10.4144 
11.7486 14.7956 33.3639 29.9229 10.1691 
11.1793 15.6206 32.3318 29.9482 10.9201 
12.1959 14.8051 32.6167 29.8705 10.5118 
12.844 14.4131 33.7687 28.5596 10.4147 
13.2105 15.5617 30.853 29.4234 10.9515 
12.9991 15.8371 31.0275 29.5455 10.5908 
13.569 16.5304 32.7374 26.9835 10.1797 
15.7555 16.3127 30.6167 27.344 9.97113 
16.6378 17.7251 29.1898 26.4752 9.97209 
18.2075 18.7511 30.0545 22.9869 9.99997 
16.9243 20.0166 31.1811 21.8781 9.99999 
17.6019 17.804 32.1228 22.4982 9.97311 
17.2645 17.3655 31.6864 23.7491 9.93447 
16.8551 17.4361 32.5541 23.2804 9.8744 
15.4804 16.7785 32.272 25.62 9.84904 
16.5298 16.1702 32.1302 25.346 9.82365 
16.6649 17.0184 32.1985 23.6064 10.5118 
14.7882 16.1042 33.6942 24.3348 11.0787 
13.9515 15.839 34.1968 25.5554 10.4574 
13.4798 15.7786 34.1716 26.4633 10.1067 
13.5947 14.6097 34.4245 27.3446 10.0265 
13.9996 15.0611 34.3868 26.5532 9.99939 
14.7955 14.923 33.86 26.4486 9.97282 
16.7001 12.9848 32.9184 27.4685 9.92827 
14.75 12.759 33.7925 28.8009 9.89747 
14.4781 11.8113 33.3308 30.4172 9.96266 
14.4016 11.6908 34.2963 29.6714 9.94001 
16.4705 11.3229 34.4234 27.8975 9.88573 
16.2023 11.2933 34.7941 27.8224 9.88792 
15.7724 10.5782 34.6573 29.1167 9.87547 
15.33 11.0475 34.4635 29.3055 9.85346 
16.1694 11.9754 34.3872 27.556 9.91207 
16.6762 10.9173 35.3626 27.1583 9.88561 
17.6238 10.4586 34.2527 27.722 9.94281 
17.0506 11.3373 33.8877 27.7815 9.94299 
17.1791 11.85 33.9768 27.0775 9.91655 
20.2175 11.7389 32.8314 25.312 9.90014 
19.9127 10.7714 34.4829 24.9809 9.85203 
20.0736 11.2508 34.3969 24.3673 9.91135 
19.3065 11.9456 34.1928 24.6837 9.87141 
18.2363 12.3761 33.9901 25.5571 9.84034 
19.6816 11.9627 34.1782 24.3278 9.84975 
20.234 10.8971 33.6621 25.3662 9.8406 
20.117 11.1202 32.652 26.2652 9.84567 
20.3526 10.5601 32.6495 26.5149 9.92284 
19.4886 10.5809 33.2302 26.8678 9.83248 
20.026 10.22 35.0658 24.8423 9.84582 
21.2847 10.0233 34.0069 24.8489 9.8362 
20.2012 11.0411 33.327 25.5127 9.9181 
20.8359 10.5205 34.0164 24.6681 9.95905 
20.5718 10.6449 33.4698 25.411 9.9026 
19.4035 10.3224 33.0584 27.2643 9.9513 
17.3565 10.6987 33.793 28.2901 9.86164 
17.995 11.25 33.3562 27.4991 9.89977 
15.7822 11.3772 33.3447 29.6788 9.81714 
18.0101 11.3434 33.339 27.4882 9.81928 
19.1589 10.5948 32.3618 28.0518 9.83272 
19.1249 10.2974 32.2415 28.4198 9.91636 
18.2515 11.5511 30.7549 29.6063 9.83623 
16.4357 10.7463 33.3599 29.5692 9.88887 
15.9848 10.2275 33.1848 30.804 9.79881 
15.9612 10.4263 33.4674 30.2458 9.8994 
16.4398 10.198 33.199 30.2286 9.9346 
15.5994 10.0689 33.4669 30.9276 9.93718 
16.5771 9.89338 33.1912 30.5108 9.82752 
16.0267 9.8574 33.8575 30.434 9.82448 
15.7294 9.86697 33.1324 31.4207 9.85051 
17.3074 10.5062 33.1297 29.1778 9.87882 
16.5325 10.5562 33.383 29.5889 9.93941 
17.543 10.4668 31.6286 30.5177 9.84392 
17.1566 10.2023 32.5845 30.1657 9.8909 
18.1346 10.05 32.5039 29.4173 9.89426 
16.234 10.025 34.2519 29.542 9.94713 
16.9066 9.91163 33.6966 29.6125 9.8727 
15.7623 9.9392 32.629 31.7498 9.91974 
17.599 9.82854 33.2424 29.5112 9.8188 
18.676 9.85254 32.6706 28.9532 9.84767 
19.2086 9.78064 33.1638 28.0688 9.77821 
19.7985 9.74469 33.734 26.9794 9.74347 
19.118 9.87234 34.8357 26.3022 9.87174 
21.9414 9.79511 33.4053 25.0633 9.7948 
20.8433 9.83386 34.5371 24.952 9.83371 
21.9247 9.8249 33.2195 25.2061 9.82483 
19.2436 10.6937 33.1722 26.978 9.91241 
19.1379 10.3469 33.5216 27.0374 9.95621 
20.4252 10.0664 33.1217 26.5156 9.87107 
21.1247 9.91919 33.1732 25.9614 9.82153 
21.8368 9.86156 32.7631 25.7258 9.81273 
19.058 9.91417 33.8234 27.3147 9.88975 
20.441 9.84308 30.9182 28.9668 9.83087 
20.0911 9.77591 30.9931 29.3701 9.7698 
20.2692 9.84003 30.9918 29.0621 9.83698 
22.3795 9.85199 30.4619 27.4562 9.85046 
24.7171 9.89175 30.2994 25.2007 9.89098 
26.9004 9.92595 33.4764 19.7717 9.92557 
25.9915 9.91347 33.7349 20.4469 9.91328 
27.9475 9.94066 31.8192 20.3521 9.94056 
27.0805 9.8247 33.0617 20.2084 9.82465 
27.1916 9.84656 31.6624 21.4529 9.84654 
27.8353 9.77765 31.6888 20.9206 9.77764 
27.4176 9.88882 31.8444 20.9603 9.88882 
26.7451 10.0599 32.7539 20.5462 9.8949 
25.0649 9.95304 32.8385 22.2731 9.87053 
25.4255 9.85073 31.3563 23.5579 9.80948 
25.384 9.89112 31.0891 23.7653 9.87049 
27.2269 10.3719 33.1802 19.4408 9.78021 
26.3895 10.0755 34.2557 19.4996 9.77969 
25.5772 9.89671 34.2125 20.5648 9.74878 
25.6752 9.93117 34.2884 20.2481 9.85721 
24.6966 9.93353 32.3686 23.1048 9.89655 
23.8867 9.81627 32.2378 24.2614 9.79777 
23.4945 9.85863 32.4555 24.3419 9.84938 
22.2645 9.92931 33.2967 24.5848 9.92469 
23.7905 9.86972 31.2053 25.2671 9.86741 
23.7196 9.83351 31.481 25.1335 9.83235 
22.5286 9.85306 33.0972 24.6687 9.85248 
23.9943 9.83451 32.6529 23.684 9.83422 
26.1076 9.82523 31.9706 22.2715 9.82508 
28.1358 9.83065 32.3788 19.8243 9.83057 
28.7346 9.91532 31.5227 19.9121 9.91529 
29.9923 9.81877 32.428 17.9422 9.81875 
29.2102 9.75888 34.6087 16.6634 9.75888 
30.4026 9.78742 34.1755 15.847 9.78741 
29.9879 9.77176 33.5512 16.9174 9.77176 
28.6863 9.80896 33.0833 18.6126 9.80895 
29.1916 9.90448 31.8447 19.1548 9.90448 
29.8397 9.83029 32.2333 18.2664 9.83029 
28.9001 9.84935 31.7417 19.6595 9.84935 
29.4677 9.87167 32.4786 18.3103 9.87167 
29.9299 9.8378 32.2524 18.1421 9.8378 
31.5265 9.80849 32.0568 16.7998 9.80849 
30.6857 9.74921 36.1834 13.6324 9.74921 
31.2159 9.79524 35.0758 14.1178 9.79524 
31.5654 9.76084 33.1914 15.7215 9.76084 
31.0145 9.84731 33.6487 15.6422 9.84731 
32.0105 9.82561 31.6936 16.6446 9.82561 
30.291 9.84478 32.0033 18.0162 9.84478 
32.2784 9.81749 31.5611 16.5256 9.81749 
32.987 9.98121 34.0776 13.1541 9.80005 
33.6364 10.1692 33.4674 12.827 9.90003 
33.883 10.0334 34.6518 11.533 9.89882 
33.6645 9.91535 34.7245 11.8476 9.84806 
34.1525 9.85963 32.8851 13.2767 9.82599 
34.0374 9.87681 34.6405 11.5854 9.85999 
32.4658 9.81646 37.2389 10.6707 9.80804 
32.6736 9.82348 37.433 10.2506 9.81928 
32.3974 9.91174 34.3226 13.4586 9.90964 
31.6328 9.93979 32.4346 16.0541 9.93874 
30.8001 9.85589 32.5039 16.9847 9.85536 
30.2649 9.99551 32.1304 17.7829 9.82633 
30.3202 9.94656 31.5942 18.2771 9.86197 
32.4075 9.85133 32.696 15.2361 9.80903 
33.1027 9.80371 33.247 14.0641 9.78257 
32.1001 9.77991 32.4771 15.8735 9.76933 
32.7167 9.87277 33.5925 13.9505 9.86748 
34.2795 9.7751 34.359 11.814 9.77245 
33.7521 9.77354 33.9547 12.7474 9.77222 
33.8142 9.77276 35.3813 11.2597 9.7721 
33.6981 9.73713 36.3474 10.4806 9.7368 
33.3067 9.7275 34.6314 12.6071 9.72733 
32.5976 9.81731 33.7243 14.0435 9.81723 
31.9851 9.81062 34.5092 13.8845 9.81057 
31.967 9.85738 33.3888 14.9295 9.85736 
31.3808 9.89558 32.5884 16.2396 9.89557 
32.2332 9.7805 34.1381 14.0677 9.7805 
32.3717 9.82852 35.9991 11.9721 9.82852 
31.5464 9.7732 35.5544 13.3528 9.77319 
32.278 9.74097 34.6057 13.6343 9.74097 
32.6542 9.87048 33.2119 14.3929 9.87048 
30.4254 9.85327 33.3273 16.5407 9.85327 
31.2537 9.87544 32.5339 16.4615 9.87544 
32.8866 9.91993 33.5268 13.7468 9.91993 
31.6542 9.92984 34.8357 13.6505 9.92984 
33.0003 9.82814 34.1352 13.2082 9.82814 
33.3183 9.91407 33.1282 13.7253 9.91407 
34.4444 9.82281 32.3359 13.5741 9.82281 
32.7991 9.9114 35.591 11.787 9.9114 
29.473 10.0016 39.3551 11.1687 10.0016 
30.2668 10.4932 38.4276 10.8874 9.92503 
29.9026 10.1697 35.983 14.0591 9.88559 
30.5069 10.0055 36.2455 13.3787 9.86343 
30.4495 9.9047 34.626 15.1861 9.83368 
29.4886 9.86032 33.724 17.1023 9.82481 
30.0891 9.93016 33.931 16.1373 9.91241 
30.7136 9.89466 34.7472 14.7588 9.88578 
31.0431 9.84929 34.3671 14.8957 9.84485 
31.9772 9.82971 32.0569 16.3086 9.82749 
31.223 9.99298 35.5597 13.4278 9.79656 
30.8076 9.89845 35.4269 14.0668 9.80024 
30.4885 9.86448 32.4592 17.3724 9.81537 
31.2052 10.3068 33.3306 15.3637 9.79368 
30.7987 10.0554 34.6392 14.708 9.7988 
30.8567 9.91728 33.5656 15.8714 9.78899 
31.4661 9.83285 34.5501 14.3822 9.76871 
32.2836 9.79448 34.6967 13.4629 9.7624 
32.8671 9.82682 34.7779 12.7174 9.81078 
33.1002 9.83404 32.9445 14.2952 9.82602 
33.6511 9.80301 33.899 12.8479 9.79901 
33.2268 9.83781 33.51 13.5896 9.83581 
20 20 20 20 20 
19.3458 18.2555 20.9813 21.5265 19.891 
22.2676 17.177 21.8543 20.0435 18.6576 
19.0403 18.8335 23.622 20.044 18.4602 
17.8879 18.5076 26.3771 19.6295 17.5979 
18.0349 18.2311 26.7113 20.9511 16.0717 
16.56 19.5778 25.2778 22.5193 16.065 
14.5863 20.7123 25.8146 21.5074 17.3794 
14.436 22.554 25.7644 20.7537 16.4919 
13.0267 21.072 28.7136 22.7914 14.3963 
12.2053 21.4735 28.9774 23.7841 13.5597 
11.0243 20.8039 29.1419 26.6572 12.3727 
11.0804 20.1747 30.5937 25.374 12.7773 
11.4503 19.78 29.5994 26.8714 12.2988 
12.0888 19.4355 30.4815 25.7084 12.2858 
11.7005 17.5232 33.1141 26.2026 11.4596 
11.4841 18.7381 33.1063 26.0121 10.6594 
11.6312 18.6069 32.373 26.17 11.2188 
11.1323 20.3894 30.4399 26.5466 11.4918 
11.6155 21.3058 29.1706 26.2362 11.6718 
12.6313 21.5941 27.1735 27.0005 11.6006 
13.4102 20.8196 28.5642 24.7615 12.4445 
13.8805 20.5465 28.6329 23.7703 13.1698 
12.8763 19.9764 29.2708 23.529 14.3475 
13.8499 20.9294 29.106 22.7057 13.409 
13.5222 19.6082 30.178 23.9686 12.723 
14.164 18.542 29.4094 24.727 13.1576 
14.138 17.4218 30.6414 25.3805 12.4182 
13.3922 16.7905 31.9484 24.9853 12.8836 
13.0207 16.8678 33.0386 24.9032 12.1697 
13.5663 15.1249 32.9427 26.6852 11.681 
13.1533 14.5336 32.5771 27.8859 11.8501 
13.0244 15.0527 34.0501 26.4733 11.3995 
13.6378 14.5312 35.0202 25.7971 11.0138 
13.5946 14.2749 34.7998 26.6836 10.6471 
14.406 13.2969 35.2743 26.7476 10.2752 
14.7436 13.377 34.9225 26.7149 10.242 
14.2766 12.998 34.9613 27.286 10.4782 
13.838 13.8191 33.7337 27.5388 11.0703 
12.3715 14.5662 34.5003 26.8784 11.6837 
11.1857 14.3563 33.7136 29.9026 10.8418 
10.4855 13.8607 34.0405 31.2998 10.3135 
10.5383 13.8269 34.7543 30.7977 10.0829 
10.257 13.7261 34.1655 31.2139 10.6375 
11.1041 13.2045 35.2535 29.8753 10.5627 
11.7078 13.3862 35.2147 29.5105 10.1808 
13.2929 13.2785 33.0951 29.7552 10.5782 
12.4109 13.1555 33.4649 30.1658 10.8029 
12.9788 13.5975 32.7423 30.3539 10.3276 
12.3147 13.1094 34.8177 29.6187 10.1395 
12.2067 13.5917 34.8163 29.3772 10.008 
13.0578 13.7503 34.6743 28.5975 9.92008 
13.034 14.2731 34.0463 28.712 9.93453 
13.1753 15.428 33.7317 27.7982 9.86676 
13.5851 15.602 32.5147 28.4029 9.89521 
12.8419 15.5788 32.1833 29.1397 10.2562 
12.671 15.6976 32.6733 28.8556 10.1026 
13.0887 17.4592 32.7003 26.7655 9.98637 
14.325 16.8929 31.1461 27.6684 9.96768 
14.7767 14.9185 33.0857 27.286 9.93308 
14.3328 14.7825 32.8307 28.1632 9.89078 
14.5348 15.5491 31.2838 28.6869 9.94539 
12.4442 15.3503 33.5712 28.6111 10.0232 
13.3087 13.8431 33.321 29.5287 9.99848 
13.1187 13.6498 32.7555 30.5955 9.8805 
13.5266 14.0653 34.2739 28.2759 9.85829 
13.285 13.8102 34.2725 28.7159 9.91635 
13.9129 13.7928 36.1414 26.2202 9.93267 
15.1171 12.2073 35.0396 27.7474 9.88861 
15.4017 11.986 35.2894 27.4766 9.84627 
15.6309 13.6543 32.8329 27.9856 9.89625 
15.1157 12.3368 35.4247 27.216 9.9068 
15.5326 13.7633 32.9022 27.9118 9.89011 
15.5091 13.837 32.9865 27.7354 9.93193 
15.5177 13.8922 32.0196 28.6046 9.96597 
15.6306 12.9228 32.4821 29.0253 9.93925 
14.1533 13.222 32.8608 29.8648 9.8992 
14.9922 13.8669 32.2615 29.0485 9.83087 
14.3642 14.6258 31.5154 29.6341 9.86049 
14.0554 13.3776 33.5474 29.1028 9.91677 
15.6713 12.6728 34.7258 27.0514 9.8786 
16.6028 12.3638 34.4862 26.6764 9.87081 
16.945 12.8308 34.6633 25.7052 9.85562 
15.2476 13.4615 35.0823 26.4027 9.80586 
15.7539 11.6088 35.2918 27.5645 9.78098 
16.8004 10.7619 35.7762 26.8134 9.848 
17.8903 10.7634 35.4519 26.0129 9.8815 
18.6553 10.744 33.8129 26.9195 9.86829 
16.4502 11.9247 34.8552 26.8501 9.9199 
17.316 11.1763 35.4757 26.1256 9.90647 
18.1818 11.3304 35.3849 25.2477 9.8552 
18.1818 11.0904 34.7013 26.1136 9.91294 
17.7674 10.6923 34.5565 27.0274 9.95647 
17.948 10.7555 33.6525 27.695 9.94899 
16.244 10.2739 35.3723 28.2392 9.87064 
15.5036 10.8473 34.5385 29.3006 9.80997 
15.9936 10.506 35.5385 28.1119 9.85004 
16.8036 10.2246 35.2408 27.8343 9.89661 
17.1161 10.2552 34.049 28.6315 9.94831 
18.1617 10.7678 32.5733 28.645 9.8522 
17.9471 10.7618 33.4378 27.6946 10.1587 
18.1658 10.2556 34.6855 26.9392 9.95398 
17.7534 10.0411 35.2618 27.0534 9.89029 
17.8622 9.94807 33.1382 29.1789 9.87268 
16.3157 10.5125 33.9537 29.3587 9.85942 
15.0092 10.5041 34.3238 30.277 9.88598 
16.0889 10.2219 34.18 29.5963 9.91287 
16.9997 10.0363 33.2094 29.8728 9.88181 
18.2522 9.97172 31.3106 30.5711 9.89446 
17.4083 9.89384 32.6798 30.1628 9.85521 
15.9389 10.7347 33.5425 29.8724 9.91153 
16.1566 10.6305 32.8531 30.4333 9.92652 
15.0876 10.2997 34.3393 30.3257 9.94769 
14.7084 10.3328 33.6331 31.4738 9.85189 
16.0319 10.1251 32.9322 31.0262 9.88462 
16.3493 9.97324 32.3887 31.4357 9.85303 
18.3627 10.6293 29.9875 31.2351 9.78545 
17.2459 10.8865 30.3896 31.6 9.87806 
16.6557 10.6891 33.2276 29.5705 9.85706 
16.3033 10.2525 33.1782 30.4294 9.83651 
18.1228 10.0396 32.6296 29.3766 9.83155 
17.2404 10.1124 33.4444 29.3488 9.85405 
17.3625 9.96416 31.7529 31.0854 9.835 
16.6813 9.90516 31.5687 32.0043 9.84058 
16.5137 10.7218 32.451 30.4252 9.88824 
17.3194 10.3609 32.788 29.5876 9.94412 
16.2178 10.1223 33.2545 30.4915 9.91392 
19.1838 9.94715 31.2852 29.7409 9.84295 
19.064 9.94252 32.2575 28.8456 9.89042 
20.6431 9.90953 32.7954 26.7685 9.88348 
19.6589 10.3765 33.717 26.336 9.91162 
20.0236 10.0426 32.0689 28.0548 9.81018 
20.0118 9.93933 31.9361 28.2897 9.82312 
19.3254 9.85132 31.3526 29.6774 9.79322 
19.0469 10.3509 32.2452 28.4751 9.88195 
17.985 10.7139 31.9688 29.4683 9.86405 
17.8987 10.357 31.6094 30.2029 9.93203 
18.6978 10.2099 32.7858 28.4662 9.84023 
19.4775 10.0889 32.4701 28.0595 9.90404 
20.0947 9.89881 32.7399 27.4602 9.80639 
20.2997 9.839 32.1428 27.9257 9.79278 
20.4576 9.84257 32.3791 27.5013 9.81947 
21.9171 9.79142 31.774 26.7377 9.77986 
22.5312 10.237 32.5042 24.9415 9.78607 
23.1351 10.0146 31.3856 25.6755 9.78918 
21.6685 9.88946 33.3696 25.2957 9.77674 
22.7235 9.83073 30.3656 27.3058 9.77437 
22.2313 9.76486 31.5707 26.6964 9.73668 
23.9064 9.86582 32.5628 23.8133 9.85173 
23.5884 9.80712 32.9481 23.8563 9.80008 
21.9457 9.90356 32.6861 25.5645 9.90004 
22.9794 9.88599 32.297 24.9533 9.88423 
22.3048 9.80193 32.7629 25.3293 9.80105 
24.4857 9.90096 32.7148 22.998 9.90052 
24.0935 9.98295 33.0782 23.025 9.82039 
24.3445 9.84584 34.6621 21.383 9.76457 
24.3872 10.4604 33.9434 21.4407 9.76828 
23.922 10.3228 33.7927 22.1401 9.82241 
24.3843 10.2227 33.4608 22.113 9.81918 
27.795 10.0759 34.9928 17.2622 9.87413 
29.2423 10.038 34.2205 16.5621 9.93706 
28.8835 9.93701 32.684 18.6089 9.88657 
29.7542 9.96851 31.6545 18.6795 9.94328 
28.4267 9.94608 34.1479 17.5458 9.93347 
29.5039 9.86601 34.5051 16.2653 9.8597 
30.6683 9.91693 32.5259 16.9751 9.91377 
30.7188 9.88154 32.5706 16.9491 9.87996 
31.8151 9.84583 31.4752 17.0188 9.84505 
31.6794 9.78869 32.6839 16.0598 9.78829 
30.4524 9.82392 34.8279 15.0721 9.82372 
31.6113 9.81061 33.7991 14.9685 9.81051 
30.9619 9.9053 33.7745 15.453 9.90526 
31.0674 9.89092 33.8626 15.2882 9.8909 
30.4204 9.79983 30.8471 19.1328 9.79982 
30.3943 9.80789 31.0677 18.9222 9.80788 
30.0839 9.75831 32.3624 18.0372 9.75831 
32.3316 9.86358 31.1344 16.8067 9.86358 
32.437 9.84704 32.8554 15.0135 9.84704 
32.502 9.90437 35.2016 12.4876 9.90436 
31.4525 9.89724 36.2821 12.4709 9.89724 
32.934 9.81875 33.5631 13.8653 9.81875 
32.421 9.84358 33.7224 14.1695 9.84358 
33.9362 9.77129 33.2491 13.272 9.77129 
33.9681 9.88565 32.9579 13.3027 9.88565 
33.2301 9.83241 32.725 14.3801 9.83241 
32.4484 9.91621 35.5292 12.19 9.91621 
32.9502 10.1182 35.7361 11.2552 9.94031 
32.3842 10.4163 34.4265 12.9328 9.84028 
32.9653 10.1602 33.3474 13.6549 9.87222 
33.2589 10.0143 33.2856 13.5709 9.87032 
33.6863 9.85666 32.1946 14.4777 9.78466 
32.3987 10.1135 34.9862 12.6092 9.89233 
33.0203 9.99503 34.4684 12.6318 9.88444 
34.9402 9.94632 33.9578 11.2647 9.89102 
34.4005 9.87822 33.2763 12.5944 9.85058 
33.8142 9.84417 32.6192 13.8921 9.83035 
34.1545 9.80014 34.2538 11.9983 9.79322 
34.2978 9.88496 33.139 12.7967 9.88151 
35.4181 9.91043 33.3964 11.3663 9.9087 
34.4792 9.92416 35.0212 10.6521 9.9233 
33.5299 10.446 33.8009 12.2615 9.96165 
33.4809 10.1046 33.4685 13.0834 9.86248 
33.1339 9.97035 34.767 12.2794 9.84927 
34.1656 9.91938 34.6533 11.4029 9.85885 
33.0703 9.81863 33.941 13.3817 9.78836 
33.2534 9.86287 32.76 14.276 9.84774 
34.3923 9.87649 33.7793 12.083 9.86892 
34.5663 9.80838 33.6104 12.2104 9.80459 
35.1403 9.83616 33.812 11.3773 9.83427 
33.5844 9.90029 35.9452 10.6708 9.89934 
34.9324 9.82819 34.436 10.9757 9.82772 
33.5653 9.86766 34.2459 12.4538 9.86742 
32.9365 10.4723 33.7383 12.9961 9.85679 
34.2152 10.1744 33.2272 12.5166 9.86667 
32.7625 10.3588 33.0673 13.926 9.88541 
33.2755 10.1282 34.1104 12.5944 9.89151 
33.1394 10.0146 34.547 12.4028 9.89625 
32.6688 9.96086 34.4561 13.0126 9.90169 
31.1609 9.87002 35.3669 13.7618 9.84043 
32.142 9.8246 34.245 13.9787 9.80981 
32.414 9.76667 31.6856 16.3745 9.75927 
31.7052 9.86488 32.6325 15.9363 9.86119 
32.5192 9.7774 34.7271 13.2007 9.77555 
32.4568 9.81828 35.4973 12.4102 9.81735 
32.8951 9.87709 33.2935 14.0577 9.87663 
32.2456 9.82454 31.7934 16.3122 9.82431 
32.0802 10.0541 32.0314 15.9575 9.87669 
30.4151 10.0271 31.0157 18.6038 9.93835 
30.4747 10.1662 34.0193 15.4088 9.93101 
30.8034 9.95731 34.6197 14.7798 9.83972 
30.2985 9.84591 34.124 15.9445 9.78711 
30.1184 9.86123 33.2657 16.9229 9.83183 
31.5129 9.88269 31.9683 16.7681 9.86799 
33.0965 9.8235 32.9875 14.2763 9.81615 
32.3898 9.86225 33.4905 14.3989 9.85857 
31.9 9.89907 34.0529 14.2507 9.89723 
31.1063 9.94954 35.1515 13.8441 9.94862 
29.6 9.82427 34.1309 16.6211 9.82381 
31.079 9.89552 32.514 16.6162 9.89529 
33.3248 9.81353 32.6999 14.3484 9.81342 
33.7036 10.1502 33.3912 12.9794 9.77562 
33.0056 9.99818 34.5417 12.6436 9.81089 
34.2684 10.1273 34.487 11.2668 9.8505 
34.2528 9.9789 35.0401 10.8877 9.8405 
34.584 10.4132 33.9607 11.2065 9.83551 
34.8553 10.1117 34.7019 10.5083 9.82282 
35.0839 10.0558 32.8197 12.1292 9.91141 
34.7086 10.1946 33.4098 11.7312 9.9557 
34.2462 9.99594 35.1171 10.7643 9.8765 
35.5006 9.96486 34.2804 10.349 9.90514 
33.9665 9.88108 35.2145 11.0867 9.85122 
33.0089 9.90849 34.4342 12.7549 9.89356 
33.2766 9.85931 33.831 13.1812 9.85184 
33.9522 9.94583 33.9058 12.4159 9.78029 
31.4456 10.9215 32.5478 15.2111 9.87407 
30.8431 10.4436 32.5969 16.1966 9.91985 
29.2089 10.2052 34.5709 16.0717 9.94331 
29.6204 10.0547 31.9819 18.4193 9.92373 
29.9859 9.97941 31.3264 18.7943 9.91394 
27.1048 10.2692 34.2968 18.4034 9.92592 
28.6758 10.5358 33.3521 17.535 9.90123 
29.4799 10.1575 32.9221 17.6003 9.8402 
31.8246 9.93769 32.135 16.3237 9.77904 
31.7777 9.93679 32.0932 16.3349 9.85747 
32.8791 10.1464 32.066 15.1254 9.7831 
33.1062 10.0894 33.6705 13.3879 9.74592 
34.4743 10.0626 34.2188 11.5327 9.71167 
20 20 20 20 20 
21.9048 19.3651 20.5556 20.0794 18.0952 
21.3279 18.477 20.9497 20.6128 18.6326 
19.1721 21.4763 21.8968 19.6304 17.8245 
19.4329 22.2261 23.5304 17.8021 17.0085 
19.1913 21.7295 24.5506 19.175 15.3536 
16.1512 21.087 27.4975 19.5875 15.6768 
13.9315 21.9174 29.4019 18.8028 15.9465 
14.4547 21.8618 31.2208 17.441 15.0217 
15.789 21.8898 30.4506 16.9397 14.9309 
14.0192 24.3079 30.5928 18.3808 12.6993 
13.465 24.2432 29.8504 20.1059 12.3356 
12.1747 22.7792 31.025 22.2978 11.7233 
11.4486 22.1122 33.1115 22.4543 10.8733 
12.7871 19.5763 34.493 22.7742 10.3694 
14.042 19.4913 32.8858 23.3734 10.2075 
14.8834 19.2051 31.922 22.9889 11.0006 
15.0972 19.77 31.1524 23.5758 10.4046 
14.7245 18.3341 31.3169 25.2138 10.4106 
13.3063 16.0435 33.8403 26.7095 10.1004 
13.6462 15.481 32.8875 27.9235 10.0619 
14.0141 14.4821 32.2865 29.0179 10.1995 
13.2418 14.6982 32.6469 29.4234 9.98971 
13.8348 16.0556 31.8707 28.2689 9.96998 
11.8217 17.2383 31.366 29.6847 9.8893 
12.2046 18.5259 31.6504 27.7794 9.83975 
11.6069 20.5015 31.0775 26.9631 9.85107 
10.8843 19.9505 30.5503 28.3776 10.2373 
11.7384 18.2469 31.8184 27.7691 10.4273 
10.9173 18.258 31.2938 29.2691 10.2617 
12.2983 18.2092 30.6233 28.7855 10.0837 
12.7506 17.2953 31.2041 28.4514 10.2986 
11.9178 18.7892 29.753 29.438 10.1021 
11.9914 19.1394 29.0296 29.3362 10.5035 
11.9713 18.1063 29.3929 30.2778 10.2517 
12.4077 18.5715 27.6551 30.3912 10.9745 
11.836 19.0559 30.6092 27.8393 10.6597 
11.3906 19.9757 30.9762 27.3525 10.305 
11.8013 18.1676 32.654 27.0403 10.3368 
11.6014 20.0101 30.3413 27.8907 10.1565 
11.7763 18.9075 31.756 27.4819 10.0783 
11.9078 18.7904 30.7429 28.6058 9.95314 
11.7933 19.2492 29.24 29.753 9.9644 
11.0279 17.8585 29.1785 31.7023 10.2328 
11.1478 17.0278 30.1996 31.2267 10.3981 
10.5367 15.2137 31.2288 32.735 10.2859 
10.4995 14.4195 31.4295 33.1558 10.4957 
10.1793 13.5478 32.264 33.1272 10.8817 
11.355 13.4078 32.7168 32.1656 10.3548 
12.063 12.487 32.6235 32.7093 10.1172 
12.4041 13.4739 30.8951 32.8988 10.3282 
13.2897 14.2112 31.1692 31.0112 10.3187 
13.3878 14.8664 30.2156 31.4089 10.1212 
12.2909 15.3934 31.0282 31.2517 10.0357 
11.0327 15.3408 31.9301 31.7913 9.90508 
10.6928 16.0233 31.1415 32.2486 9.89372 
10.2604 14.7684 32.6469 32.4634 9.86086 
10.947 14.1911 32.5363 32.4445 9.88093 
11.2014 14.7328 32.4973 31.7354 9.83306 
12.9272 13.9217 31.5443 31.806 9.80085 
12.2477 14.6729 32.096 31.1986 9.78474 
13.359 14.0548 32.1979 30.5864 9.80193 
13.8406 13.1655 33.4903 29.6154 9.88818 
13.5699 14.1275 33.7528 28.6185 9.9313 
12.5589 13.6977 32.9698 30.4026 10.3711 
12.1461 13.2488 33.5515 30.9346 10.1189 
12.1184 14.5589 32.3929 30.9585 9.97127 
10.9853 14.176 33.4378 31.4891 9.91174 
10.7762 14.82 33.8581 30.693 9.85278 
10.9892 14.6504 33.0493 31.0569 10.2543 
12.0391 14.2624 32.3623 31.2352 10.101 
11.984 13.984 33.1862 30.8461 9.99971 
12.1936 13.5811 34.035 30.2809 9.90942 
12.9978 13.301 33.1633 30.6352 9.90263 
12.9976 13.547 33.2925 30.3044 9.85847 
13.4432 12.468 31.924 31.68 10.4848 
14.4662 12.7557 30.7718 31.8726 10.1337 
14.3012 13.1841 32.9252 29.5489 10.0407 
13.7189 12.7583 33.3527 30.19 9.98012 
13.7655 13.4233 32.6984 30.1502 9.96244 
13.2152 14.3634 31.3888 31.1701 9.86248 
13.3609 14.5843 31.1489 31.0396 9.86631 
14.5681 13.1745 29.2108 32.7658 10.2807 
14.8598 12.0969 30.7211 32.2231 10.0991 
14.6703 12.879 30.7977 30.3192 11.3337 
14.8694 12.4669 31.7002 30.3651 10.5983 
15.6292 11.3723 32.1001 30.4603 10.4381 
17.514 11.5605 32.5801 28.2083 10.1371 
16.5867 11.1374 33.8725 28.1151 10.2883 
17.1169 11.7312 33.6029 27.2228 10.3262 
17.8828 11.5413 35.315 25.0979 10.1631 
15.9726 12.6717 33.4127 27.9135 10.0295 
17.1393 13.0298 33.0998 26.7983 9.93277 
14.8562 12.5091 34.5324 28.1652 9.93715 
15.0871 14.058 32.4396 28.5335 9.88187 
17.1536 13.0179 32.3758 27.6372 9.81559 
17.8521 13.0307 31.1154 28.1664 9.83533 
16.296 12.1512 32.0317 29.6902 9.83096 
17.5581 11.2722 32.1675 29.1709 9.83121 
16.4495 11.7441 31.5667 30.3525 9.8872 
15.8367 10.7974 34.4401 29.0568 9.86897 
14.9836 10.9694 35.4266 28.7947 9.82579 
15.3865 10.4554 33.7952 30.4792 9.88366 
16.4921 10.116 33.9367 29.6251 9.8301 
15.7461 10.7524 34.885 28.7014 9.91505 
16.399 10.434 33.772 29.5241 9.87082 
17.1438 10.2023 33.8948 28.8383 9.92075 
18.7515 10.0413 33.7139 27.5928 9.90049 
18.1576 10.5447 35.2705 26.1194 9.90775 
19.5673 10.1574 34.8766 25.5597 9.83893 
19.5538 10.2511 32.5245 27.866 9.80452 
20.6665 10.8004 32.3666 26.3563 9.81024 
20.0511 11.0428 32.4842 26.6578 9.76405 
18.555 10.5214 34.6245 26.4171 9.88203 
21.3009 12.1522 30.9486 25.6719 9.92635 
22.8529 11.8797 31.6945 23.699 9.87389 
22.3299 11.5473 31.4236 24.7779 9.92137 
22.6914 11.0696 29.8863 26.4076 9.94511 
23.3577 10.9402 31.3095 24.4651 9.92751 
23.9177 11.7388 30.5801 23.8743 9.88913 
25.7886 10.7326 32.3113 21.3597 9.80779 
25.1421 10.5536 33.0145 21.4867 9.80303 
24.3181 10.5479 32.3205 22.9422 9.87139 
22.5141 11.7828 33.0241 22.8616 9.81735 
22.9237 10.8914 31.3606 24.9157 9.90868 
23.4797 10.6386 32.2975 23.7338 9.85048 
22.986 10.1825 33.17 23.873 9.78846 
22.7051 10.8488 33.5547 22.9971 9.89423 
21.4109 10.6722 33.3954 24.6181 9.90338 
22.6997 10.8274 32.0156 24.5923 9.86499 
22.0323 10.6066 32.3283 25.2042 9.82864 
22.3798 10.3033 31.9217 25.4809 9.91432 
22.8251 10.1831 32.7848 24.3757 9.83137 
23.3552 10.9833 31.9975 23.812 9.85199 
24.9903 10.7548 31.7882 22.5871 9.87956 
24.7929 11.5263 32.8844 21.0023 9.79415 
25.2663 10.6448 31.9747 22.3355 9.77873 
26.2695 10.3224 31.8965 21.6223 9.88937 
25.4075 10.1612 33.221 21.2657 9.94468 
24.778 10.0342 32.4 22.8619 9.9259 
26.0389 9.91322 32.8172 21.3716 9.85909 
25.7154 10.2858 32.3961 21.8143 9.78848 
27.254 10.0964 31.2135 21.5883 9.8478 
27.6207 11.0231 30.3866 21.1715 9.79811 
27.5358 10.9037 33.0038 18.7557 9.80102 
29.5665 10.6602 33.5158 16.4959 9.76162 
27.4376 10.2684 33.5789 18.8961 9.81908 
25.9544 10.1191 33.8589 20.1731 9.89444 
27.7288 10.0285 33.3891 18.9375 9.91616 
27.9176 9.8959 34.0022 18.3445 9.83974 
29.6421 10.2275 33.3055 16.9362 9.88881 
27.8241 10.0673 34.919 17.2916 9.89797 
27.4018 10.3122 34.175 18.1766 9.93432 
29.2598 10.141 33.4017 17.2454 9.95205 
29.3174 10.0705 32.9509 17.6852 9.97603 
30.131 9.92125 33.5764 16.4973 9.87401 
29.5865 9.90074 34.0038 16.6319 9.87712 
30.6737 9.82459 32.8824 16.8065 9.81278 
30.5687 9.87918 33.4942 16.1847 9.87328 
29.7905 9.87786 32.3335 18.1232 9.87491 
31.2887 9.85696 31.5766 17.4223 9.85549 
30.3901 9.84374 35.4493 14.4738 9.843 
29.5499 9.92187 34.3376 16.2692 9.9215 
29.3117 10.2325 33.4627 17.0803 9.91283 
29.3617 10.0182 33.8882 16.8735 9.85837 
28.4514 9.92714 35.7966 15.9777 9.84722 
29.8698 9.87154 33.2357 17.1913 9.83159 
29.858 9.85885 32.464 17.9803 9.83887 
30.6385 10.3348 32.6171 16.5915 9.81808 
29.6983 11.0498 32.8118 16.6291 9.811 
32.3095 10.4455 32.4377 14.9812 9.82614 
33.2039 10.1408 33.7598 13.0644 9.8311 
33.9097 9.9655 32.9638 13.3504 9.81066 
32.3983 9.87572 33.6073 14.3204 9.79829 
32.812 10.7443 34.223 12.3215 9.89915 
33.2481 10.2844 35.5326 11.073 9.86185 
34.0844 10.0629 35.5441 10.4572 9.85156 
34.5727 9.90948 34.083 11.631 9.80383 
33.7958 9.82895 34.6516 11.9476 9.77613 
34.1514 9.84405 35.2835 10.9034 9.81764 
33.2662 9.84266 35.8957 11.166 9.82946 
33.9921 9.81747 34.2683 12.1112 9.81087 
33.6105 9.76767 35.4727 11.3847 9.76437 
33.6037 10.6151 35.3253 10.6331 9.8229 
34.233 10.2005 34.1764 11.5857 9.80441 
35.5127 10.2889 33.7549 10.667 9.77642 
36.6243 10.0187 33.3869 10.2077 9.76242 
36.2751 10.0093 33.7305 10.1039 9.88121 
36.8319 9.90081 33.1857 10.2448 9.83675 
34.053 10.3558 35.8979 9.94866 9.74463 
34.7017 10.1142 35.4649 9.91064 9.80862 
34.8893 9.98018 34.194 11.1092 9.82739 
35.0917 9.94365 33.5057 11.5917 9.86725 
35.0556 9.83564 34.4571 10.8542 9.79744 
34.6374 9.90121 35.1688 10.4105 9.88211 
32.0246 9.90416 36.1602 12.0164 9.89461 
33.2431 9.87516 33.3109 13.7005 9.87038 
32.7099 9.82717 33.3747 14.2635 9.82478 
32.0692 9.83422 32.5604 15.7032 9.83303 
33.6272 9.85538 32.4839 14.1788 9.85478 
31.7289 11.1989 33.8691 13.3606 9.84265 
32.1331 10.5248 32.9047 14.5907 9.8467 
32.2058 10.1675 32.5916 15.2068 9.82841 
31.5117 10.1152 33.9059 14.6789 9.78842 
30.0192 9.91652 34.351 15.9601 9.75314 
30.4641 9.95826 33.5392 16.1619 9.87657 
31.6772 9.96252 32.5503 15.8882 9.92167 
31.8507 10.8725 32.2872 15.0438 9.94573 
33.2093 10.3745 32.5016 14.0034 9.91114 
34.6864 10.0615 33.5464 11.8759 9.82978 
35.0481 9.94877 33.8224 11.3478 9.83292 
34.8593 9.84545 32.6705 12.8372 9.78752 
35.886 9.78849 32.6104 11.9555 9.75953 
35.2293 9.72696 34.5208 10.8105 9.71248 
35.6024 9.74153 34.3336 10.5882 9.73429 
34.8744 9.74881 35.4595 10.1721 9.74519 
35.2365 9.72878 35.3673 9.94043 9.72697 
34.7611 9.78502 34.3503 11.3194 9.78412 
34.4454 10.012 34.24 11.4618 9.84086 
33.8311 10.2507 35.4766 10.626 9.81554 
33.6385 10.3619 35.6437 10.5495 9.80642 
31.8814 10.1499 34.2815 13.8151 9.87215 
31.6239 10.0439 33.1345 15.2926 9.90502 
30.185 9.91491 32.6223 17.4323 9.84548 
28.9726 10.1625 31.6108 19.4417 9.81233 
27.9091 10.9537 31.4094 19.9557 9.77194 
28.3717 10.3848 32.1158 19.3337 9.79394 
30.957 10.0514 31.2616 17.9741 9.75591 
31.9697 10.4643 33.1747 14.6011 9.79023 
32.2228 10.2161 33.7899 13.8922 9.87904 
34.3245 10.0908 33.7334 11.9289 9.92234 
35.283 9.9112 33.813 11.1658 9.82694 
35.2978 9.9556 33.9378 10.8954 9.91347 
34.8463 9.9141 33.8479 11.4987 9.89304 
32.7958 9.926 32.9177 14.445 9.91546 
33.3791 9.83721 32.3394 14.6124 9.83195 
34.2334 11.059 32.6609 12.2185 9.82825 
33.3288 10.984 33.6032 12.1699 9.91413 
33.1768 10.4303 33.9312 12.5664 9.89534 
33.9197 10.1231 32.6098 13.4918 9.85564 
33.7455 10.0616 33.4477 12.8173 9.92782 
32.7189 9.95386 33.8008 13.6394 9.88699 
31.3295 9.91705 34.4154 14.4544 9.88361 
31.5144 9.86048 33.2208 15.5606 9.84377 
30.7572 9.93024 33.4854 15.9053 9.92188 
31.2665 9.94954 32.9421 15.8966 9.94537 
29.7127 10.3899 34.3411 15.71 9.84633 
29.9248 10.8457 33.2664 16.0742 9.88892 
32.4865 10.7283 32.8712 13.9856 9.92838 
31.9989 10.3481 34.2812 13.4237 9.94811 
31.6529 10.1892 33.0981 15.2225 9.83728 
31.9255 10.0482 32.0289 16.1252 9.8722 
33.1602 9.96039 32.8934 14.1135 9.87241 
33.0338 10.092 34.9771 12.0088 9.88828 
32.1521 9.932 33.4494 14.6363 9.83013 
33.5056 9.89558 33.6261 13.128 9.84464 
34.0731 9.84975 33.8065 12.4464 9.82428 
33.9262 9.77437 34.1273 12.4105 9.76164 
34.8082 10.4427 33.8987 11.0874 9.76297 
33.698 10.1734 34.3615 11.9335 9.83356 
32.4079 10.8269 33.3439 13.5196 9.90168 
31.9934 10.5218 33.6998 13.8805 9.9044 
32.3044 10.184 34.8499 12.7864 9.87528 
32.2236 9.96212 34.7951 13.2114 9.80777 
33.7494 9.83543 33.9024 12.7546 9.75825 
33.5949 9.90164 34.6361 12.0043 9.86305 
34.6222 9.93571 33.9344 11.5913 9.91642 
20 20 20 20 20 
21.6427 19.2504 21.3238 20.925 16.8581 
20.4827 19.5854 23.4109 20.1239 16.3972 
17.7906 18.1078 25.9286 22.3158 15.8572 
16.5702 17.1803 27.5241 23.1218 15.6036 
17.1223 18.2413 28.1807 22.026 14.4297 
17.2086 18.7659 29.0571 20.88 14.0885 
16.271 18.2718 30.4174 20.7733 14.2665 
13.7037 19.8177 30.5496 21.2957 14.6332 
13.5996 20.0859 30.0978 22.2629 13.9538 
14.079 19.3508 27.3401 24.9739 14.2561 
13.3776 17.4219 31.0409 24.5762 13.5835 
12.2686 18.3389 30.7283 25.8548 12.8092 
12.3986 18.6228 30.1705 27.506 11.3021 
11.4318 17.916 33.6899 25.4972 11.465 
12.067 16.5793 34.2815 25.2197 11.8526 
11.657 16.4803 34.7446 26.1795 10.9385 
11.2683 15.8791 34.9649 27.3259 10.5619 
10.9509 16.0843 35.582 27.1245 10.2583 
12.7029 16.9284 33.6678 26.3584 10.3424 
14.3561 16.5849 32.9592 25.9402 10.1596 
14.9869 15.7516 34.1952 25.0913 9.97491 
14.9935 15.0187 33.8833 26.1171 9.98745 
13.5164 16.3545 33.4036 26.8178 9.90773 
14.2924 15.8257 34.3959 25.6235 9.86254 
15.2415 15.4128 33.0313 26.026 10.2884 
14.932 14.8998 33.0251 27.046 10.097 
16.5569 15.7035 32.9001 24.8867 9.95282 
14.7796 14.7075 34.1805 26.3913 9.94095 
14.0249 16.0031 31.6637 26.9397 11.3686 
14.2076 16.1723 30.1002 28.8357 10.6843 
14.0003 15.9022 31.4869 28.3259 10.2847 
13.1126 15.2861 32.9806 28.5884 10.0323 
14.6208 16.0798 30.0139 28.6863 10.5993 
14.9476 15.1998 30.7587 28.6629 10.4309 
15.0348 16.0145 32.2086 26.5266 10.2155 
14.1189 15.9535 31.7522 27.5665 10.6089 
14.271 15.5489 33.4242 26.5236 10.2324 
15.0047 15.6437 32.3295 26.8211 10.2009 
15.6731 15.017 32.1404 27.0691 10.1005 
13.9398 15.8418 33.2063 26.7975 10.2146 
13.0526 15.3418 32.9049 28.6055 10.0951 
13.7945 15.0644 33.3697 27.8366 9.93477 
12.8972 15.9072 33.8099 27.4183 9.96739 
13.4106 14.2827 32.2214 30.1648 9.9204 
14.654 14.0644 32.1363 29.185 9.9602 
12.775 14.054 33.6226 29.6046 9.94378 
12.7625 14.652 33.6863 28.9273 9.97189 
11.4181 14.697 33.6736 30.3113 9.89995 
12.4196 14.059 33.5473 30.0241 9.94998 
12.1592 13.9915 32.8496 31.088 9.9117 
11.5364 13.7217 31.5263 33.3105 9.90509 
11.7422 14.3933 31.8671 32.1098 9.88761 
10.7972 15.3247 32.3128 31.2027 10.3625 
11.3935 14.9328 32.9932 30.5248 10.1558 
11.5714 15.0382 31.6402 30.5366 11.2136 
13.2376 15.2114 32.7672 28.0087 10.7751 
11.7235 17.5533 32.3522 28.0096 10.3614 
12.6744 17.4141 30.5313 29.2116 10.1685 
12.3656 17.4541 32.6415 27.0171 10.5216 
13.29 15.959 31.4081 29.0946 10.2483 
13.5369 15.1417 32.5959 28.6014 10.1242 
13.6468 15.6396 34.0228 26.6023 10.0885 
15.0075 15.3646 32.2288 27.3676 10.0315 
14.4774 15.1823 32.9565 27.368 10.0157 
15.9689 14.3372 33.2772 26.2502 10.1666 
14.9819 14.6749 33.4325 26.7383 10.1724 
14.4463 13.7679 34.564 27.1487 10.0731 
14.2029 13.7368 34.5409 27.153 10.3665 
14.9019 12.7507 34.2781 27.643 10.4262 
15.5515 12.1016 35.1558 27.0897 10.1014 
17.1508 11.8544 32.7565 28.277 9.9614 
18.1245 12.4259 31.6302 27.9316 9.88786 
15.819 13.24 31.3557 29.6415 9.94393 
16.2642 12.9182 33.2871 27.6742 9.85628 
16.3739 12.503 33.2644 27.9855 9.8732 
15.3859 12.4034 33.7788 28.5215 9.91042 
16.4842 12.383 32.1367 29.0959 9.90027 
15.2476 12.7849 32.0024 30.0699 9.89519 
14.9922 13.4977 31.3959 30.1665 9.94759 
13.7299 14.5411 33.3603 28.4599 9.90886 
13.6831 15.1582 31.6534 29.6043 9.90095 
12.6681 12.9992 33.7129 30.7913 9.82853 
14.386 12.084 33.3499 30.3307 9.84933 
16.0413 12.0813 31.7031 30.3339 9.84039 
15.1051 12.5802 32.4728 30.0171 9.82483 
16.069 12.1967 32.7199 29.1569 9.85747 
16.8988 11.223 33.119 28.8444 9.91488 
14.6825 12.6576 34.3102 28.2433 10.1065 
15.7651 12.307 33.3236 28.6597 9.94455 
14.905 12.1928 33.6562 29.2175 10.0285 
14.9868 12.2608 33.9514 28.8553 9.94573 
15.3365 11.3125 34.6227 28.8534 9.87483 
15.0968 12.5134 34.1685 28.2839 9.93741 
14.0879 13.2049 33.2968 29.537 9.87334 
14.1236 12.9446 30.9552 32.1726 9.80393 
15.2013 11.4142 31.902 31.6386 9.84382 
14.2772 12.2353 32.1231 31.5463 9.81805 
13.1386 11.6891 32.3473 32.916 9.90903 
14.3377 12.6242 31.8516 31.2885 9.89802 
14.0603 12.1772 33.5211 30.307 9.93435 
14.8851 11.0735 32.7726 31.3166 9.95207 
13.4543 11.4018 33.3951 31.7874 9.96137 
14.6219 10.9641 33.7336 30.7136 9.96683 
15.2205 10.708 33.1097 31.0348 9.92692 
17.9551 10.2391 32.5031 29.4542 9.84852 
17.7054 10.445 32.2279 29.8158 9.80592 
17.3348 10.7284 31.7389 30.3841 9.81367 
16.4845 11.2639 31.3562 31.1213 9.77409 
16.9443 10.4992 32.0498 30.7524 9.7543 
17.0307 10.2046 32.5414 30.3912 9.83211 
18.4856 11.3523 30.4076 29.9277 9.82677 
19.089 11.83 31.05 28.1946 9.83646 
19.3078 10.7967 31.6492 28.4464 9.79989 
21.7657 10.9884 30.5762 26.8009 9.86889 
21.9624 10.4658 31.9074 25.7584 9.90603 
21.5694 10.9682 31.9831 25.5263 9.95302 
22.1484 10.3542 33.8487 23.8021 9.84664 
22.8301 10.2366 32.5493 24.5499 9.83403 
21.9256 10.824 32.9413 24.4371 9.87197 
21.6211 10.2709 33.7121 24.601 9.79492 
19.3651 10.0027 33.6702 27.1972 9.76472 
19.257 10.0166 32.4886 28.4922 9.74558 
19.953 9.87554 31.8785 28.5529 9.74005 
20.6472 10.1207 32.0978 27.3862 9.74807 
20.7648 10.0603 32.9607 26.3402 9.87404 
21.3246 9.8934 32.5898 26.392 9.80024 
22.6994 9.88497 32.8072 24.7701 9.83839 
21.6175 9.8532 34.4096 24.2898 9.82991 
21.7598 9.82573 33.7754 24.825 9.81409 
21.6491 9.83594 32.1185 26.5664 9.83012 
21.4912 10.2513 31.5592 26.7832 9.91506 
20.8702 10.1101 31.6675 27.4103 9.94195 
20.9871 9.92517 31.9052 27.3415 9.84111 
20.0173 9.8733 31.1312 29.1469 9.83127 
19.1404 10.1762 30.9847 29.8429 9.85575 
19.6351 10.4452 31.4015 28.7202 9.79801 
19.4267 10.5972 31.4988 28.6923 9.785 
19.838 10.7503 30.8584 28.6764 9.87692 
19.5404 10.2647 31.833 28.5338 9.82805 
18.2139 10.0993 32.9695 28.8364 9.88091 
18.9796 9.98594 32.0898 29.0679 9.87676 
17.2676 9.9136 32.3941 30.5657 9.85902 
17.7403 9.93962 32.3483 30.0595 9.91233 
19.3965 9.90402 31.4702 29.3389 9.89037 
19.4774 9.8416 30.7193 30.1269 9.83478 
20.5635 9.90362 31.8545 27.7782 9.90021 
21.0968 10.1242 31.2878 27.6822 9.80904 
21.9578 9.92788 30.2412 28.1029 9.77029 
21.7405 9.93083 30.6835 27.7931 9.85203 
20.9362 10.2459 31.1833 27.758 9.87651 
20.8976 10.3377 30.1622 28.7563 9.84623 
22.7885 10.1368 29.6644 27.5192 9.89106 
23.5977 9.98365 31.1034 25.4545 9.86079 
23.2408 9.85076 31.5392 25.5799 9.78933 
26.6521 9.83044 30.4848 23.233 9.79973 
25.9067 9.91522 30.7263 23.552 9.89986 
27.6921 9.80836 33.6467 19.0521 9.80068 
27.4263 9.84245 32.7184 20.1742 9.83861 
28.6312 9.83926 32.0969 19.5953 9.83734 
30.194 9.9872 32.7714 17.2301 9.81732 
30.8782 9.9936 33.417 15.8025 9.90866 
30.8237 9.87846 32.6848 16.777 9.83599 
29.918 9.8775 33.472 16.8762 9.85626 
29.4285 9.92267 31.8486 18.8882 9.91206 
29.1155 9.81571 32.4291 18.8292 9.8104 
29.2284 9.84797 32.2325 18.8458 9.84532 
28.6965 9.82905 31.6226 20.0241 9.82772 
30.2136 9.88247 30.8754 19.1467 9.88181 
30.602 9.89331 32.3706 17.2411 9.89298 
31.0805 10.46 35.0066 13.5635 9.88946 
32.6455 10.4931 35.1725 11.8569 9.83195 
33.4749 10.5864 33.7675 12.401 9.77034 
32.5018 10.2295 33.7627 13.6846 9.82148 
33.5033 10.0668 33.1753 13.3918 9.86282 
32.8754 9.91941 32.3857 15.0021 9.8174 
33.4795 9.94363 32.9131 13.7711 9.89262 
33.6652 9.94076 33.5373 12.9415 9.91526 
34.0352 9.9543 32.3635 13.7055 9.94155 
33.1741 9.90912 34.379 12.635 9.90275 
30.7603 9.87582 38.2525 11.2388 9.87263 
32.9727 9.87618 35.33 11.9466 9.87459 
32.0351 9.81614 34.2808 14.0525 9.81534 
31.2136 9.81003 33.9705 15.1962 9.80963 
31.1425 9.90502 36.4495 12.5981 9.90482 
30.7028 10.0512 35.659 13.7004 9.88662 
30.6575 9.95757 33.4757 16.0339 9.87528 
31.5667 9.96271 33.1366 15.4124 9.92156 
31.4696 9.88331 33.5618 15.2226 9.86274 
