5 80000 300 266
14 14 14 14 14 14 14 
13.2606 13.176 16.3063 14.5296 12.8376 15.0372 13.8528 
14.1727 13.5371 20.2718 14.6377 13.1137 12.6034 11.1637 
16.7285 12.534 22.1637 13.7801 12.9187 12.0671 9.55799 
15.7083 13.4098 24.2609 14.6365 12.0931 11.0637 8.70253 
15.1307 14.7091 23.7729 15.9461 11.8678 10.2096 8.30137 
13.4185 16.0847 25.6761 15.7112 11.291 9.6683 8.11894 
11.9443 17.2304 24.2697 16.5094 13.0173 9.00082 8.01246 
11.6467 17.93 24.2333 17.0342 12.5044 8.676 7.96769 
10.8841 18.1755 24.9709 17.7276 12.0214 8.28537 7.93121 
11.4091 19.3758 24.7283 15.7568 12.8008 8.05215 7.87507 
10.6125 17.0499 25.9633 18.4101 12.0241 8.0138 7.92527 
10.0315 17.426 25.3992 18.6556 12.6055 7.96295 7.91868 
9.56122 17.1979 24.1138 19.0248 14.2825 7.92087 7.89873 
8.7521 18.4767 21.9347 20.714 14.2696 7.93192 7.92085 
8.88425 18.7671 21.9305 19.6808 14.8192 7.96186 7.95633 
8.63638 19.2069 21.1198 20.9883 14.1425 7.95444 7.95167 
8.80537 20.1804 21.3505 20.1095 13.6952 7.93021 7.92883 
9.90061 19.4263 22.7084 18.2498 13.9015 7.90701 7.90632 
9.09043 19.6919 22.9253 18.679 13.851 7.88132 7.88097 
9.27495 21.1072 23.0618 18.6864 12.1057 7.8821 7.88193 
9.02161 20.0526 22.5956 20.0947 12.3159 8.01203 7.90756 
8.72247 20.5014 22.9609 19.8746 11.9895 8.0017 7.94946 
9.14738 19.9249 24.5151 19.0004 11.4937 7.97233 7.94622 
8.80532 17.3121 25.8433 20.7474 11.2034 8.21779 7.87066 
8.34457 17.5772 25.3698 21.6808 11.0996 8.05081 7.87724 
8.67019 15.274 27.0154 20.8822 11.826 8.41871 7.91351 
8.24814 15.0283 25.4642 22.615 12.4347 8.33979 7.8698 
8.05782 15.7957 23.2911 24.0404 12.8426 8.10364 7.86865 
8.38671 15.4667 23.5722 24.0615 12.0406 8.63898 7.83341 
8.13479 15.7288 24.1735 24.6434 11.2005 8.26093 7.85814 
8.26908 15.3224 24.2716 23.3511 12.2179 8.64727 7.92067 
8.66129 15.583 24.3786 23.6097 11.6645 8.2331 7.8698 
9.29753 16.0697 22.675 23.1735 12.7859 8.09006 7.90841 
9.48748 17.2821 23.0579 22.1244 12.0919 8.02352 7.9327 
8.64669 16.1305 24.3982 22.1381 12.797 8.0202 7.8693 
8.2933 16.3271 24.0017 21.2622 14.2311 7.98006 7.90461 
9.86094 15.8558 23.4294 20.741 13.5991 8.60541 7.90835 
11.2358 15.5607 21.8917 20.6581 14.4323 8.28501 7.93648 
10.5198 16.386 22.4927 21.0044 13.5342 8.173 7.88981 
9.2645 16.8887 23.4889 21.3718 12.1447 9.00641 7.83506 
8.54529 16.8139 25.2227 20.7946 12.3767 8.41625 7.83058 
9.35739 16.14 25.2173 21.0964 12.2265 8.12762 7.83478 
8.83648 15.8525 26.3613 21.9555 11.1239 8.00837 7.86195 
8.34837 14.0398 28.3553 22.5498 10.9113 7.93432 7.86111 
8.88007 14.7846 27.9424 21.2749 11.2204 7.96716 7.93055 
8.43064 14.7867 25.943 23.0788 11.8308 7.97419 7.95589 
10.2994 14.2517 25.029 21.827 12.6632 7.9694 7.96024 
11.141 15.6226 24.4971 20.9353 11.9961 7.90627 7.90169 
10.3109 15.3734 25.6797 20.0613 12.7701 7.90347 7.90118 
11.1782 14.5049 23.7489 21.7352 12.9759 7.92901 7.92786 
10.157 13.0549 25.0843 22.2256 13.6485 7.91512 7.91455 
10.1121 13.4626 25.7413 23.0815 11.8578 7.87255 7.87226 
11.1401 13.4791 23.7113 23.8195 12.013 7.91858 7.91843 
10.1691 14.2867 25.417 22.6409 11.7848 7.8508 7.85073 
9.91214 13.4652 25.3522 24.3089 11.1797 7.94839 7.83341 
9.35521 13.8141 24.3714 25.6738 10.9547 7.94415 7.88666 
8.74737 14.3489 24.1624 25.2788 11.6401 7.92556 7.89682 
8.55921 13.6224 27.1265 23.7254 11.1368 7.92206 7.90769 
9.7167 13.5276 27.3159 23.6964 9.93941 7.90559 7.89841 
8.74851 13.7432 28.6465 23.6331 9.54636 7.84296 7.83936 
8.90886 12.2415 28.8817 24.227 10.0238 7.85943 7.85763 
8.39238 12.4454 26.6127 25.24 11.5751 7.86766 7.86676 
9.52794 12.9762 26.1026 23.9944 11.7117 7.84378 7.84333 
9.03226 12.0979 26.1001 26.2655 10.8559 7.82433 7.82411 
9.33095 12.7156 25.3957 26.3426 10.4897 7.86278 7.86267 
9.2973 11.7022 25.4057 25.9979 11.8957 7.85063 7.85058 
8.91405 11.8938 25.1436 27.6909 10.6872 7.83527 7.83524 
9.16 12.7538 24.7005 26.2217 11.4079 7.87803 7.87802 
8.5427 11.9713 27.968 25.3486 10.366 7.90172 7.90171 
8.93966 11.2682 27.1289 25.0822 11.8169 7.88206 7.88206 
10.6292 13.2428 25.6418 23.2899 11.3432 7.92654 7.92654 
12.4411 13.2881 24.7749 23.0242 10.7291 7.87132 7.87131 
14.1086 11.7331 24.9829 22.3264 11.0897 7.87968 7.87968 
13.8618 11.5003 27.9844 21.0223 9.77022 7.93045 7.93045 
12.4456 10.6521 30.6589 20.07 10.3998 7.88679 7.88679 
12.2124 9.88336 29.9128 21.4933 10.7989 7.84965 7.84965 
12.3245 9.76401 28.9158 22.8025 10.4756 7.85883 7.85883 
11.6417 9.21991 28.499 24.8716 9.91815 7.92485 7.92485 
10.4458 10.235 26.9995 26.9358 9.45908 7.96243 7.96243 
10.4598 10.7284 25.9686 26.9342 9.96645 7.97124 7.97124 
9.99182 11.5046 27.1447 26.4997 9.11856 7.87033 7.87033 
10.7504 11.7625 28.4061 23.9915 9.29074 7.89936 7.89936 
10.3244 11.2112 29.6853 23.9247 8.96009 8.01059 7.88369 
11.6096 12.4477 29.0532 21.6992 9.21689 8.08424 7.88921 
10.384 14.8872 27.1503 22.8545 8.81636 8.00252 7.905 
11.2865 13.0406 27.5055 23.2432 9.01017 7.98136 7.9326 
11.3036 12.0459 27.0951 25.2335 8.54821 7.89904 7.87466 
11.1263 13.5655 28.3894 21.8625 9.3836 7.84246 7.83027 
10.954 11.4998 29.0195 23.5997 8.8697 8.2339 7.82349 
10.5437 12.9499 26.3764 25.3998 8.70151 8.11695 7.91175 
11.0559 10.9737 27.07 26.3246 8.5924 8.04305 7.94045 
11.312 11.0138 26.517 26.1443 9.05199 8.0061 7.9548 
11.732 11.3297 27.1825 25.2241 8.70321 7.9271 7.90145 
10.6146 11.6704 27.8371 25.7405 8.40188 7.87417 7.86134 
9.60837 12.018 28.5691 25.1014 9.03965 7.83493 7.82852 
10.7824 10.4927 28.2791 26.2735 8.46004 7.85768 7.85448 
10.1912 11.6464 28.0062 26.0701 8.23002 7.92884 7.92724 
9.60265 10.3302 28.651 27.5421 8.05867 7.90808 7.90728 
9.1207 10.5316 28.5925 27.6454 8.34871 7.88074 7.88034 
10.8617 9.2384 29.5017 26.4254 8.14696 7.91297 7.91277 
12.1591 10.5559 27.9435 25.3499 8.16319 7.91427 7.91417 
10.8073 9.7192 28.1551 27.7179 7.94979 7.82533 7.82528 
10.717 10.3092 27.974 26.8017 8.47081 7.86362 7.86359 
10.4017 10.1978 28.108 27.2337 8.41408 7.8223 7.82229 
10.6241 9.59627 27.4138 27.7703 8.83667 7.8794 7.8794 
10.3553 9.69727 27.8279 27.8621 8.59701 7.83019 7.83019 
11.3381 9.28989 28.8137 26.825 8.1667 7.78329 7.78329 
11.4929 8.90631 29.7478 25.7705 8.34471 7.86892 7.86892 
9.9364 9.90008 29.6783 25.1757 9.47962 7.98474 7.84507 
10.6339 10.4741 28.8618 25.4774 8.70582 7.95837 7.88854 
12.5795 10.1253 28.2577 25.0292 8.26352 7.8898 7.85489 
11.6914 8.94078 29.5028 26.2265 8.00988 7.82302 7.80556 
11.3252 10.0868 29.135 25.442 8.25151 7.88411 7.87538 
11.3123 8.99822 28.9743 26.7041 8.2218 7.89686 7.89249 
11.1107 9.95365 28.7728 25.6897 8.78623 7.84453 7.84235 
12.8203 9.82013 28.6314 24.0984 8.80907 7.91087 7.90978 
14.2043 11.5277 25.7863 23.961 8.66924 7.92602 7.92548 
13.6428 9.68828 27.1373 25.4979 8.25904 7.88743 7.88716 
12.6953 11.0046 27.3223 25.3564 7.99771 7.81191 7.81177 
13.6576 9.44967 28.281 24.9589 7.94623 7.85332 7.85326 
13.7452 9.47988 27.6852 25.5918 7.8636 7.81715 7.81712 
12.7461 9.25801 28.1498 26.3501 7.84746 7.82424 7.82422 
13.9015 10.1688 27.5692 24.3967 8.1851 7.88939 7.88938 
13.7117 9.32967 28.25 24.7769 8.1806 7.87551 7.87551 
13.8197 9.67876 26.9384 25.8982 7.99002 7.83748 7.83748 
13.5662 10.2573 27.7107 25.0234 7.86498 7.78871 7.78871 
12.7101 9.68794 27.5331 26.0375 8.33978 7.84572 7.84572 
13.7854 9.64273 26.9245 25.4027 8.65906 7.79283 7.79283 
13.5209 10.1528 27.8715 24.5169 8.36411 7.7869 7.7869 
14.6946 9.26801 27.4088 24.983 8.07427 7.78567 7.78567 
15.0285 8.8369 27.3276 25.2451 7.95018 7.80588 7.80588 
14.9769 8.29905 27.6936 25.6076 7.85569 7.78354 7.78354 
12.8682 9.52927 27.138 26.4114 8.35822 7.84746 7.84746 
14.2419 8.96884 27.5329 25.518 8.08302 7.82764 7.82764 
15.0445 8.44617 27.2911 25.4639 8.00326 7.87557 7.87557 
15.6953 8.06924 27.7481 25.0717 7.84778 7.78394 7.78394 
14.8318 8.79652 28.001 24.5993 8.05088 7.86022 7.86022 
15.2284 8.37553 28.9153 23.6633 8.00271 7.90738 7.90738 
15.3415 8.27868 29.0031 23.6498 7.94075 7.89309 7.89309 
16.4505 8.00839 28.0432 24.0273 7.83942 7.81559 7.81559 
17.3297 8.63106 27.753 22.9092 7.80031 7.78839 7.78839 
17.5063 8.58382 26.5289 23.8021 7.86357 7.85761 7.85761 
17.6382 8.64731 28.7697 21.483 7.93875 7.76156 7.76156 
16.2558 8.27935 27.9924 23.8744 7.92507 7.83648 7.83648 
15.3517 8.10568 28.0189 24.8267 7.92854 7.88424 7.88424 
15.4568 8.80788 28.995 22.9321 8.14295 7.83261 7.83261 
15.7881 8.58305 29.2736 22.8093 7.95207 7.7969 7.7969 
15.5329 9.29152 27.4146 24.3213 7.86492 7.78734 7.78734 
15.5646 8.6213 28.692 23.4756 7.908 7.86921 7.86921 
15.7823 8.88208 27.4889 24.0235 7.954 7.9346 7.9346 
18.0382 8.41163 27.715 22.0118 7.94759 7.93789 7.93789 
18.057 8.14167 26.5397 23.5423 7.90965 7.9048 7.9048 
16.4719 8.60158 28.642 22.7744 7.83832 7.8359 7.8359 
16.939 8.39635 28.4848 22.65 7.84408 7.84286 7.84286 
18.4982 8.7827 28.7123 20.6373 7.79023 7.78963 7.78963 
19.1237 9.40703 27.6791 20.1933 7.97035 7.81331 7.81331 
19.408 8.70351 27.2241 20.8659 7.98518 7.90665 7.90665 
18.1342 8.27618 27.7109 22.2062 7.91701 7.87775 7.87775 
18.1445 8.00714 29.3316 21.0733 7.82755 7.80792 7.80792 
20.303 8.00357 27.8966 20.0751 7.91378 7.90396 7.90396 
21.475 8.11943 28.0659 18.567 7.92748 7.92257 7.92257 
19.6018 8.07634 27.6064 21.1948 7.84185 7.8394 7.8394 
18.7403 7.97756 27.4396 22.1126 8.01184 7.85909 7.85909 
19.2407 7.87228 29.7392 19.6323 7.88941 7.81304 7.81304 
19.3625 7.9476 29.053 20.2746 7.8129 7.77472 7.77472 
19.4638 7.85579 28.1911 21.1622 7.78844 7.76935 7.76935 
19.7633 7.84639 26.478 22.4933 7.81271 7.80317 7.80317 
20.6392 9.37774 27.936 18.5194 7.84575 7.84098 7.84098 
20.8965 8.53502 28.2308 19.0353 7.76903 7.76664 7.76664 
20.5092 8.23093 28.7495 18.8164 8.00037 7.84674 7.84674 
20.1961 8.06283 27.9713 20.0807 7.94755 7.87074 7.87074 
19.2697 8.0255 28.0389 20.8392 7.96786 7.92945 7.92945 
19.8068 7.88094 28.2028 20.5915 7.85212 7.83292 7.83292 
19.2201 7.82246 28.0766 21.4759 7.80805 7.79845 7.79845 
18.9251 7.88383 28.2849 21.2859 7.87663 7.87183 7.87183 
20.5036 7.88513 24.868 23.1035 7.88153 7.87913 7.87913 
20.3784 8.21472 25.5669 22.153 7.89646 7.89526 7.89526 
21.3657 8.07795 25.1364 21.6647 7.91882 7.91822 7.91822 
18.1296 7.99034 27.4618 22.6865 7.91078 7.91048 7.91048 
19.2235 7.96342 26.9055 22.1369 7.92364 7.92349 7.92349 
20.5092 7.82787 26.4335 21.8056 7.80798 7.8079 7.8079 
18.7341 8.0075 27.2518 22.1601 8.14375 7.85132 7.85132 
18.6918 7.86227 29.06 20.8871 7.9304 7.78418 7.78418 
18.0809 7.8468 28.536 21.8894 8.03146 7.80775 7.80775 
18.6977 7.81748 27.6637 22.3154 7.90981 7.79796 7.79796 
18.2198 8.26358 27.7028 22.448 7.82587 7.76995 7.76995 
17.4691 8.00176 27.6285 23.6079 7.78291 7.75494 7.75494 
17.174 7.98177 27.5085 23.7466 7.87234 7.85836 7.85836 
17.6644 7.85993 26.4031 24.6709 7.80522 7.79823 7.79823 
18.9568 7.82405 27.8433 21.9928 7.79669 7.7932 7.7932 
18.3373 7.81593 28.6364 21.8072 7.80225 7.8005 7.8005 
21.1816 7.80407 27.7922 19.8322 7.79723 7.79635 7.79635 
24.5563 7.86755 26.8271 17.1575 7.86413 7.86369 7.86369 
23.1926 7.91608 28.0153 17.1333 7.91437 7.91415 7.91415 
24.8455 7.90126 28.0455 15.5067 7.9004 7.90029 7.90029 
24.7645 7.90632 29.3709 14.2407 7.9059 7.90584 7.90584 
24.4321 7.83128 28.2588 15.9846 7.83106 7.83104 7.83104 
23.8014 8.33637 28.7636 15.4618 7.87895 7.87893 7.87893 
22.7032 8.18053 28.1164 17.6075 7.7975 7.79749 7.79749 
20.9038 8.41862 29.2821 18.0575 7.77935 7.77934 7.77934 
22.3705 8.27908 28.0131 17.895 7.81409 7.81409 7.81409 
23.2431 7.99806 27.0291 18.433 7.76557 7.76557 7.76557 
20.6517 8.34686 29.2336 17.9122 8.39783 7.72894 7.72894 
21.3706 8.05403 28.9452 18.0606 8.07951 7.74507 7.74507 
22.6914 7.97838 27.2385 18.4528 7.99112 7.8239 7.8239 
23.2284 7.84721 27.3538 18.177 7.85359 7.76997 7.76997 
24.6911 7.92361 26.9077 16.7808 7.92679 7.88499 7.88499 
23.1173 8.30264 27.441 17.0721 8.465 7.80101 7.80101 
23.4398 8.11172 29.8921 14.6416 8.1929 7.8609 7.8609 
24.9247 7.91342 27.8541 15.7778 7.95402 7.78802 7.78802 
22.4937 7.87521 29.1308 16.9798 7.8955 7.8125 7.8125 
24.5802 7.9376 27.8987 15.8232 7.94775 7.90625 7.90625 
27.367 7.9688 26.8724 13.9116 7.97388 7.95313 7.95313 
27.8172 9.30355 26.0502 13.0348 7.93831 7.92793 7.92793 
26.6823 8.48389 30.1784 11.2619 7.80127 7.79608 7.79608 
27.2301 8.49031 29.7951 11.0231 7.8222 7.81961 7.81961 
28.1605 8.18455 28.6854 11.4207 7.8505 7.8492 7.8492 
28.8778 7.98636 28.0499 11.3178 8.13086 7.81868 7.81868 
28.8428 7.96669 29.5879 9.79797 8.03894 7.88285 7.88285 
28.2651 7.89214 31.2434 8.97065 7.92826 7.85022 7.85022 
27.7146 8.57294 29.0546 11.0525 7.99398 7.80571 7.80571 
28.6662 8.26736 27.5846 11.7364 7.97788 7.88375 7.88375 
28.6413 8.0645 29.83 9.79904 7.91976 7.87269 7.87269 
27.9434 7.92446 31.2324 9.39054 7.8521 7.82856 7.82856 
26.7443 8.01208 31.1925 10.6143 7.82013 7.80836 7.80836 
27.1704 7.8636 29.0977 12.5772 7.76763 7.76175 7.76175 
28.5223 7.86262 27.2847 12.8924 7.81463 7.81169 7.81169 
26.564 8.66317 29.0998 12.1244 7.85053 7.84906 7.84906 
27.2691 8.19011 27.5724 13.6185 7.78379 7.78305 7.78305 
27.8039 8.00385 27.1412 13.161 8.28929 7.80032 7.80032 
24.6595 7.94132 27.6615 15.9745 8.08404 7.83955 7.83955 
25.1544 7.86676 26.6554 16.4288 8.2628 7.81588 7.81588 
24.9083 7.98744 28.3615 15.1401 8.01653 7.79308 7.79308 
24.7709 9.41894 28.8435 13.2885 7.96721 7.85548 7.85548 
24.8854 8.67288 28.5986 14.1138 7.94702 7.89116 7.89116 
25.8075 8.26726 27.8213 14.4468 7.90433 7.8764 7.8764 
27.9037 8.03988 27.5044 13.0047 7.85841 7.84445 7.84445 
27.2409 8.00665 28.7024 12.3163 7.91592 7.90893 7.90893 
29.8407 8.16999 28.3393 10.176 7.82701 7.82352 7.82352 
29.3143 8.02439 28.8666 10.2395 7.8529 7.85115 7.85115 
30.1795 8.1913 28.3139 9.89588 7.80705 7.80617 7.80617 
30.7663 8.05605 28.6784 8.90833 7.86392 7.86348 7.86348 
29.8993 7.97068 30.1098 8.39682 7.87461 7.87439 7.87439 
27.3008 7.85439 33.3585 8.06746 7.80635 7.80624 7.80624 
26.8762 7.79816 30.5502 11.4531 7.77414 7.77409 7.77409 
28.4072 7.7571 29.9356 10.6648 7.7451 7.74507 7.74507 
29.3271 7.73658 30.3999 9.19043 7.88489 7.73056 7.73056 
29.4784 7.85689 29.445 9.58097 7.93105 7.85388 7.85388 
30.3941 7.92206 29.0995 8.7841 7.95914 7.92055 7.92055 
29.7559 7.93162 30.138 8.36264 7.95016 7.93086 7.93086 
29.3434 7.89663 29.0627 9.99893 7.9059 7.89625 7.89625 
28.8874 7.86988 29.2372 10.3916 7.87452 7.86969 7.86969 
30.2512 7.88683 29.0516 9.1477 7.88915 7.88674 7.88674 
29.5799 7.92572 30.16 8.55615 7.92688 7.92567 7.92567 
29.574 8.2818 29.0335 8.92924 8.28237 7.94955 7.94955 
27.6851 8.12179 29.6441 10.5156 8.12208 7.95566 7.95566 
28.489 7.93295 30.8153 9.12984 7.93309 7.84989 7.84989 
29.1676 7.96647 30.4846 8.56492 7.96655 7.92494 7.92494 
28.4639 7.92645 30.0688 9.80297 7.92649 7.90569 7.90569 
26.8419 7.92217 29.1106 12.3795 7.92219 7.91179 7.91179 
27.8654 7.92934 29.1585 11.2691 7.92935 7.92415 7.92415 
27.9269 8.62939 27.553 12.1943 7.90053 7.89793 7.89793 
27.4985 8.29559 29.8593 10.5558 7.93116 7.92986 7.92986 
29.1338 7.99395 30.3143 9.12403 7.81173 7.81108 7.81108 
30.476 7.97425 29.3617 8.53929 7.88314 7.88281 7.88281 
30.9523 7.95538 28.1729 9.19028 7.90982 7.90966 7.90966 
14 14 14 14 14 14 14 
12.1037 13.0606 17.5263 15.453 11.9442 14.3365 14.5758 
11.4595 14.6002 20.4936 16.7115 11.2965 13.6574 11.2812 
11.6534 14.9306 21.8934 17.2915 12.3752 12.0496 9.55627 
10.7495 14.2221 23.2054 20.4218 11.593 10.9476 8.73567 
9.29829 13.7509 25.1842 21.1767 12.4363 9.79975 8.29137 
9.23337 16.4703 22.5068 21.7824 13.0412 8.84444 8.09025 
8.59991 16.4113 22.679 21.3734 13.9629 8.92956 8.02835 
8.29155 15.4535 24.2597 21.8211 13.5991 8.56142 8.00577 
9.55979 15.5824 24.4441 21.7386 12.532 8.20852 7.9307 
8.89512 15.8159 23.0245 22.2891 13.4677 8.63101 7.87481 
8.46058 15.3917 25.3951 21.7736 12.4822 8.6539 7.84196 
8.18039 15.2842 25.6913 22.945 11.5426 8.48495 7.87109 
8.05165 14.8155 25.3724 22.7145 12.6235 8.52513 7.897 
8.88544 14.6432 24.4573 21.9404 13.8712 8.25825 7.94418 
8.39571 15.2276 22.6987 23.0428 14.6279 8.08211 7.92508 
8.597 13.9443 25.0833 22.7875 13.3225 8.3329 7.9325 
8.378 13.1437 24.8847 23.7369 13.4604 8.45515 7.94114 
8.15241 12.5678 24.5359 24.0635 13.2343 9.51213 7.93399 
8.0678 11.641 26.2385 24.1116 12.8146 9.16783 7.95859 
8.52108 12.2308 25.8329 22.9532 12.8176 9.71212 7.93229 
9.38303 12.4628 24.3864 23.5033 13.2017 9.19904 7.86369 
8.78635 13.8823 24.801 22.7431 12.5276 9.3409 7.91892 
8.35793 14.32 24.515 22.7151 12.5413 9.6264 7.92422 
8.71483 13.9111 26.0761 23.2774 10.701 9.45455 7.86506 
9.29439 14.0984 27.0086 21.5126 11.443 8.71887 7.92413 
8.87255 14.6783 25.9456 22.376 11.59 8.58479 7.95267 
9.11403 14.7196 26.1745 21.9988 11.8241 8.2425 7.92644 
8.91872 14.8066 25.6404 22.8079 11.8695 8.05742 7.89939 
8.40367 14.5959 25.6972 23.3529 12.0832 7.97303 7.89401 
9.01584 12.9872 26.853 22.508 12.825 7.92524 7.88574 
9.26983 12.6624 25.0066 24.6739 12.6896 7.85873 7.83897 
9.99206 11.6884 24.5271 25.3131 12.7733 7.85793 7.84806 
8.91102 13.786 24.6797 24.066 12.8744 7.84396 7.83902 
9.578 13.3518 24.812 23.5029 12.896 8.04225 7.81706 
8.74505 13.8188 25.4829 24.0592 12.0524 7.97717 7.86457 
8.50199 13.7174 26.4691 23.7483 11.8298 7.89483 7.83854 
8.26401 13.6917 26.0328 24.347 11.9886 7.85197 7.82382 
8.04699 13.5572 25.097 25.3726 12.2583 7.84097 7.8269 
8.95771 12.59 25.0485 25.8442 11.8309 7.86786 7.86082 
8.3764 12.4197 25.3305 25.3943 12.8197 7.83148 7.82796 
8.28112 12.9577 26.2714 23.3166 13.047 8.2299 7.89628 
9.3767 11.715 28.3308 22.3359 12.273 8.11906 7.84958 
8.67948 12.6202 27.4692 22.6979 12.5667 8.05066 7.91592 
10.1384 12.2182 26.5355 21.4146 13.1761 8.62052 7.89669 
9.48449 12.3144 26.1556 23.3565 12.316 8.48687 7.88629 
8.67082 13.0619 25.1016 24.1782 12.9437 8.17201 7.87172 
8.93446 13.1347 25.1687 23.8816 13.0756 7.97751 7.82737 
9.12632 13.3856 25.4253 23.759 12.4469 7.96603 7.89096 
8.45611 14.6003 26.0946 22.7067 12.4278 7.87596 7.83842 
8.11956 15.2011 26.3728 21.7307 12.8177 7.94741 7.81072 
9.54759 14.6737 27.5766 20.9873 11.5308 7.87615 7.8078 
10.4847 17.1271 24.2778 22.2652 10.0778 7.90078 7.8666 
11.5898 16.0246 23.2748 22.8253 10.6068 7.84794 7.83085 
10.2238 15.8211 24.4579 22.718 11.0144 7.88667 7.87813 
10.7205 16.9798 22.9688 23.0535 10.5191 7.88128 7.87701 
10.9299 16.338 22.7502 24.185 10.0697 7.86469 7.86256 
9.50294 16.9576 23.4891 24.0877 10.2605 7.85159 7.85052 
9.33863 17.4238 22.9831 23.8558 10.6348 7.93955 7.82434 
8.79878 17.8637 22.8755 24.3163 10.4513 7.87603 7.81842 
8.75774 17.5275 23.06 23.9015 10.9157 7.93317 7.90437 
8.29811 17.5523 24.3566 22.402 11.6336 7.88583 7.87142 
8.12496 17.0894 25.5518 20.7191 12.6843 7.91882 7.91162 
8.4249 16.934 25.0802 21.0978 12.718 7.8744 7.8708 
9.02257 16.1885 24.5654 22.5742 11.2957 8.49416 7.85945 
10.0137 14.5536 25.7994 22.4115 11.1502 8.19445 7.87709 
11.6041 13.6425 27.3673 21.3909 10.089 8.03241 7.87373 
9.7306 13.3689 29.3979 21.6479 10.0445 7.94478 7.86544 
10.7547 13.0546 28.1605 21.8816 10.3107 7.93873 7.89906 
10.0365 14.0273 25.5575 24.4635 10.0417 7.94664 7.92681 
10.0434 13.1694 26.0953 25.5484 9.41785 7.86779 7.85787 
10.238 13.5822 26.5337 23.4612 10.4341 7.87792 7.87296 
9.91696 13.8618 27.0295 23.473 10.015 7.8531 7.85062 
9.77329 12.4865 27.4654 25.1933 9.32851 7.87717 7.87593 
9.96686 12.6603 26.0321 25.9656 9.3434 8.21666 7.81497 
9.65174 13.9469 25.9153 25.8821 8.6029 8.16238 7.83869 
9.93809 13.2079 27.0474 25.5346 8.29148 8.07122 7.90937 
9.62298 12.9285 28.3209 25.0584 8.20302 7.97356 7.89263 
10.9612 12.8814 26.861 25.2298 8.37958 7.86378 7.82332 
10.176 13.5473 25.2325 25.3052 10.0274 7.8659 7.84567 
10.3852 12.4584 26.1821 25.4433 9.92324 7.80892 7.7988 
10.3513 12.1816 25.2604 25.4201 10.6494 8.26954 7.86766 
12.0111 12.6731 26.6808 22.8366 9.88169 8.05882 7.85788 
12.3347 10.6403 28.7835 22.6841 9.62439 8.08004 7.85299 
10.9003 11.5095 28.2267 24.5702 9.05977 7.92352 7.80999 
11.3402 11.2521 27.8568 24.1961 9.6346 7.88846 7.8317 
11.4902 11.7107 26.6268 23.4737 10.902 7.91248 7.8841 
10.2208 12.7607 25.206 25.164 10.8218 7.92044 7.90625 
11.3771 12.647 24.7363 24.7153 10.6109 7.96022 7.95312 
11.972 12.6069 24.8013 24.2561 10.653 7.85711 7.85357 
11.9541 13.0674 24.6023 23.5339 11.0294 7.90734 7.90556 
12.9799 12.1359 25.4664 24.2319 9.43629 7.87524 7.87435 
11.5031 12.0046 26.1897 24.1212 10.391 7.8954 7.89496 
10.4477 12.0797 27.8738 23.5247 10.4441 7.8151 7.81488 
11.4738 10.6529 28.3714 23.8159 10.1328 7.7766 7.77649 
11.0068 10.8535 27.4248 25.9182 9.05096 7.87288 7.87282 
12.5034 10.2839 25.9981 26.8163 8.52548 7.93644 7.93641 
12.964 10.3474 26.9717 25.052 8.78329 7.94082 7.94081 
13.1036 9.63317 28.2156 24.9584 8.31056 7.88933 7.88932 
13.6947 11.1802 26.1857 25.0766 8.18126 7.84077 7.84077 
12.8818 9.46942 27.1733 26.9061 7.96994 7.79969 7.79969 
11.7334 9.88791 27.9321 26.6843 8.16324 7.79957 7.79957 
12.0096 10.6582 27.8232 25.6278 8.08162 7.89978 7.89978 
12.9785 11.5133 27.7274 23.735 8.25134 7.89726 7.89726 
12.2113 11.2063 27.7601 24.9465 8.07662 7.89958 7.89958 
13.0266 10.2641 26.5919 25.3264 8.98181 7.90459 7.90459 
12.49 9.35948 27.1444 26.8031 8.42677 7.88816 7.88816 
11.5522 10.406 27.6783 26.5301 8.124 7.85469 7.85469 
12.4725 9.22086 28.8689 25.9138 7.93105 7.79639 7.79639 
12.1755 9.16844 28.7991 25.9403 8.38541 7.7656 7.7656 
14.9113 8.64584 28.9654 23.7545 8.11428 7.80437 7.80437 
16.0715 8.27772 27.1946 23.8829 8.8594 7.85699 7.85699 
15.8727 8.52758 26.9202 24.1672 8.81841 7.84699 7.84699 
15.6849 9.38075 27.6414 22.3175 9.23377 7.87086 7.87086 
14.7232 9.12462 27.4292 24.3086 8.59242 7.91097 7.91097 
14.4449 8.59009 28.1591 24.9321 8.1851 7.84437 7.84437 
15.1704 8.4858 27.3743 25.3273 7.99428 7.82392 7.82392 
15.1819 8.38654 27.085 25.2327 8.55515 7.77936 7.77936 
16.6289 8.12913 29.1401 22.2373 8.21344 7.82554 7.82554 
16.0892 8.22006 28.5111 23.5852 7.99412 7.80017 7.80017 
15.9992 8.37139 27.7499 23.4403 8.68456 7.87736 7.87736 
16.504 8.29127 28.0978 23.0105 8.30122 7.89762 7.89762 
18.1926 8.0032 28.4406 21.7426 8.00818 7.80638 7.80638 
19.6882 7.89568 28.3948 20.5286 7.89817 7.79727 7.79727 
18.3187 8.7501 28.4629 20.5751 8.18637 7.85344 7.85344 
17.647 8.69604 30.4352 19.7011 7.95121 7.78474 7.78474 
17.5061 9.58754 29.4391 20.0302 7.86782 7.78459 7.78459 
19.1519 8.92482 26.8278 21.4111 7.92251 7.8809 7.8809 
17.9093 9.69117 26.159 22.6337 7.88283 7.86202 7.86202 
16.6728 8.70465 30.3614 20.8806 7.80047 7.79007 7.79007 
18.7712 8.99 29.2387 19.5707 7.81328 7.80808 7.80808 
20.2307 8.43866 27.9996 19.7854 7.8503 7.8477 7.8477 
22.5405 8.56065 27.6226 17.8268 7.81737 7.81607 7.81607 
23.2199 8.84007 27.9622 16.4606 7.8395 7.83885 7.83885 
22.3242 8.5867 30.3502 15.2243 7.93761 7.78847 7.78847 
23.41 8.18384 28.8638 16.1136 7.85929 7.78473 7.78473 
25.0063 7.93807 28.0537 15.7491 7.7758 7.73852 7.73852 
23.7836 8.38977 29.4232 14.8868 7.85131 7.83267 7.83267 
25.1176 8.71101 28.5826 14.2176 7.79663 7.7873 7.7873 
25.3564 8.9686 30.0651 12.3171 7.76736 7.7627 7.7627 
26.7649 8.35427 28.3452 13.2793 7.75365 7.75132 7.75132 
25.4563 8.72259 28.9453 13.3158 7.8541 7.85293 7.85293 
27.7282 8.26754 27.7539 12.7516 7.8333 7.83272 7.83272 
28.4409 8.52249 28.924 10.6078 7.83514 7.83485 7.83485 
27.7987 8.73409 28.5195 11.2144 7.91118 7.91104 7.91104 
28.4895 8.30147 28.0302 11.5089 7.89002 7.88994 7.88994 
29.4829 8.11899 27.8246 10.8338 7.91326 7.91323 7.91323 
27.5074 8.01086 30.4777 10.2801 7.908 7.90798 7.90798 
25.8227 7.92393 30.2859 12.3501 7.87249 7.87249 7.87249 
25.0564 7.90518 30.4426 12.9574 7.87947 7.87946 7.87946 
27.2504 7.84148 27.0269 14.3954 7.82862 7.82862 7.82862 
27.2475 8.5647 27.6001 13.2348 7.78428 7.78428 7.78428 
26.6108 8.17846 27.9234 13.9226 7.78824 7.78824 7.78824 
29.061 7.94775 28.7527 10.8198 7.91341 7.75264 7.75264 
29.2721 7.92524 28.6621 10.5771 7.90808 7.82769 7.82769 
29.7929 9.01489 28.791 9.1213 7.78679 7.7466 7.7466 
29.8964 8.37841 30.0406 8.43162 7.76436 7.74427 7.74427 
30.3661 8.0797 30.0059 8.25039 7.77267 7.76262 7.76262 
29.88 7.97924 27.8817 10.7919 7.82573 7.82071 7.82071 
29.6916 7.87161 27.1396 11.9177 7.79485 7.79234 7.79234 
29.5707 7.8193 29.1038 10.166 7.78092 7.77967 7.77967 
26.8749 8.53652 31.4176 9.8591 7.77106 7.77043 7.77043 
27.7658 8.14885 29.2909 11.4967 7.76613 7.76581 7.76581 
28.7267 8.13693 28.2392 11.5296 7.78931 7.78916 7.78916 
28.1715 7.99288 29.5266 10.852 7.81908 7.819 7.819 
26.1147 7.90948 30.2705 12.2376 7.82258 7.82254 7.82254 
26.4332 7.93563 28.9888 12.9659 7.89218 7.89216 7.89216 
26.0142 9.47377 29.673 11.0961 8.11276 7.81513 7.81513 
26.0635 8.59445 28.6347 13.2632 7.91395 7.76513 7.76513 
26.0685 8.28496 29.348 12.6132 7.9447 7.8703 7.8703 
26.9737 8.08187 30.1286 11.1551 7.91175 7.87454 7.87454 
26.1852 8.00919 29.5087 12.5617 7.92413 7.90552 7.90552 
26.7849 8.15844 29.0621 11.8193 8.26976 7.95276 7.95276 
27.8187 8.01365 27.3179 12.9588 8.0693 7.91081 7.91081 
27.3022 8.17349 29.1351 11.8366 7.9037 7.82445 7.82445 
27.6979 7.9329 27.7783 13.2761 7.798 7.75838 7.75838 
27.3583 7.84844 29.1065 12.3834 7.78099 7.76118 7.76118 
29.1416 7.82595 28.1371 11.5385 7.79223 7.78232 7.78232 
28.5206 7.83147 30.2127 10.0012 7.81461 7.80966 7.80966 
30.1482 7.80982 29.7481 8.8947 7.80139 7.79891 7.79891 
28.2084 7.78551 29.2024 11.4623 7.78129 7.78005 7.78005 
26.4142 7.9961 29.6468 12.4181 7.84201 7.84139 7.84139 
26.279 8.40981 28.8757 12.9084 7.84258 7.84227 7.84227 
24.8062 9.20491 30.4378 11.4542 8.25462 7.92113 7.92113 
23.1368 8.54267 30.5722 13.8793 8.06753 7.90078 7.90078 
23.6323 9.06785 27.9314 15.6606 7.95818 7.87481 7.87481 
22.8627 8.45834 26.4657 18.5861 7.90351 7.86182 7.86182 
25.2549 8.19976 26.174 16.646 7.92234 7.9015 7.9015 
27.1179 8.08077 26.3036 14.6924 7.94206 7.93164 7.93164 
28.2747 7.88654 28.8709 11.5268 7.81719 7.81197 7.81197 
28.852 7.84717 30.2012 9.66731 7.8125 7.80989 7.80989 
28.9275 7.85108 28.6958 11.027 7.83374 7.83244 7.83244 
28.8933 7.7846 29.7841 10.2115 7.77593 7.77528 7.77528 
28.4605 7.87154 30.636 9.431 7.8672 7.86688 7.86688 
24.9664 7.9235 31.5757 11.7707 7.92133 7.92117 7.92117 
23.8994 8.44152 29.6607 14.4114 7.8624 7.86232 7.86232 
24.8961 8.08981 28.6696 14.9438 7.80025 7.80021 7.80021 
24.9149 8.02368 27.9953 15.4294 7.8789 7.87888 7.87888 
23.8139 7.95506 28.0355 16.5475 7.88267 7.88266 7.88266 
24.9295 7.83605 29.1303 14.7046 7.79986 7.79985 7.79985 
24.3144 7.81976 27.1374 17.3234 7.80166 7.80166 7.80166 
26.0282 7.78085 26.9558 15.9198 7.7718 7.7718 7.7718 
25.6786 8.00227 28.9384 13.7165 7.99774 7.83327 7.83327 
26.8003 7.89724 29.0796 12.7024 7.89497 7.81274 7.81274 
26.2493 7.9989 31.1599 11.0998 7.8581 7.81698 7.81698 
26.5357 7.93531 28.991 12.9843 7.86491 7.84435 7.84435 
27.3162 7.89515 26.8822 14.3471 7.85995 7.84967 7.84967 
28.5066 7.88697 28.1381 11.113 8.62694 7.86423 7.86423 
27.5121 7.93709 29.085 11.3073 8.30708 7.92572 7.92572 
27.9329 8.0844 28.262 11.7512 8.11696 7.92628 7.92628 
27.5887 7.91217 29.1465 11.6032 7.92845 7.98791 7.83311 
23.6131 8.18569 30.7364 13.5055 8.19383 7.92145 7.84405 
25.2171 8.06636 27.2887 15.5276 8.07043 7.93423 7.89553 
25.1817 7.98055 28.9952 14.0503 7.98258 7.91448 7.89513 
26.9921 7.87377 30.1934 11.3941 7.87479 7.84074 7.83106 
26.0348 7.96165 30.1122 12.5082 7.80736 7.79034 7.7855 
25.2498 7.95636 29.2763 13.8994 7.87922 7.8707 7.86829 
25.4123 7.85749 26.9945 16.2888 7.81892 7.81466 7.81345 
22.6118 8.17403 29.2205 16.4777 7.84028 7.83815 7.83754 
21.8856 8.00006 28.8131 17.8041 7.83318 7.83212 7.83182 
24.9428 8.00003 26.7143 16.5943 7.91659 7.91606 7.91591 
23.1632 8.717 27.6653 15.6871 8.98974 7.88885 7.88877 
24.4388 8.28707 28.6541 14.4507 8.42344 7.87299 7.87296 
25.2288 8.06203 29.5308 13.3382 8.13022 7.85499 7.85497 
23.9239 7.90006 28.9023 15.7465 7.93416 7.79654 7.79653 
22.7404 7.84225 28.2236 17.7535 7.85929 7.79049 7.79048 
24.9244 7.83679 27.666 16.1057 7.84531 7.81091 7.8109 
23.9547 7.79899 28.7584 16.1125 7.80325 7.78605 7.78605 
24.0718 8.32427 27.0636 16.9058 7.88393 7.87533 7.87533 
26.077 8.10049 27.4016 14.7885 7.88032 7.87602 7.87602 
27.6937 8.36059 28.8732 11.3598 7.90568 7.90353 7.90353 
24.6311 8.10186 31.4301 12.2158 7.87441 7.87333 7.87333 
25.0783 8.25514 30.8802 12.2641 7.84111 7.84057 7.84057 
25.7499 7.97372 29.8214 13.1554 7.76671 7.76644 7.76644 
26.6732 7.84443 28.4122 13.8478 7.74092 7.74079 7.74079 
28.4051 7.86057 28.7609 11.5472 7.80882 7.80875 7.80875 
28.3869 8.1856 30.1606 9.8516 7.80512 7.80508 7.80508 
26.9531 8.54384 32.4393 8.78337 7.76013 7.76011 7.76011 
28.4137 8.20274 30.5278 9.42313 7.81088 7.81087 7.81087 
27.9382 8.28047 29.443 10.9802 7.78604 7.78603 7.78603 
28.1028 8.0916 30.527 9.74543 7.84439 7.84438 7.84438 
28.2508 8.42647 29.765 8.80021 9.05814 7.84968 7.84968 
27.3653 8.10731 30.1473 10.3191 8.42315 7.81892 7.81892 
27.3049 8.38802 30.2439 10.4227 8.08155 7.77943 7.77943 
27.7629 8.18174 29.5391 10.7328 8.0285 7.87745 7.87745 
25.801 8.73483 28.8563 13.1064 7.88422 7.80869 7.80869 
27.5692 8.31063 26.8887 13.651 7.88533 7.84756 7.84756 
24.8957 8.4763 29.9567 13.307 7.80069 7.78181 7.78181 
25.1123 8.18552 30.1099 13.068 7.84771 7.83827 7.83827 
26.0302 8.1512 29.503 12.8651 7.81996 7.81524 7.81524 
28.092 8.0756 29.6746 10.4326 7.90998 7.90762 7.90762 
28.5571 7.98102 28.5597 11.21 7.89821 7.89703 7.89703 
27.792 8.34486 28.0937 11.9113 8.15331 7.85242 7.85242 
29.1865 8.14797 26.8909 11.919 8.05219 7.90174 7.90174 
29.5933 7.94495 27.1551 11.1208 8.54222 7.82184 7.82184 
29.0823 7.88404 29.3939 9.81208 8.18268 7.82248 7.82248 
27.8847 7.92975 30.6479 9.66064 8.07907 7.89897 7.89897 
28.0823 7.90074 31.5047 8.76618 7.97539 7.88535 7.88535 
27.0469 7.8521 29.3362 12.1866 7.88943 7.84441 7.84441 
26.3718 7.79602 29.6836 12.7496 7.81468 7.79217 7.79217 
26.0023 7.85371 30.1899 12.3875 7.86304 7.85178 7.85178 
26.9216 8.04617 28.5893 12.7278 7.90879 7.90316 7.90316 
29.4483 7.94158 28.0877 10.9094 7.87289 7.87008 7.87008 
28.8398 7.88236 30.3704 9.36625 7.84801 7.8466 7.8466 
28.4872 8.68124 30.017 8.65866 8.35826 7.89884 7.89884 
28.0594 8.28799 29.4822 10.0859 8.29097 7.89679 7.89679 
26.8655 8.02459 29.2187 12.2071 8.02608 7.82899 7.82899 
14 14 14 14 14 14 14 
13.0504 13.7227 13.3025 17.2521 12.7983 15.7395 13.1345 
14.5457 13.8579 16.6342 17.8411 12.6278 13.0745 10.9188 
14.1929 15.2136 20.5003 15.9381 13.0391 11.4106 9.45548 
12.8816 13.9084 23.37 16.3368 13.5443 11.1805 8.65336 
11.4811 14.0107 26.1003 17.6442 12.8205 9.6225 8.25813 
10.1016 14.409 24.9163 18.9641 13.4082 10.0851 8.08444 
9.37453 15.1868 25.651 18.4621 13.6886 9.588 8.03335 
9.30812 16.1242 24.1999 19.1837 13.5979 9.65182 7.92663 
9.84886 17.9106 23.0307 19.2239 13.1842 8.93846 7.85942 
9.67127 18.6599 22.2748 19.2111 13.9761 8.37219 7.83266 
8.75513 18.0164 22.1544 21.1522 13.5558 8.52931 7.83582 
8.55315 19.7148 21.0344 21.3898 12.4524 8.97558 7.87937 
8.20671 19.7919 21.7617 20.8477 12.8856 8.63626 7.86981 
9.25799 19.4836 20.2623 19.2898 15.1026 8.75112 7.85243 
8.58733 18.0751 22.2145 20.4783 14.4263 8.33389 7.88455 
8.28073 17.5505 23.6072 20.2607 14.0019 8.36953 7.92934 
8.10696 17.2304 26.4174 19.1074 12.5333 8.67328 7.93127 
7.98965 17.6577 24.5917 21.3622 12.2241 8.27281 7.9018 
9.1636 16.2128 25.587 20.5967 12.4412 8.14484 7.85386 
9.65427 14.6282 25.9405 21.8926 12.0177 8.00617 7.86068 
10.0844 14.4729 26.0575 22.2438 11.378 7.91807 7.84533 
10.3567 14.2863 27.4539 19.9072 12.305 7.86359 7.82722 
11.0607 12.9205 28.2228 21.7183 10.2492 7.92339 7.90521 
10.8995 13.6191 27.7579 20.9263 10.4937 8.43597 7.86759 
10.9802 14.3716 25.73 21.9755 10.8902 8.16832 7.88413 
9.85793 15.4617 24.7041 22.0223 11.9968 8.10715 7.85011 
8.84201 15.5569 25.2868 22.4242 12.0854 7.96662 7.8381 
8.50905 13.8581 24.8027 24.4196 12.5416 7.96654 7.90228 
8.9798 13.8521 24.7091 23.4186 13.1939 7.93931 7.90718 
9.74104 12.9763 24.1125 23.6956 13.4463 8.07925 7.94903 
9.27581 13.0961 26.043 22.861 12.6703 8.11451 7.93927 
9.7264 13.7383 27.4021 20.8332 12.0873 8.2608 7.95194 
9.79594 13.4835 26.3692 22.4121 11.9854 8.05416 7.89973 
10.4412 14.5023 25.4906 23.0686 10.5381 8.01821 7.941 
10.6197 14.5281 25.0692 22.8019 10.9029 8.11709 7.96111 
10.5789 14.6632 26.0996 21.827 10.8326 8.09442 7.90432 
10.3008 12.5708 27.9701 22.4169 10.7694 8.03354 7.93849 
10.396 12.5354 26.1502 22.9272 11.1883 8.92749 7.8755 
9.25526 11.2796 28.4689 24.8288 9.89007 8.40169 7.8757 
9.36204 13.0301 27.283 24.4236 9.91039 8.12694 7.86394 
9.05739 12.642 26.6612 24.028 11.6292 8.11161 7.8707 
8.70477 11.1743 26.536 25.4452 12.248 8.00614 7.88569 
10.3294 10.6446 26.3714 25.1364 11.7562 7.91112 7.85089 
10.8208 10.8653 26.1948 24.2198 12.0998 7.91484 7.88472 
10.5947 11.3082 26.4614 23.5154 12.3863 7.87447 7.85941 
9.87483 11.8748 26.611 22.5558 13.2354 7.92784 7.92032 
10.2315 12.055 26.0114 22.4544 13.0883 8.19922 7.96016 
10.1695 13.5544 24.5111 22.7326 12.9958 8.0781 7.95857 
9.92347 13.344 24.9283 21.9654 13.9864 7.9561 7.89634 
9.98406 15.0425 24.0713 21.4738 13.6896 7.8843 7.85442 
10.5235 14.0289 25.1593 21.4744 13.1355 7.84671 7.83176 
11.7734 12.247 27.1145 20.7372 12.3817 7.87684 7.86937 
12.2281 13.4406 26.3621 20.6125 11.6787 7.84086 7.83712 
12.0607 13.8805 25.5597 20.3791 12.5141 7.80392 7.80206 
13.2092 12.2299 26.8857 21.7764 10.2873 7.80624 7.80531 
11.6046 12.5435 27.1333 22.1977 10.8579 7.83169 7.83123 
11.0207 16.1019 24.7317 22.7494 9.79789 7.79934 7.79911 
10.5811 15.716 24.3942 24.1105 9.38008 8.02703 7.79106 
10.5476 16.2692 24.4634 23.5039 9.36294 7.98548 7.86749 
9.37401 15.8795 25.2158 24.0526 9.57896 7.97907 7.92008 
10.1748 15.5007 24.0713 23.8556 10.6431 7.89197 7.86248 
9.03802 15.1578 26.727 23.7796 9.5191 7.8966 7.88186 
8.55127 16.3346 24.8842 24.9083 9.59826 7.86535 7.85798 
8.27563 14.9909 25.6186 26.3365 8.91678 7.93268 7.92899 
8.8936 15.2075 25.0201 25.8932 9.08564 7.95091 7.94907 
9.22621 14.589 24.8875 26.3044 9.19968 7.89703 7.8961 
9.2151 13.3891 24.384 26.3363 10.8187 7.92861 7.92815 
9.01561 13.3696 24.9124 26.1404 10.825 7.86859 7.86836 
10.1153 12.6427 27.1758 23.8179 10.4359 7.90626 7.90614 
10.7227 11.9864 27.0116 24.3474 10.144 7.89402 7.89396 
10.4736 12.1029 26.4734 24.0191 11.0571 7.93703 7.937 
9.59513 13.1943 26.0696 24.3582 10.8554 7.96367 7.96366 
9.09444 12.5867 26.0556 26.1114 10.3756 7.88809 7.88808 
8.55724 12.0578 25.8098 25.7123 12.2054 7.82876 7.82875 
8.91045 12.3234 26.6816 25.3265 11.0908 7.83362 7.83362 
9.98083 12.4959 25.7397 25.1969 10.9362 7.82516 7.82516 
9.6058 12.1454 26.075 25.1626 11.2373 7.88694 7.88694 
10.1554 13.514 27.1367 23.4168 10.0573 7.85992 7.85992 
11.1691 12.5945 27.4008 23.5104 9.59719 7.86397 7.86397 
10.8817 13.5324 26.6203 23.1247 10.2249 7.80795 7.80795 
10.5322 13.8158 26.1039 24.2255 9.68167 7.82043 7.82043 
11.1255 13.2881 26.5936 23.4409 9.91896 7.81646 7.81646 
10.5506 12.6051 29.3552 21.4528 10.4339 7.80118 7.80118 
11.8128 11.5084 28.4791 22.954 9.45425 7.89575 7.89575 
12.1048 12.3658 25.9475 24.0114 9.6858 7.94236 7.94236 
12.5168 12.7792 26.826 22.296 9.72417 7.92897 7.92897 
13.0572 12.4802 27.0107 22.7627 8.82809 7.93049 7.93049 
14.1789 11.4314 26.6201 23.5398 8.37579 7.92699 7.92699 
12.9133 10.9714 27.5146 24.1279 8.59131 7.94077 7.94077 
11.7991 10.6912 29.2368 23.8448 8.54223 7.94299 7.94299 
11.6287 11.5956 27.7694 24.162 9.08882 7.87774 7.87774 
11.6817 10.7723 27.6602 25.6014 8.49849 7.89295 7.89295 
12.7331 10.3987 28.1158 24.7055 8.38458 7.83119 7.83119 
15.9353 10.5902 27.4002 22.0562 8.37019 7.82395 7.82395 
13.5232 11.2382 28.4288 21.6224 9.61145 7.78794 7.78794 
14.0418 10.4268 28.9122 22.075 8.78924 7.87749 7.87749 
14.001 10.1992 26.8493 24.1429 8.95303 7.92735 7.92735 
12.707 10.6702 27.2833 24.9791 8.5526 7.90389 7.90389 
11.4407 11.2944 27.0138 25.7163 8.78211 7.87636 7.87636 
12.3296 10.5323 28.1621 23.9214 9.41979 7.81749 7.81749 
13.4297 9.25474 27.3289 25.4934 8.6985 7.89735 7.89735 
12.9835 10.299 27.8435 24.9855 8.22985 7.82927 7.82927 
13.8017 9.82787 30.4422 22.1419 8.06229 7.862 7.862 
14.4806 9.70117 28.652 23.305 8.02051 7.92036 7.92036 
14.2899 8.76703 29.6001 23.6629 7.9267 7.87663 7.87663 
14.5374 8.55018 27.5689 24.1971 9.4741 7.83616 7.83616 
14.2836 9.20046 25.874 25.0836 9.96093 7.79868 7.79868 
15.5429 9.07178 27.8421 22.9754 8.91001 7.82888 7.82888 
14.237 8.84623 30.1567 22.6946 8.47799 7.79375 7.79375 
12.8719 10.0396 29.5989 23.1281 8.62256 7.86948 7.86948 
13.1415 9.10141 27.919 25.8498 8.24714 7.8706 7.8706 
14.8329 9.10911 25.7829 26.3152 8.11217 7.9239 7.9239 
15.1451 8.49777 27.087 25.3027 8.15703 7.90517 7.90517 
15.013 8.71317 28.5733 24.1097 7.94756 7.82163 7.82163 
15.3326 8.26963 28.9243 23.9389 7.88683 7.82386 7.82386 
15.9246 8.03872 29.327 22.9304 8.14762 7.81583 7.81583 
17.0532 7.99663 27.8737 23.255 8.05108 7.88519 7.88519 
15.8475 7.8924 28.2671 24.4001 7.91962 7.83668 7.83668 
16.1281 8.74496 30.5422 21.0236 7.82978 7.94311 7.78831 
18.0088 8.23988 29.912 20.4565 7.78229 7.83896 7.76156 
17.6749 8.02168 28.5398 22.2225 7.79288 7.96572 7.78251 
18.157 8.15285 27.8794 21.6142 8.33431 7.97694 7.88534 
18.327 7.97816 27.2345 21.7898 8.93594 7.89021 7.8444 
17.8714 8.34301 26.2577 22.8331 8.96235 7.87769 7.85479 
16.7952 9.18823 27.3429 22.7878 8.32733 7.785 7.77355 
17.6743 9.62556 28.6086 20.1989 8.09448 7.98055 7.81759 
15.6748 10.3683 26.9823 23.0624 8.03585 7.97888 7.8974 
16.2711 10.154 28.702 21.1698 7.93359 7.9051 7.86436 
15.9434 9.43138 29.2159 21.8461 7.8707 7.85645 7.83609 
14.5619 9.01368 28.7913 24.2469 7.80354 7.79642 7.78624 
13.0502 8.50092 30.5199 24.2536 7.89585 7.89229 7.8872 
13.878 9.25046 28.2011 24.7739 8.06557 7.91674 7.91419 
16.2087 9.68141 26.8815 23.4824 7.96537 7.89095 7.88968 
14.6912 9.48142 27.6623 24.0167 8.4737 7.83769 7.83705 
15.8562 8.69208 27.053 24.4703 8.18822 7.87021 7.8699 
14.7879 10.2912 26.7887 24.2779 8.05752 7.89852 7.89836 
15.2591 10.0613 26.3157 24.6389 7.96135 7.88184 7.88177 
16.1922 9.00619 26.6135 24.399 7.95621 7.91646 7.91642 
16.1996 8.46861 27.9619 23.5788 7.94362 7.92375 7.92373 
15.1568 9.78986 27.044 24.1017 8.17601 7.86578 7.86577 
15.4898 8.85063 27.7625 24.0762 8.0437 7.88858 7.88858 
16.0032 8.62952 27.2446 24.5005 7.92576 7.8482 7.84819 
16.2083 8.26613 26.3883 25.4722 7.91425 7.87547 7.87546 
17.798 8.7249 27.9901 21.4095 8.37889 7.8493 7.8493 
18.6077 8.24595 28.2345 21.2226 8.07294 7.80814 7.80814 
19.7977 8.7526 28.3148 19.7162 7.8945 7.7621 7.7621 
20.8959 8.33525 28.3803 18.8024 7.90619 7.83999 7.83999 
19.5114 8.69934 28.8427 18.9178 8.33376 7.84749 7.84749 
21.085 8.27716 28.1676 18.6734 8.09437 7.85124 7.85124 
21.4186 8.06607 29.3406 17.4938 7.97468 7.85311 7.85311 
21.3288 8.01534 25.4373 21.4313 7.96964 7.90886 7.90886 
20.1805 7.87864 27.2348 21.1995 7.85579 7.8254 7.8254 
20.1216 7.85781 27.4105 21.1013 7.84639 7.83119 7.83119 
19.3094 7.83064 27.5781 21.8223 7.82493 7.81733 7.81733 
20.7489 7.86669 27.4668 20.3337 7.86383 7.86003 7.86003 
20.5912 7.80331 27.8201 20.3835 7.80189 7.79999 7.79999 
19.6616 7.93624 29.1838 19.2696 8.3678 7.79048 7.79048 
20.0475 7.83809 28.0594 20.4707 8.05387 7.76521 7.76521 
17.9992 7.90677 27.2199 23.1188 8.01466 7.87034 7.87034 
16.4401 7.82243 27.3004 24.8034 8.02519 7.80422 7.80422 
14.6464 7.82971 27.2866 26.665 7.93109 7.8206 7.8206 
15.1076 8.25617 26.5175 26.6559 7.85776 7.80252 7.80252 
14.9796 8.08848 25.965 27.3543 7.88928 7.86165 7.86165 
15.5307 9.89219 26.7252 23.9111 8.1844 7.8782 7.8782 
16.2793 8.81607 27.4493 23.875 7.96217 7.80907 7.80907 
15.4032 8.96884 29.2652 22.9173 7.86622 7.78967 7.78967 
15.5745 8.35183 28.721 24.0277 7.80051 7.76224 7.76224 
16.1442 8.14192 27.1084 25.045 7.86626 7.84712 7.84712 
17.5803 8.33325 27.6525 22.3586 8.35936 7.85799 7.85799 
17.5481 8.14752 27.3613 22.9627 8.16057 7.90989 7.90989 
16.3583 9.55129 27.1638 23.1387 8.01287 7.88753 7.88753 
18.7311 8.99642 27.8676 20.8226 7.90254 7.83987 7.83987 
18.2061 8.55618 28.4266 21.2809 7.86431 7.83298 7.83298 
18.3888 8.84952 28.6419 20.3547 7.93216 7.91649 7.91649 
20.7095 9.12173 25.8361 20.6319 7.90547 7.89764 7.89764 
23.9613 8.49529 26.0328 17.8569 7.88716 7.88325 7.88325 
25.3253 9.31521 26.6988 15.1785 7.82872 7.82676 7.82676 
26.489 8.51613 27.1758 14.5024 7.77288 7.7719 7.7719 
