5 80000 300 266
14 14 14 14 14 14 14 
13.5757 16.6774 16.1811 15.8089 11.8387 13.9479 10.9702 
13.2068 18.9243 17.0996 17.2513 12.6761 10.9154 9.42655 
14.217 18.7803 18.3225 17.3757 12.8153 9.5486 8.69055 
12.6512 17.5888 19.6693 18.734 14.2599 8.7004 8.27137 
12.4722 18.2507 20.3548 18.3505 13.9857 8.48731 8.0364 
11.3151 18.6061 21.6898 18.9946 13.2005 8.194 7.96854 
10.1927 17.353 22.6363 20.0415 13.7431 8.06525 7.95252 
10.107 18.0581 23.8981 19.8289 12.2021 7.97719 7.92082 
9.08938 17.2129 24.5051 19.892 13.5001 7.91236 7.88418 
10.4997 15.6851 25.7357 18.8224 13.4916 7.88876 7.87467 
10.5666 15.7611 25.5375 18.3479 13.9856 7.90366 7.89661 
9.49876 16.4286 24.3613 19.2442 14.6041 7.93309 7.92957 
9.55707 15.9066 25.1614 20.3192 13.1915 7.93289 7.93113 
11.0892 15.5989 23.8671 20.1111 13.6346 7.84994 7.84906 
11.5313 14.8948 23.5744 19.9225 13.6909 8.47043 7.91566 
11.8516 16.5166 22.527 20.1044 12.9314 8.17316 7.89578 
10.2281 17.5606 22.6589 20.9825 12.5122 8.15635 7.90138 
9.23432 18.4685 23.6902 21.5157 10.9332 8.3098 7.84824 
9.19637 18.764 24.2214 21.8965 9.92202 8.1153 7.88452 
9.93461 16.2265 24.6397 21.7371 11.5735 8.00196 7.88657 
8.96274 17.0174 24.5345 21.5991 11.9512 7.99642 7.93872 
8.76708 17.3182 25.6006 21.99 10.3803 8.04583 7.89793 
9.6092 17.0914 24.0829 22.7527 10.6534 7.94215 7.86821 
8.76064 17.3369 23.9096 23.2445 10.9311 7.92712 7.89015 
8.34302 17.9925 23.4933 21.6456 12.6916 7.92626 7.90778 
8.89501 19.7105 22.4609 20.7306 12.4518 7.88018 7.87094 
8.73672 20.0268 21.1569 22.0075 12.3534 7.86166 7.85704 
8.81027 19.4667 20.829 21.8238 13.2382 7.91716 7.91485 
8.48188 20.0451 20.3666 20.8639 14.4129 7.91542 7.91426 
9.36914 19.3466 20.5562 19.5229 15.3649 7.92041 7.91983 
8.74185 20.4131 20.4213 19.308 15.3197 7.89815 7.89786 
8.31829 19.8956 21.4547 19.8215 14.7173 7.89645 7.8963 
8.81031 19.0175 22.7041 18.3991 14.6842 8.48311 7.90164 
9.88135 17.485 21.7092 20.5091 14.3659 8.17012 7.87939 
9.13732 16.4163 23.3246 20.8061 14.1374 8.2817 7.89653 
8.83406 15.3172 24.9325 20.1187 14.8886 8.05081 7.85822 
8.85053 17.0182 23.9194 18.8032 15.5724 7.96629 7.87 
10.7371 16.9249 23.7171 18.1887 14.5931 7.94354 7.89539 
13.138 16.4825 22.0089 17.741 14.9407 7.85648 7.83241 
15.0769 16.7491 21.3448 16.4621 14.6693 7.85494 7.84291 
16.2119 16.5378 21.6418 15.3739 14.2224 8.13665 7.87553 
15.5478 16.8736 21.6348 16.059 13.9717 8.02182 7.89126 
13.9037 16.6099 23.077 16.5632 13.957 7.97725 7.91197 
13.3589 17.4758 22.7194 16.0705 14.6418 7.8831 7.85046 
12.335 17.0926 24.3417 17.1612 13.2335 7.92613 7.90981 
12.1228 16.4868 23.5853 17.5136 14.4331 7.93329 7.92513 
12.9884 16.3038 23.8833 16.6913 14.3954 7.87093 7.86685 
13.637 15.1716 23.518 16.9663 14.3406 8.49211 7.87431 
13.3348 14.9793 25.4182 17.1298 13.1853 8.13077 7.82187 
11.6398 13.9814 25.4163 18.6478 14.6037 7.93279 7.77834 
12.1181 15.0884 25.4331 16.9074 14.6283 7.95097 7.87374 
12.6554 14.5363 24.9857 17.8205 14.1743 7.93327 7.89466 
11.8405 15.8579 25.0569 17.5 13.7538 8.0692 7.92169 
12.083 13.7429 26.482 17.7035 14.0862 7.98809 7.91433 
11.7065 14.7532 25.4331 18.4577 13.8165 7.93493 7.89805 
10.9884 14.809 25.4193 20.0396 12.8542 8.02152 7.86795 
11.8073 15.4853 25.3359 19.8683 11.7301 7.9249 7.84811 
13.0658 14.9048 24.4247 20.2044 11.5407 8.0165 7.84298 
12.0259 14.7764 24.325 21.6515 11.4042 7.95191 7.86515 
11.7392 13.6731 24.872 22.8369 11.149 7.88657 7.84319 
13.0318 12.9176 25.1387 21.959 11.2502 7.8622 7.84051 
11.8635 13.8118 25.671 21.2736 11.6411 7.9418 7.79726 
12.5144 13.7686 26.4209 20.8609 10.7225 7.89247 7.8202 
12.2894 13.3186 26.6153 21.0203 10.5891 8.36983 7.7975 
11.8391 13.4649 26.5021 21.6212 10.4335 8.35158 7.78764 
12.5022 13.4551 25.576 22.2952 10.2587 8.09736 7.81539 
12.9087 11.483 26.7826 21.202 11.3794 8.39651 7.84791 
12.4911 11.5158 29.2705 20.3123 10.1516 8.39773 7.86096 
13.3515 12.6054 26.5216 21.5256 10.1146 8.07483 7.80645 
12.39 12.7313 25.4036 23.62 9.91443 8.03742 7.90323 
11.4148 13.9206 25.2018 23.2111 10.3144 8.00222 7.93513 
11.6903 13.3706 25.8488 23.4289 9.71558 7.98972 7.95617 
11.5714 14.5065 25.7735 22.0496 9.88572 8.32447 7.8887 
11.6353 13.6599 28.3464 20.7741 9.67824 8.06196 7.84407 
12.5403 12.9924 28.4589 20.191 10.0212 7.95255 7.8436 
14.1937 12.0973 28.0273 20.3414 9.51879 7.93802 7.88355 
15.4082 11.8534 27.9978 19.5375 9.37681 7.92679 7.89956 
16.2268 11.1824 26.783 20.138 9.80204 7.94067 7.92705 
15.8746 11.8598 26.5258 19.6213 10.1249 8.14944 7.84412 
14.742 13.4743 24.5055 20.6094 10.6838 8.0688 7.91614 
13.0853 12.88 26.1099 21.1619 10.7704 8.0344 7.95807 
14.5601 12.7082 26.466 20.3477 10.0499 7.95306 7.9149 
15.1203 14.3423 26.5466 18.7537 9.31491 7.97061 7.95153 
15.845 13.7118 26.7908 18.2431 9.30862 8.20042 7.90018 
14.3984 13.7836 27.552 19.8143 8.56997 8.01587 7.86575 
14.176 15.0313 27.1481 18.0467 9.80824 7.93236 7.8573 
15.5728 13.8793 25.6953 19.0234 10.0556 7.90557 7.86804 
14.5687 15.7725 26.4123 17.7136 9.60195 8.05373 7.87724 
15.6177 14.5827 26.3014 17.9342 9.8605 7.89591 7.80767 
14.7726 15.7872 25.9641 17.6022 9.94418 8.12623 7.80355 
14.006 15.0767 26.7848 18.8011 9.47913 8.00678 7.84544 
14.1459 14.3772 27.3742 19.279 8.99488 7.95476 7.87409 
15.6024 13.8063 27.0694 18.463 9.20332 7.94797 7.90763 
16.8488 11.8238 26.7093 19.0728 9.68103 7.94224 7.92207 
17.7994 11.0106 26.677 18.5824 10.1037 7.91849 7.9084 
16.502 10.6222 26.935 20.5485 9.584 7.90661 7.90157 
14.8664 11.0034 27.7752 20.582 9.86892 7.95331 7.95079 
14.0806 10.8485 27.4714 22.2852 9.55874 7.87839 7.87713 
13.178 10.9632 29.0052 20.2743 10.9171 7.83141 7.83078 
14.8127 10.4158 27.6605 21.4859 9.89934 7.86307 7.86276 
15.466 11.4766 27.1138 20.4444 9.87504 7.81213 7.81198 
15.0212 10.484 27.9637 21.9171 9.00532 7.80437 7.80429 
15.5353 10.1803 28.7967 20.3721 9.59525 7.76021 7.76017 
14.8416 10.0741 28.0639 22.2439 9.29923 7.73863 7.73861 
13.8106 9.82937 28.8882 22.6236 9.12246 7.86292 7.86291 
13.6331 9.65474 27.7468 23.0855 10.0658 7.907 7.90699 
13.3791 10.4524 27.4672 22.7927 10.1892 7.85975 7.85975 
15.3852 10.9118 26.9443 21.2626 9.77685 7.94325 7.77603 
16.0787 11.4686 25.181 21.8655 9.63526 7.92732 7.84371 
17.0837 10.6831 26.5837 20.3184 9.59579 7.88858 7.84677 
17.8956 10.4436 27.9177 19.1728 8.87953 7.85585 7.83495 
18.1665 10.5343 28.3338 18.6489 8.65851 7.83418 7.82372 
18.8659 9.61497 28.6079 18.1754 8.83236 8.10963 7.79385 
18.2565 9.14185 29.629 18.84 8.44095 7.92479 7.76689 
18.3218 8.44189 28.3629 20.7103 8.57531 7.83336 7.75441 
17.5984 8.7522 29.9627 19.5739 8.50641 7.82293 7.78346 
16.8434 8.7925 29.9656 19.7239 8.98506 7.85468 7.83495 
15.8355 9.39625 28.7759 21.7585 8.45805 7.89286 7.88299 
15.266 11.4074 27.487 21.1029 8.86161 7.94004 7.93511 
14.9709 11.3351 26.5421 21.8142 9.55026 7.89493 7.89247 
14.5116 11.8767 25.1992 22.9986 9.67709 7.86904 7.8678 
13.3848 12.2287 27.5996 21.8219 9.35467 7.80549 7.80487 
13.9107 11.5721 29.4688 20.2419 9.2548 7.77598 7.77567 
14.7111 11.5616 27.6057 20.847 9.5779 7.84839 7.84823 
15.3621 11.4998 28.5087 19.5738 9.36411 7.84576 7.84569 
16.27 11.118 27.4445 20.063 9.28328 7.91061 7.91057 
16.5492 10.737 27.9618 19.7402 9.3342 7.8388 7.83878 
18.5534 10.4208 27.5697 18.4067 9.54515 7.75215 7.75214 
17.9518 10.4154 28.2959 18.6671 9.03125 7.81929 7.81929 
17.084 10.4442 30.3642 17.4416 9.07644 7.79478 7.79478 
18.4723 10.6228 29.642 17.4316 8.37097 7.73014 7.73014 
19.0005 10.5303 28.4574 17.8067 8.73094 7.73713 7.73713 
20.1501 10.1388 28.3081 17.0261 8.6976 7.83968 7.83968 
20.1421 11.2774 28.0802 16.5667 8.37565 7.7789 7.7789 
19.4987 10.6892 27.6765 17.8793 8.73328 7.7615 7.7615 
19.8822 11.4908 26.9612 17.5775 8.35335 7.86746 7.86746 
18.7744 11.9121 26.8139 18.1221 8.51001 7.93373 7.93373 
17.7206 11.4525 26.7048 19.522 8.86493 7.86758 7.86758 
20.0848 11.3385 24.747 18.9447 9.19437 7.84535 7.84535 
18.6865 10.415 27.9667 18.2859 8.83447 7.99047 7.82098 
18.3685 10.6227 27.1602 18.7097 9.11038 8.14686 7.88161 
19.2183 10.5834 26.5053 19.3889 8.46675 7.985 7.85237 
18.4119 9.69313 27.6893 19.3775 8.63479 8.39391 7.79942 
18.2133 9.25833 27.999 19.4314 9.28063 8.05725 7.76001 
18.114 9.22475 29.0731 18.7231 9.2359 7.88892 7.7403 
18.2266 10.1487 28.3774 17.839 9.46224 8.09671 7.84939 
19.1815 10.1938 26.4754 18.8171 9.50928 7.97327 7.84961 
18.5981 10.6116 26.473 19.335 9.35023 7.84693 7.7851 
20.4674 9.60134 25.9513 18.6022 9.65793 7.87535 7.84444 
19.951 9.74767 27.4633 17.9584 9.24593 7.8246 7.80915 
21.4192 9.09918 25.8795 19.1904 8.4962 8.13765 7.77781 
21.5155 9.3115 27.7749 17.1044 8.27741 8.28128 7.73506 
22.698 8.57366 27.88 16.0149 8.98945 8.05855 7.78544 
22.4601 8.69296 29.2657 15.0956 8.90085 7.86069 7.72414 
22.5508 9.53516 27.9976 15.8811 8.38124 7.86116 7.79289 
21.7206 9.39087 29.2385 15.8173 8.12898 7.86894 7.8348 
22.452 9.53972 28.9791 15.1751 8.04373 7.91371 7.89664 
23.6348 9.51439 29.2706 13.9744 8.03646 7.78897 7.78044 
23.2928 9.18342 30.8648 13.0528 7.95266 7.82891 7.82464 
23.3018 8.9836 29.7905 14.4656 7.86146 7.79959 7.79746 
23.0068 8.72909 28.4546 15.0294 9.18497 7.7981 7.79703 
23.0928 8.66918 29.7902 14.1372 8.56599 7.87256 7.87203 
23.5464 8.94997 28.7413 14.6071 8.283 7.93628 7.93601 
23.8299 9.26222 27.3139 14.9276 8.92873 7.86885 7.86872 
24.846 8.94146 27.45 14.188 8.77471 7.89994 7.89988 
22.3256 8.85384 29.9588 14.7239 8.4458 7.84607 7.84604 
23.9326 9.82261 28.2887 14.0166 8.17973 7.87987 7.87986 
23.7101 8.82589 28.7351 14.6595 8.36033 7.85453 7.85452 
22.6942 8.60875 28.8781 14.6724 9.25009 8.12307 7.77341 
22.4969 8.83399 30.2927 13.9564 8.80623 7.89429 7.71946 
21.8828 9.45431 29.1389 15.0006 8.88073 7.86505 7.77764 
21.3503 9.93162 29.0676 15.6787 8.34371 7.83587 7.79217 
21.5055 10.2005 27.8912 15.6011 9.0455 7.88906 7.8672 
20.6387 9.47286 27.0635 16.7359 10.2262 7.93692 7.926 
22.8669 9.10905 26.4595 15.0219 10.6264 7.96086 7.95539 
20.5575 9.11657 28.5582 15.9051 10.2402 7.81255 7.80981 
20.3181 9.87325 27.8618 16.614 9.64766 7.84328 7.84191 
21.4091 10.1152 26.9666 16.5213 9.28812 7.85021 7.84953 
21.6364 9.35867 27.9994 16.5044 8.58671 7.86776 8.04663 
20.8182 9.40661 26.9088 16.9795 9.92972 7.93388 8.02331 
23.006 8.96687 27.9893 14.8851 9.42222 7.84291 7.88763 
23.2574 9.04484 28.556 14.9864 8.57076 7.7811 7.80346 
24.454 9.35513 28.2185 13.4412 8.93222 7.7939 7.80508 
25.0048 9.12201 27.0722 13.9428 9.28093 7.78584 7.79143 
24.8158 9.03862 27.5287 13.5013 9.49121 7.81083 7.81362 
23.6179 9.50152 28.8889 12.8004 9.01607 8.35381 7.8214 
23.9711 9.38396 30.4676 11.6126 8.36904 8.42401 7.77171 
24.1993 9.08129 30.1193 11.7223 8.57383 8.60132 7.70265 
21.7986 9.39015 30.277 14.2224 8.46752 8.14681 7.69748 
22.3834 8.75868 30.1562 14.355 8.47404 8.13701 7.73566 
22.6308 8.99188 28.3622 15.8491 8.48056 7.94304 7.74237 
24.019 8.89334 26.559 16.7193 8.14908 7.88032 7.77998 
23.2376 8.65719 28.3672 15.7281 8.4605 7.79981 7.74964 
24.2074 8.76122 28.368 14.9562 8.13096 7.80061 7.77553 
24.0318 8.95577 29.2167 14.1775 7.98705 7.82188 7.80933 
23.7248 8.59181 29.9564 14.0508 7.94922 7.86663 7.86036 
23.3732 8.79231 28.8271 15.1189 8.1113 7.89015 7.88702 
24.0967 8.53284 29.8812 13.6746 8.01249 7.90191 7.90034 
23.537 8.31173 30.151 14.2806 8.05155 7.83445 7.83367 
23.2805 8.4514 28.993 15.5596 7.97767 7.86912 7.86872 
23.4736 8.55903 26.9965 16.7798 8.32217 7.93456 7.93436 
24.5396 8.77779 27.6851 14.9643 8.14032 7.94652 7.94642 
25.5485 8.32332 29.4163 12.892 8.00459 7.90769 7.90764 
25.9055 8.03371 28.8496 13.685 7.87435 7.8259 7.82587 
24.1773 9.1189 29.7309 12.6248 8.69908 7.82451 7.8245 
22.3317 9.24695 29.9696 13.9513 8.68982 7.90531 7.90531 
23.622 8.65856 28.669 14.695 8.73087 7.81231 7.8123 
25.4139 8.74105 29.2242 12.8622 8.22573 7.76645 7.76645 
24.207 9.70386 29.6121 12.5978 8.11287 7.88322 7.88322 
23.5005 9.99899 28.5928 14.0195 8.10055 7.98573 7.80191 
23.6821 9.92374 28.3116 14.2067 8.02755 7.97014 7.87823 
24.5249 9.37363 28.8617 12.8019 8.05789 8.21301 8.16705 
24.0372 9.12368 29.1066 13.3975 8.29516 8.03142 8.00844 
24.6126 9.26109 28.651 13.2777 8.28292 7.96308 7.95159 
22.7592 9.50859 29.3081 14.1301 8.67108 7.81429 7.80855 
21.7475 8.9349 30.2059 15.0918 8.34892 7.7533 7.91765 
22.3579 8.53105 29.0605 15.4964 8.94478 7.76358 7.84575 
21.8133 8.55657 28.7094 16.3303 8.95 7.7997 7.84079 
21.6449 8.6407 29.9587 15.5477 8.33406 8.09448 7.77945 
22.4588 8.86581 28.6157 15.592 8.53067 8.04724 7.88973 
22.4461 9.56598 27.6158 15.9709 8.44784 8.01602 7.93726 
21.807 10.075 28.9539 14.9198 8.421 7.84012 7.98323 
18.9917 10.0007 29.9181 15.9158 9.54138 7.78036 7.85191 
20.4086 9.16702 27.8559 17.4817 9.13577 8.05684 7.89421 
20.3088 9.28735 28.0394 17.8001 8.92329 7.86118 7.77986 
21.0323 9.98718 27.951 16.1519 8.85096 8.3199 7.70672 
22.6933 9.79064 28.3667 14.1645 9.22253 8.03449 7.7279 
22.1036 10.6722 28.526 14.0544 8.79453 8.00131 7.84801 
23.3915 9.18226 28.6861 14.5592 8.56393 7.84681 7.77016 
23.4058 9.0521 31.2575 12.2982 8.37119 7.82675 7.78843 
23.6234 8.49956 29.536 14.4272 8.1591 7.88688 7.86772 
22.5025 9.01952 30.8864 13.7926 8.02692 7.89081 7.88123 
20.3064 10.2184 28.829 15.9514 8.34417 8.47296 7.87762 
20.0045 10.6854 27.2398 17.2694 8.81892 8.13983 7.84216 
19.0128 9.93635 26.8708 20.1188 8.29639 7.95684 7.808 
18.8348 10.1921 26.6817 20.5072 8.0661 7.89633 7.82191 
20.4681 9.26269 28.1959 18.0434 8.19972 7.93367 7.89646 
19.6983 8.73849 27.6694 19.736 8.02843 8.25255 7.8768 
19.5266 10.2832 26.7379 19.3662 8.13608 8.06893 7.88105 
21.2875 11.0896 27.4954 16.3746 7.97139 7.93781 7.84387 
19.8594 10.0546 27.2771 17.7951 8.88765 8.08655 8.03958 
16.484 10.0835 27.8708 19.0099 10.2491 8.35039 7.95238 
18.6194 9.57004 28.275 17.4295 9.84152 8.32614 7.93845 
18.0852 10.2952 27.4028 16.6739 11.2473 8.2447 8.05086 
18.8127 9.74531 29.6018 16.1914 9.64663 8.14534 7.85685 
20.4102 9.69891 29.0866 15.6246 9.45652 7.93367 7.78943 
20.571 10.5405 26.1287 16.9587 9.80956 8.03188 7.95975 
22.2627 9.83299 25.4217 17.6048 8.89718 8.00833 7.97227 
22.184 9.65334 28.3249 15.8199 8.30824 7.86382 7.84579 
22.3165 9.52055 29.0604 13.6243 9.25616 8.21762 8.00453 
22.0038 9.90733 28.6846 13.9812 9.40749 8.15293 7.86256 
23.3233 9.23938 30.4137 12.5263 8.63232 8.00504 7.85985 
22.4884 10.7221 27.8053 13.9403 8.84372 8.33323 7.86693 
22.9378 9.99812 27.4107 13.825 9.26057 8.40048 8.16734 
23.3207 9.44351 27.7794 14.3199 9.07473 8.08913 7.97256 
23.4581 9.4034 27.5601 14.2761 9.40628 7.97715 7.91886 
23.7446 9.35286 28.8963 12.7582 9.5481 7.86454 7.8354 
24.2205 10.142 27.2012 13.0593 9.42992 7.98085 7.96628 
22.8741 10.9738 26.9687 14.5157 8.70802 7.98348 7.9762 
21.8788 10.507 27.3398 15.29 8.97248 8.00781 8.00416 
20.9796 9.87196 27.5253 16.4803 8.90391 8.22077 8.01815 
20.0318 9.70697 27.6939 16.6371 9.60463 8.4997 7.82587 
20.4248 9.50033 27.7875 17.2405 9.07741 8.15319 7.81628 
20.0201 9.36555 28.3168 17.4664 8.96178 8.11506 7.75429 
20.3686 9.06524 26.9074 18.4942 8.86336 8.44 7.86121 
20.0836 8.89504 28.7222 17.3008 9.12967 8.07906 7.78967 
14 14 14 14 14 14 14 
10.9352 13.25 19.3843 16.9537 14.6389 11.6296 12.2083 
11.1258 13.7844 22.0478 17.1374 15.6335 9.74091 10.0303 
12.222 13.2127 24.2293 17.9366 13.9116 9.27226 8.96547 
11.2363 13.6679 24.8709 18.0799 14.8146 8.73636 8.46907 
11.1476 12.128 25.3766 19.5106 15.172 8.36818 8.23453 
11.1674 12.1143 25.1312 19.6868 15.3485 8.40783 8.1127 
11.8193 12.1772 24.3439 21.2753 14.2563 8.13001 7.98245 
12.4364 13.1982 24.9925 20.3113 13.0722 8.02771 7.95393 
10.8146 12.2045 25.7249 22.2633 13.1504 7.93762 7.90073 
10.5797 11.9643 26.6556 21.4765 13.5867 7.87686 7.85841 
9.62721 13.5725 24.6531 22.9069 13.4199 7.91433 7.90511 
10.408 13.4296 24.3312 21.943 13.936 8.03642 7.91526 
9.61577 14.5202 24.1566 23.6412 12.1716 7.97749 7.91691 
9.96484 15.2198 22.2801 22.9192 13.8212 7.91251 7.88222 
8.87258 16.5344 20.2934 22.9013 15.7207 7.84642 7.83127 
8.43629 18.4894 20.8133 20.2284 16.1937 7.92321 7.91563 
8.17163 17.7331 20.523 20.463 17.2829 7.91509 7.91131 
8.28083 18.277 21.2592 19.7553 16.4646 8.03918 7.92391 
9.16324 18.4992 20.447 20.1516 15.7665 8.01502 7.95739 
8.57275 19.4492 21.4208 17.3929 17.1959 7.99864 7.96982 
8.98821 18.4402 21.6049 16.8386 18.3457 7.8984 7.88399 
9.17447 18.8091 19.9349 17.2093 18.9902 7.94464 7.93743 
9.17337 18.5768 19.9227 18.3362 18.2199 7.88731 7.8837 
10.1819 18.9313 20.0804 17.7395 17.3242 7.87222 7.87042 
11.3706 19.6552 20.8222 15.0309 17.4299 7.84606 7.84516 
11.4407 20.619 20.6029 16.2684 15.3097 7.87987 7.87942 
11.3301 21.529 20.6673 16.5489 14.2402 7.84237 7.84215 
10.2214 22.0355 20.6454 16.0682 15.2736 7.87802 7.87791 
10.3433 19.7387 22.0669 16.9876 14.7298 8.24134 7.89244 
12.0891 18.2431 21.2276 18.0812 14.5251 8.00416 7.82972 
12.4922 17.8807 21.1978 18.2863 14.4402 7.89503 7.8078 
11.9199 17.6874 20.528 18.363 15.8489 7.84822 7.80461 
12.9044 18.6817 19.4075 17.0519 16.2578 7.8593 7.83749 
10.935 20.4903 19.7037 18.2961 14.9105 7.83769 7.82679 
10.7866 21.1198 19.1899 18.3679 14.9021 7.81956 7.8141 
10.4414 20.8965 20.7729 17.357 14.7828 7.87612 7.8734 
10.7886 21.25 20.2973 17.1418 14.8524 7.83561 7.83425 
10.0594 21.2709 22.3496 16.4656 14.1248 7.86517 7.86449 
10.4453 20.4591 22.3839 16.5452 14.4931 7.83687 7.83653 
9.10615 20.9092 22.9638 17.4959 13.9213 7.80193 7.80176 
9.80949 20.8392 21.4819 16.9531 15.0376 8.00353 7.87524 
8.83875 20.5719 21.4008 19.3902 13.9909 7.93577 7.87163 
8.54559 18.9024 21.7441 21.1029 13.1848 8.7009 7.81931 
8.64173 18.1891 23.1293 21.3524 12.4176 8.47666 7.79315 
8.86632 15.7379 24.5017 22.914 11.9198 8.20104 7.85928 
9.32313 17.0377 22.7643 21.6037 13.2948 8.13475 7.84162 
10.3972 17.1223 22.3547 21.7744 12.3831 8.0574 7.91083 
10.3494 14.9682 22.2326 22.3194 14.3574 7.92317 7.84989 
10.9886 13.8794 22.8605 21.0434 15.0857 8.26391 7.87843 
9.52455 14.6223 25.2842 20.4713 14.2179 8.03624 7.8435 
10.4914 14.3424 24.3608 21.5638 13.4892 7.92437 7.828 
10.1597 14.2965 24.834 20.6099 14.3613 7.89339 7.8452 
11.6861 15.827 24.8522 19.2428 12.7506 7.8327 7.80861 
12.2863 15.9032 22.8643 21.3482 11.7877 7.9112 7.89915 
12.2205 15.5483 25.2443 19.652 11.6949 7.823 7.81698 
12.147 13.6797 26.2704 20.5872 11.228 8.24221 7.8455 
12.3879 13.7986 25.2486 20.8606 11.6707 8.11595 7.91759 
12.5576 14.8214 24.7022 20.0407 12.0691 7.95408 7.8549 
11.8778 15.3534 23.9397 21.2183 11.8939 7.88329 7.8337 
11.5799 16.1382 23.1237 21.3784 11.9726 7.916 7.89121 
11.0599 16.4239 23.5156 21.3576 11.7704 7.94258 7.93018 
10.1474 16.2594 24.2908 22.0244 11.4261 7.92907 7.92287 
10.8876 17.1736 22.8689 21.4773 11.9146 7.84051 7.83741 
10.9383 17.2407 24.0718 20.0793 11.8639 7.90377 7.90222 
10.0623 16.3631 25.1593 19.6197 12.3624 8.54506 7.88812 
10.959 16.9444 24.9508 18.5727 12.3668 8.26738 7.9389 
11.0653 17.464 24.6007 19.5044 11.2243 8.22088 7.92041 
10.9768 18.1876 25.0511 18.3482 11.1995 8.40843 7.8284 
10.2568 19.1755 26.0133 17.6209 10.9131 8.15517 7.86515 
11.0583 17.5393 24.7317 20.6703 10.1735 7.98594 7.84093 
13.0428 16.4199 25.6172 18.8051 10.1414 8.09133 7.88221 
11.2408 15.863 24.926 22.0301 10.0452 7.99975 7.89519 
11.3675 15.2591 24.2446 21.9346 11.0571 8.31022 7.8269 
11.0969 14.8945 23.8032 23.218 10.2294 8.85596 7.90206 
12.1958 15.3952 23.8958 22.4472 9.88348 8.32972 7.85276 
12.4691 13.6533 23.9978 22.4424 10.7589 8.874 7.8045 
12.5383 13.5602 25.0361 22.396 9.67745 9.02153 7.77044 
12.8625 14.4724 24.3313 20.4013 11.5695 8.49428 7.86874 
12.8656 15.2791 23.9619 20.2543 11.6829 8.13454 7.82177 
11.8797 17.5557 23.9921 19.9037 10.8694 7.97788 7.8215 
10.8985 17.8688 23.1531 21.9353 10.2556 7.98343 7.90524 
11.254 17.5096 25.9565 18.8832 10.5368 7.9495 7.9104 
10.9367 15.8344 26.6951 19.7661 10.7256 8.10454 7.9375 
11.1314 16.3426 25.226 19.4134 12.1308 7.91968 7.83615 
12.1133 16.3558 23.0297 21.1651 11.7201 7.82889 7.78712 
12.491 16.0868 22.9089 22.5128 10.4177 7.80184 7.78096 
12.4202 15.7241 23.9545 21.4974 10.7811 7.81658 7.80614 
12.2585 15.7922 26.4934 19.6197 10.2293 7.80614 7.80092 
12.1121 17.0129 24.7851 19.9238 10.3853 7.89167 7.88906 
12.445 15.7287 25.0315 21.073 10.0538 7.83473 7.83342 
13.4479 16.3903 23.3539 20.6521 10.5182 7.8191 7.81844 
14.1801 13.6045 25.4196 20.1214 10.9609 7.85692 7.85659 
13.395 13.5471 26.9327 19.1516 10.9056 8.18066 7.88724 
12.913 13.5415 27.9691 18.4156 11.3921 7.95773 7.81102 
13.0741 12.6531 28.2493 18.7666 11.4313 7.94945 7.8761 
12.9836 11.9869 28.1183 19.7607 11.376 7.90554 7.86887 
14.2069 11.1863 29.4894 18.0406 11.4744 7.81034 7.792 
16.094 11.4291 29.098 17.5376 10.1536 7.84839 7.83922 
17.3638 11.7705 27.4372 17.6197 10.201 7.80618 7.8016 
18.6819 11.6479 26.9389 17.9624 9.16831 7.8014 7.7991 
16.3962 11.0387 27.8867 19.1039 9.79888 7.88843 7.88728 
16.719 10.8248 28.4128 18.7159 9.72259 7.80273 7.80216 
16.4764 11.4189 27.6804 18.6112 10.2184 7.79747 7.79718 
16.1961 10.6644 28.5549 19.3657 9.61372 7.80264 7.8025 
15.0336 10.4935 28.9549 20.6506 9.32299 7.77229 7.77222 
15.2982 11.0414 28.0536 21.2524 8.63501 7.85965 7.85962 
15.0858 10.4258 26.8433 22.0186 9.85548 7.88552 7.88551 
14.9897 9.62019 28.1633 21.7996 9.63898 7.89413 7.89412 
15.3027 9.6149 27.5951 22.3112 9.47415 7.85097 7.85096 
14.6663 9.73282 27.8274 22.3496 9.66245 7.95534 7.80608 
14.3902 10.7223 26.3762 21.9856 10.8372 7.88157 7.80694 
13.9475 10.8274 27.4968 22.2468 9.92022 7.79931 7.76199 
14.7863 11.1949 28.1234 20.4984 9.80386 7.8059 7.78725 
15.6753 10.6588 26.485 21.9056 9.50316 7.89068 7.88135 
14.6939 11.3495 26.7877 21.6552 9.7683 7.95872 7.78683 
14.8633 10.9035 28.4265 21.1217 8.96912 7.90093 7.81498 
15.0168 11.0245 28.1451 21.242 8.97372 7.82043 7.77746 
15.0794 10.5596 27.3218 22.2929 9.06099 7.85343 7.83195 
14.8212 10.7814 27.2531 22.9588 8.5758 7.81021 7.79947 
17.232 10.0336 28.0908 19.8722 8.75219 8.19082 7.82831 
15.0058 10.1286 29.7004 20.1598 8.68919 8.40851 7.90776 
16.94 10.0312 28.5919 19.8481 8.48367 8.17776 7.92739 
18.504 8.92716 29.6021 18.9377 8.1534 8.00045 7.87526 
19.0933 9.22548 28.928 17.5641 9.31479 7.96848 7.90588 
18.2497 9.3909 29.4811 17.3145 9.43555 8.25045 7.87786 
17.3995 9.62503 30.0574 17.46 9.64735 7.99846 7.81217 
16.9189 10.292 28.5561 19.5177 8.93327 7.93759 7.84444 
18.8555 9.93146 26.3243 19.3298 9.74716 7.92919 7.88262 
17.9848 11.006 26.2494 18.2219 10.5783 8.15923 7.80037 
18.423 10.1293 26.6478 19.0754 9.91547 7.9942 7.81477 
17.2557 10.4274 27.6772 19.9478 8.90095 7.94032 7.85061 
17.1805 11.4637 27.8189 19.0199 8.72679 7.91753 7.87267 
18.342 11.051 27.7392 18.0206 9.15063 7.85947 7.83704 
17.0657 10.2623 29.8345 17.7822 9.4876 7.78939 7.77817 
18.4305 10.2506 27.5452 18.6181 9.52195 7.81961 7.814 
18.2578 9.91255 27.957 19.5927 8.66169 7.81051 7.80771 
19.5741 9.2371 28.8758 18.358 8.2692 7.84361 7.84221 
17.3677 8.48952 30.7282 19.3403 8.00557 8.27665 7.79207 
17.078 8.8068 29.0502 20.4366 8.92979 7.97044 7.72815 
19.9935 8.4034 28.1615 19.1274 8.4649 7.98522 7.86408 
22.6248 8.46791 29.0978 15.8777 8.15736 7.91752 7.85695 
21.21 8.84146 29.3953 16.4713 8.34489 7.88368 7.85339 
21.1889 9.16526 28.9312 16.9948 8.18704 7.77396 7.75881 
23.2705 8.80798 28.198 15.8917 8.31887 7.76022 7.75265 
21.0758 8.59979 29.8333 16.6871 8.35524 7.72626 7.72248 
21.264 8.26029 29.7681 16.9244 8.13802 7.82353 7.82163 
21.3116 8.66089 30.5799 15.7438 8.11432 7.79526 7.79431 
19.9748 8.81073 29.4476 17.5493 8.53744 7.84028 7.83981 
19.3281 8.61782 29.9253 17.3827 9.21378 7.76629 7.76606 
18.9424 9.11991 28.1929 19.5161 8.55878 7.83504 7.83492 
17.8922 10.3494 28.1315 19.758 8.31448 7.77717 7.77711 
18.8382 9.67112 28.0945 19.5913 8.11407 7.84542 7.84539 
20.2963 9.04608 26.6788 19.6202 8.79388 7.78236 7.78234 
19.4702 10.1163 27.0682 19.1321 8.63423 7.78948 7.78948 
18.9817 9.51019 28.7738 18.8126 8.25547 7.8331 7.83309 
18.6604 9.42637 27.7087 20.133 8.27998 7.89579 7.89579 
18.2588 10.395 26.5167 20.4561 8.68545 7.844 7.844 
18.4933 9.61446 27.5693 19.9454 8.75968 7.80892 7.80892 
17.8181 9.27152 28.6061 20.1513 8.48699 7.83303 7.83303 
16.7365 10.0671 27.7216 21.4175 8.2371 7.91013 7.91013 
16.3615 10.3056 27.6363 21.9332 8.03012 7.86663 7.86663 
17.6083 10.2033 27.6229 21.0676 7.88711 7.80537 7.80537 
18.3359 8.94782 28.0255 21.4034 7.78971 7.74884 7.74884 
17.0077 9.00353 27.7758 22.0257 8.7729 7.70717 7.70717 
18.0194 8.65401 27.3827 21.7395 8.36569 8.00583 7.83282 
17.8112 9.19592 25.8636 23.042 8.3027 7.9355 7.849 
17.6469 9.84272 28.1416 20.2623 8.34715 7.98873 7.77065 
16.291 10.2785 29.4929 19.5467 8.71903 7.89047 7.78143 
18.3685 9.78609 29.2446 18.5094 8.26286 8.03445 7.79406 
19.151 9.71032 27.7452 19.0554 8.45037 8.00394 7.88374 
18.4605 9.55899 28.1583 19.8064 8.40637 7.83472 7.77462 
18.8388 9.58377 27.9582 19.5118 8.47365 7.83195 7.8019 
17.6337 9.61331 28.8005 19.3987 8.52254 8.20169 7.82952 
15.884 10.4604 29.4179 19.0633 9.03159 8.34113 7.80169 
17.7246 9.39685 26.8466 21.1259 8.86362 8.15607 7.88635 
16.7194 9.877 27.5305 21.6344 8.36038 8.00661 7.87175 
15.8031 8.82199 27.8429 22.4677 9.35818 7.8868 7.81937 
15.7963 9.48618 28.3951 20.6323 9.56631 8.26671 7.85705 
15.9808 9.63031 28.6713 20.0906 9.67037 8.08072 7.87589 
16.2072 10.0599 30.2447 18.6117 9.20582 7.88651 7.7841 
16.4672 9.57541 30.2133 18.3968 9.512 7.94326 7.89205 
16.8979 9.48085 27.9225 20.9312 8.90762 7.94275 7.91714 
18.4883 9.85853 26.166 20.1113 9.17822 8.30208 7.89558 
18.5751 9.50673 26.8154 19.9148 9.16658 8.20034 7.82103 
19.1756 9.41754 27.7734 18.3529 9.24747 8.20465 7.82843 
20.9604 9.21858 27.4161 17.2157 8.93746 8.41605 7.83578 
19.2393 9.17133 30.4964 15.7246 8.84829 8.58759 7.93249 
18.7957 9.64185 28.5441 17.7874 8.91853 8.41364 7.89883 
18.3673 10.737 27.6308 17.8632 9.03942 8.21446 8.14789 
19.431 10.6688 26.8896 18.4722 8.58331 7.99415 7.96087 
18.6571 9.89646 28.2258 18.3602 8.8537 8.19416 7.81255 
21.1467 9.6755 26.8402 17.9074 8.42685 8.09708 7.90628 
23.458 9.26083 27.2662 15.8768 8.25189 7.89469 7.9916 
23.6744 8.55533 28.9915 14.935 8.05086 7.87226 7.92071 
21.6885 8.9245 29.3656 16.0177 8.30052 7.83948 7.8637 
20.9189 8.56673 28.8619 17.5238 8.44131 7.83765 7.84976 
19.2928 8.95003 28.431 18.5952 8.88732 7.91882 7.92488 
20.7785 8.43728 28.9325 17.5995 8.40592 7.92168 7.9247 
21.2946 9.7742 28.2522 15.7956 8.72971 8.07606 8.07758 
20.2964 9.62394 28.1612 17.0206 9.1017 7.89768 7.89844 
20.5425 10.0091 28.4175 16.5748 8.67271 7.89149 7.89187 
22.1133 10.0797 26.9907 16.7461 8.28372 7.89311 7.8933 
20.3952 9.90368 29.0596 15.1824 9.58933 8.03216 7.8377 
19.834 9.67911 29.6207 15.773 9.1583 8.01608 7.91885 
20.4939 9.64725 29.2334 15.9634 9.00223 7.85419 7.80558 
20.326 10.3572 28.4507 16.0845 8.84894 8.07729 7.85536 
20.5797 9.86611 29.3295 15.3339 8.59114 8.37893 7.92074 
22.1178 10.3094 26.3135 16.2691 8.95507 8.13211 7.90302 
23.5103 10.0185 27.3591 14.7493 8.56314 7.95711 7.84256 
22.0872 9.6218 29.5467 14.5702 8.52511 7.85309 7.79582 
22.596 9.32354 27.5892 15.7689 8.9557 7.89767 7.86903 
22.7212 9.71795 28.5886 14.626 8.41043 8.06868 7.8671 
21.1032 9.08692 28.8164 16.5042 8.61698 8.07846 7.79384 
19.9266 10.3 29.0463 16.3113 8.58481 7.9866 7.84429 
22.5573 9.28536 28.8089 14.9226 8.61571 7.94067 7.86951 
22.0208 9.33018 27.881 15.0785 9.58129 8.26721 7.84101 
22.816 9.17898 28.3502 14.8309 8.7837 8.12666 7.91356 
22.3207 9.54981 27.4688 15.9472 8.36011 8.42841 7.92503 
22.6389 9.63872 26.964 16.3394 8.46021 8.10526 7.85357 
21.3553 9.47886 28.715 16.055 8.53118 7.99528 7.86944 
20.4249 9.97409 28.2564 16.6918 8.77823 7.96876 7.90584 
20.8125 10.387 27.3282 16.9459 8.58911 7.98438 7.95292 
20.8625 9.94637 26.9721 17.2182 9.04741 7.98459 7.96885 
20.4313 9.12413 27.4483 17.2883 9.80672 7.95456 7.94669 
22.8662 9.78295 26.3748 15.0699 9.72264 7.99334 8.19021 
24.0285 8.70827 30.1721 12.1151 9.05979 8.0043 7.9119 
24.0069 9.33568 29.4772 12.1461 9.14244 8.06119 7.83049 
23.351 10.5189 28.3911 12.6333 9.35846 7.93131 7.81595 
21.9994 10.5226 29.3777 13.4017 8.72781 8.01424 7.95656 
21.9192 11.0084 27.9073 13.5974 9.72789 8.03011 7.8097 
20.637 11.5526 26.8569 15.8713 9.09782 8.04731 7.93711 
19.4094 11.9028 28.6458 14.4574 9.48962 8.17385 7.92112 
19.275 11.0295 28.3854 15.4318 9.62762 8.3838 7.86681 
19.5992 11.0703 27.9858 16.5282 8.8368 8.02332 7.95639 
22.0913 10.1185 27.7429 14.9308 8.7934 8.17833 8.14486 
22.1567 10.409 28.2747 13.6382 9.12921 8.20439 8.18766 
22.2951 10.7178 28.0157 14.2336 8.557 8.09459 8.08622 
21.5723 9.60602 26.5561 17.1554 9.10476 8.10135 7.90412 
19.3576 10.1091 27.5638 17.3532 9.45034 8.13231 8.03369 
20.4594 9.51553 28.0942 17.4127 8.62851 7.9695 7.92019 
21.0565 9.87588 28.2203 15.9898 8.64497 8.31546 7.8971 
20.6942 10.3321 26.9732 15.6712 9.30174 8.72204 8.3054 
20.5203 9.49507 26.2572 16.9265 9.41277 8.90648 8.4817 
18.9962 9.2085 28.5561 17.0135 9.16735 8.72833 8.33007 
17.3106 10.8543 27.5593 18.077 9.27118 8.85635 8.07129 
19.8123 10.3858 27.0028 17.0964 8.97443 8.56041 8.16787 
20.046 9.91318 29.7601 15.0167 8.50819 8.65083 8.10492 
21.6642 9.91842 27.2846 15.7145 9.21593 8.33305 7.86925 
20.8321 10.8776 26.9076 16.0205 9.09776 8.24816 8.01626 
20.7466 10.1909 27.71 15.8615 9.09433 8.25631 8.14036 
20.335 10.0763 26.6903 17.3177 9.52801 7.95957 8.09317 
20.787 10.7903 24.8496 16.8447 9.63126 8.6258 8.47136 
19.604 10.439 26.2406 16.975 9.42089 8.69887 8.62165 
20.5863 10.3176 26.4536 16.3306 9.41633 8.66316 8.23239 
20.2088 10.855 26.5179 15.7603 9.56049 8.76196 8.33561 
20.9044 10.6275 27.459 15.4801 8.98024 8.38098 8.1678 
21.4187 9.77471 29.157 14.4315 8.57934 8.65146 7.98725 
19.3592 9.73968 28.0806 15.8655 9.56393 9.17805 8.21303 
20.3353 11.0174 26.1305 15.5147 10.1098 8.68739 8.20488 
20.4039 10.2331 26.8448 15.8282 9.77933 8.6744 8.2363 
19.7455 10.5107 28.1527 14.9681 9.24651 8.90152 8.47499 
21.1823 10.8109 26.3779 15.8174 8.98833 8.61742 8.20575 
20.5488 10.2783 26.7483 16.3833 9.15518 8.546 8.34016 
19.684 10.6742 27.3963 17.6012 8.45213 8.14754 8.04462 
18.986 10.0064 27.5114 18.5282 8.89533 8.15937 7.91336 
19.082 10.7109 25.6278 17.9399 9.47049 8.6459 8.52289 
14 14 14 14 14 14 14 
14.7014 16.8341 17.1896 15.2938 12.5687 10.91 11.5024 
14.9228 18.0324 17.3688 15.82 14.2171 9.42132 9.71753 
15.224 15.4089 18.3876 17.8415 15.3277 8.7061 8.8542 
13.9352 15.5499 18.4444 16.8833 18.3196 8.33431 8.40836 
12.8978 15.1005 21.0827 15.9998 18.5784 8.12064 8.15767 
13.4944 15.3912 20.8822 15.6135 18.4937 8.03759 8.05611 
12.5586 16.3579 22.2832 15.7015 17.1416 7.96617 7.97542 
12.1616 17.3554 22.7887 16.086 15.6296 7.98308 7.98771 
11.7918 17.6521 21.4176 17.1339 16.0899 7.95425 7.95656 
11.361 17.547 22.453 17.2879 15.4868 7.93061 7.93177 
12.9367 17.8438 20.7503 16.1269 16.4736 7.93356 7.93414 
12.3573 17.5886 20.8196 16.5079 16.7923 7.96678 7.96707 
11.8257 17.0296 21.351 16.4893 17.3373 7.98339 7.98353 
12.596 18.0445 21.5666 16.7842 15.1043 7.95209 7.95216 
13.4576 17.1208 22.6377 16.4907 14.3597 7.96666 7.96669 
13.0818 17.3839 22.7306 17.5395 13.2975 7.98333 7.98335 
10.4788 17.8805 22.5825 18.5549 14.286 8.28761 7.92962 
10.5758 16.4809 22.3121 20.2984 14.3356 8.08812 7.90913 
10.7914 16.5542 22.2802 20.6878 13.7252 8.02532 7.93583 
9.7139 17.9362 22.6174 21.0257 12.7717 7.98993 7.94519 
10.2717 18.9911 22.7142 20.6511 11.5702 7.91202 7.88964 
10.2996 19.3193 21.3067 20.2752 12.838 8.11218 7.8491 
10.1617 19.3255 20.4386 21.9514 12.2662 7.99404 7.8625 
10.6233 20.276 19.2995 21.3531 12.7369 7.88853 7.82276 
11.5475 18.1879 21.8946 19.9736 12.6043 7.91252 7.87963 
12.1519 17.2944 22.109 17.8456 14.7304 7.94259 7.92615 
11.0299 19.0159 22.3448 17.7938 14.0472 7.88835 7.88013 
10.0498 19.973 20.8236 19.4783 13.8841 7.89766 7.89355 
9.84142 18.8168 20.8476 19.3722 14.9696 8.30663 7.84586 
10.7264 18.5316 21.3243 18.3354 15.1862 8.06327 7.83288 
10.3395 17.3227 21.2072 19.8312 15.5315 7.94159 7.82639 
10.5582 16.0548 23.1349 20.066 14.5327 7.8555 7.79791 
10.5172 16.3607 22.5198 19.4377 15.4806 7.85632 7.82753 
10.2705 15.9369 23.3124 20.5781 14.1842 7.86611 7.85171 
10.1353 16.1392 22.6318 20.5329 14.2872 8.44525 7.82829 
9.813 16.2872 23.0057 22.535 12.3519 8.15781 7.84933 
9.04362 15.2358 24.5052 23.6788 11.7315 7.97961 7.82538 
8.45038 15.8322 24.6336 24.4585 10.8658 7.91838 7.84126 
9.48835 15.6855 24.5975 23.3821 10.696 8.34515 7.80534 
9.48233 15.4487 24.1441 24.6586 10.0862 8.28729 7.8927 
8.70751 16.1378 24.0913 25.9111 9.12963 8.10999 7.91269 
8.68544 15.3709 25.1645 25.5793 9.26778 8.01539 7.91674 
8.39335 14.7741 25.4936 24.182 11.2162 8.05833 7.88242 
8.19183 14.1667 25.3376 25.5293 10.8139 8.02432 7.93637 
8.06226 15.4968 24.688 24.3031 10.9358 8.57947 7.93453 
9.24205 14.9444 24.1306 23.9382 10.927 8.88031 7.93749 
8.66143 16.1843 23.6815 22.8277 12.4079 8.35429 7.88289 
8.66142 14.9163 25.6203 23.0936 11.1908 8.63909 7.87845 
9.13367 14.601 25.8643 23 11.2604 8.26043 7.88011 
9.88329 14.8954 25.9701 22.6392 10.6935 8.05427 7.86411 
9.56664 16.0727 25.8601 22.5696 9.97176 8.02713 7.93205 
9.63026 16.8374 25.43 22.5093 9.70527 7.96765 7.92011 
10.4802 16.9162 23.9219 21.8458 10.2714 8.66363 7.90094 
10.8667 16.5144 24.4929 21.6646 9.99501 8.55176 7.91466 
9.66411 15.6931 26.8618 21.9861 9.61289 8.25024 7.93169 
9.60009 15.7074 27.9928 21.3023 8.80129 8.63543 7.96069 
10.4165 14.0181 27.832 23.1169 8.37325 8.29032 7.95295 
9.7652 13.085 26.0679 24.5964 10.5157 8.06921 7.90052 
10.2445 12.3066 26.4388 24.7647 10.4858 7.922 7.83766 
9.91501 13.9253 25.1365 24.2995 10.9424 7.97655 7.80484 
9.86467 15.3181 25.1677 23.0251 10.7762 7.96705 7.8812 
9.08783 15.1657 25.3184 24.7833 9.8117 8.00497 7.828 
9.1918 13.6392 26.7437 23.8001 10.8213 7.94615 7.85766 
9.41824 12.2765 29.6155 23.1945 9.72539 7.90708 7.86284 
9.94472 12.8136 29.8601 22.4611 9.18207 7.88024 7.85812 
11.6481 12.4014 26.7829 22.6747 10.7218 7.89108 7.88001 
9.8396 12.9364 27.5106 22.3477 11.7081 7.83155 7.82602 
11.6321 13.0436 26.495 21.4478 11.3335 8.16235 7.88561 
10.7363 12.6388 27.2103 22.2931 10.321 8.86841 7.93217 
9.95035 12.5189 28.6995 22.3325 10.2818 8.34256 7.87444 
11.0658 12.0668 28.0891 21.3646 11.3732 8.13729 7.90323 
11.3912 11.6192 27.2598 21.7177 12.0899 8.0196 7.90257 
11.9805 11.8152 27.4567 21.7527 11.2125 7.92041 7.8619 
11.8803 12.1903 27.8645 21.3476 10.9728 7.88691 7.85765 
11.0106 12.9966 26.1858 23.6315 10.416 7.88712 7.87249 
11.0302 12.2994 27.1813 23.5561 10.3185 7.81096 7.80365 
11.7289 13.0861 25.5849 24.2058 9.78352 7.80721 7.80356 
12.8845 11.2708 28.1219 23.1344 9.04649 7.7718 7.76997 
12.4595 11.2228 27.528 23.3151 8.9645 8.75696 7.75318 
13.0925 11.9139 28.6099 21.3214 8.96404 8.30005 7.79816 
13.8949 10.8561 26.4087 23.9172 9.09297 8.04051 7.78957 
12.5671 12.4886 26.3168 22.6214 10.1661 8.05484 7.78527 
12.3354 12.7284 26.2708 22.694 10.1263 8.062 7.78313 
12.0248 11.6499 27.7068 23.2041 9.49171 8.031 7.89156 
12.16 11.0162 26.9682 24.99 8.98083 7.97725 7.90753 
12.1928 10.8373 25.8665 24.8775 10.4465 7.90712 7.87226 
11.9699 10.3885 28.8971 23.2821 9.59073 8.01982 7.85179 
12.5676 10.5164 29.8547 22.2853 8.99705 7.93148 7.84747 
14.2957 10.8962 27.3903 21.8251 9.98814 7.82331 7.7813 
15.3522 11.0208 27.0078 21.1293 9.94763 7.78162 7.76062 
15.0114 10.3008 26.6776 22.391 9.61453 8.23213 7.77252 
13.029 10.383 25.8388 23.8408 10.9119 8.18583 7.81068 
13.1516 10.6487 27.0787 22.8349 10.3232 8.07522 7.88764 
13.8929 10.3548 26.4967 23.0028 10.3445 8.00102 7.90724 
15.079 9.8461 28.0074 21.893 9.23853 8.06678 7.86928 
15.2902 9.48232 27.5295 22.4966 9.33051 7.98476 7.88601 
14.3817 10.5795 29.1839 21.5777 8.55747 7.88459 7.83522 
13.8575 10.1382 28.6829 22.7585 8.82419 7.88169 7.857 
13.982 10.0848 27.9778 23.7617 8.48733 7.85934 7.847 
15.5084 10.0897 26.9227 23.0796 8.66007 7.87289 7.86672 
15.7928 9.86801 28.8954 21.3469 8.5101 7.79496 7.79188 
15.7311 10.3471 28.4078 20.6449 9.09835 7.88609 7.88454 
15.0927 11.0733 28.3632 20.2045 9.41643 7.92534 7.92457 
15.5151 10.8491 27.6191 19.321 10.9582 7.86892 7.86854 
16.4877 10.8214 26.9842 19.8192 10.0823 7.90271 7.90252 
16.0464 10.1878 27.5048 20.8969 9.49974 7.93225 7.93215 
14.8486 11.4431 27.0857 21.5595 9.19431 7.93438 7.93433 
14.4579 11.379 26.6927 22.4006 9.18431 7.94272 7.9427 
13.2747 11.4085 27.8888 22.6382 8.84052 8.05633 7.89292 
12.2977 10.5785 27.152 25.3128 8.82278 7.95898 7.87728 
12.6848 10.6814 26.9747 24.7479 9.14995 7.90106 7.86021 
13.5955 11.0506 27.8392 23.0221 8.433 8.27152 7.78813 
15.3381 11.2706 26.8078 21.7595 9.03016 8.01775 7.77605 
15.6236 9.85609 28.5013 21.4317 8.8982 7.90498 7.78413 
15.1497 10.0475 27.9025 21.2961 9.39791 8.38935 7.81698 
14.8564 11.0108 27.3817 21.4895 9.39151 8.07817 7.79198 
14.8585 10.7686 28.7063 21.271 8.56572 8.06385 7.76596 
14.5016 9.98954 29.9782 21.3263 8.3947 7.97929 7.83035 
15.9013 10.7041 26.9268 21.2168 9.38766 7.96889 7.89441 
15.5666 10.8156 27.2051 21.2044 9.32959 7.95795 7.92072 
15.8959 10.8714 27.5098 20.8671 8.96943 7.95249 7.93387 
16.4447 10.6645 27.4804 20.5643 9.05988 7.89781 7.8885 
15.2963 11.2808 27.245 21.5362 9.03155 7.80743 7.80277 
16.0374 10.6739 29.0588 19.4929 9.21376 7.76277 7.76045 
16.4091 10.3027 28.3992 20.5341 8.54524 7.99098 7.81858 
16.2854 10.2019 28.1727 21.2098 8.48137 7.86754 7.78134 
14.7305 9.49283 29.1201 22.0914 8.97042 7.81891 7.77581 
14.1087 9.8451 28.8693 22.8878 8.43258 8.0213 7.83527 
14.6301 10.1414 28.4077 23.0601 8.08834 7.8827 7.78969 
14.9562 9.72186 29.3201 21.829 8.36311 7.92806 7.88156 
13.8926 10.782 27.6535 23.25 8.62234 7.9114 7.88815 
12.9973 10.1681 27.521 24.8416 8.61053 7.93659 7.92496 
13.6642 10.3388 27.614 24.2042 8.28616 7.94919 7.94337 
13.975 10.6511 27.5944 22.8995 8.79424 8.12742 7.9584 
13.8905 10.5494 28.1629 22.4572 9.0613 7.98162 7.89711 
14.7634 9.82018 28.2632 21.9559 9.25792 7.99081 7.94855 
16.0148 9.40649 29.0597 20.87 8.76565 7.95224 7.93111 
14.7955 9.00788 28.4371 23.0178 8.85302 7.94963 7.93907 
15.4201 9.91439 27.0917 22.7029 8.90412 8.07929 7.88744 
15.264 10.173 28.4739 21.6033 8.58875 7.99648 7.90056 
14.2064 11.4879 28.4238 21.1823 8.79265 7.97748 7.92952 
15.2018 10.3214 28.6485 21.6827 8.44562 7.86198 7.838 
17.5312 10.213 28.7842 19.0295 8.92664 7.76374 7.75175 
17.3515 9.48359 29.5436 19.1107 8.84043 7.92228 7.74793 
17.5437 10.0248 28.9227 19.178 8.38248 8.11208 7.83623 
17.9445 10.7678 28.4902 18.2221 8.68764 8.01288 7.87495 
17.6438 10.3655 27.7137 20.1812 8.40286 7.88098 7.81201 
19.1993 9.71103 28.0078 18.3925 8.91841 7.90275 7.86827 
18.1817 9.70626 29.8621 17.7783 8.75025 7.86929 7.85205 
17.5368 9.75178 29.9648 18.3486 8.76702 7.81978 7.81116 
18.2327 9.69732 28.0181 19.3529 9.02637 7.83846 7.83415 
18.5148 9.35994 28.4828 19.0749 8.83649 7.8666 7.86444 
18.3483 9.92472 28.2274 18.978 8.43922 8.30393 7.77838 
18.3578 10.4045 28.0593 18.5026 8.81145 8.06353 7.80075 
18.9727 10.1851 26.7444 19.9042 8.35761 7.98365 7.85227 
18.9203 9.24349 27.3345 20.1408 8.51843 7.95409 7.8884 
20.534 8.64859 28.4323 18.1241 8.62163 7.83611 7.80326 
19.9195 9.53665 27.3436 17.5563 9.90927 7.97211 7.76263 
22.182 9.58314 25.894 16.9263 9.76945 7.87494 7.77021 
22.8767 8.72014 26.697 16.3203 9.70615 7.86604 7.81367 
24.8083 8.57252 29.6489 12.5557 8.88238 7.77918 7.75299 
25.0853 8.27177 30.223 12.2561 8.4267 7.87509 7.862 
24.2448 8.74581 30.1824 12.8657 8.11406 8.01556 7.83171 
24.3258 9.11867 28.481 14.0599 8.29432 7.90609 7.81416 
24.7104 8.55173 28.6892 13.4939 8.32967 8.32567 7.89948 
25.7233 8.26892 29.6224 12.1289 8.15789 8.15589 7.94279 
24.7915 8.16955 30.0743 12.9065 7.93859 8.28847 7.83105 
25.5439 8.52922 28.9261 13.1199 8.04337 8.03312 7.80441 
26.0698 8.34262 28.6474 13.2976 7.92239 7.91727 7.80292 
25.5349 8.2809 28.0223 14.183 8.24202 7.89699 7.83981 
24.2336 8.8397 28.2969 14.7983 8.06838 7.89586 7.86728 
23.5983 9.04948 29.3336 14.4362 7.92308 7.83682 7.82253 
22.4635 9.41984 28.1284 15.7845 8.68182 7.76456 7.75742 
20.7145 10.2272 28.7193 14.7888 9.85815 7.8478 7.84423 
20.8745 11.3205 27.6355 15.153 9.23942 7.88942 7.88763 
21.5267 10.5241 26.2691 16.7205 9.09442 8.03031 7.83487 
22.1669 9.82343 25.2398 16.7813 10.1612 8.05024 7.77708 
22.6219 9.61257 27.5772 14.1599 9.5678 8.29863 8.16205 
