5 80000 300 266
12 12 12 12 12 12 12 12 
13.312 13.0031 14.9598 12.9516 10.2225 8.98661 8.98661 15.5778 
13.5115 14.096 15.7311 13.9881 11.9257 7.49002 7.49002 14.7675 
15.227 15.714 14.3894 14.2969 12.0485 6.71483 6.71483 14.3945 
15.0515 16.9479 13.7546 15.5679 12.5842 6.35328 6.35328 13.1373 
13.8825 16.8231 14.6572 17.6985 13.1706 6.16526 6.16526 11.3125 
12.5939 17.3016 16.4756 16.4032 13.3171 6.0631 6.0631 11.72 
13.0564 17.1498 17.2835 15.0108 14.8593 6.01366 6.01366 10.5817 
11.411 16.4851 17.4796 16.5874 15.291 6.86425 5.98534 9.88067 
10.049 16.436 16.5878 18.2641 18.0107 6.68978 5.95417 8.00055 
11.5149 16.343 15.8901 19.1801 16.89 7.19104 5.95786 7.02912 
10.3387 18.0237 16.1716 17.7674 17.8539 7.43789 5.93459 6.47023 
10.2307 17.1407 16.0101 17.5749 19.2541 7.50217 5.93253 6.35372 
10.353 16.9603 16.4435 18.2443 19.1809 6.75788 5.92456 6.13515 
9.33903 15.6655 17.637 18.0419 19.1544 7.1946 5.93552 7.0319 
10.1367 16.4808 16.3732 17.669 18.1756 7.42434 5.94987 7.7903 
8.97782 15.905 18.4232 19.3798 17.1125 7.36443 5.95847 6.87869 
9.38022 18.0316 17.9567 17.8421 17.5483 6.89368 5.94366 6.40377 
9.17599 18.794 18.5549 18.8001 15.9314 6.42063 5.94562 6.37729 
9.70692 20.0485 19.2568 17.8282 14.7909 6.20928 5.97178 6.18761 
9.20559 20.2616 21.4978 17.0743 12.8356 6.46765 5.95325 6.70409 
10.4851 18.2681 20.7979 18.4881 12.8884 6.76324 5.96682 6.34224 
10.1598 18.399 19.1981 19.0784 14.7775 6.33193 5.93372 6.12143 
9.79218 19.7154 17.4364 17.4261 17.0118 6.58858 5.94305 6.08651 
9.25273 20.4453 15.9624 17.173 18.8909 6.28315 5.96038 6.03211 
8.66677 19.7176 16.8701 17.93 17.0717 7.78804 5.95999 5.99585 
8.46182 18.9312 17.6603 18.2412 16.5379 7.66568 5.93616 6.56571 
8.01879 18.102 17.6685 18.9186 17.0568 8.02476 5.94788 6.26266 
7.34948 19.8303 17.5387 18.0625 17.992 7.15003 5.95977 6.11716 
6.89111 20.7826 18.2236 18.6317 16.3059 7.18125 5.95259 6.03129 
6.42235 19.3721 18.6981 20.2644 15.9733 7.32423 5.95309 5.99244 
6.176 19.1333 19.952 20.1824 16.0269 6.62694 5.94137 5.96104 
6.41802 18.9603 19.4691 21.2741 15.419 6.54409 5.95279 5.96263 
6.16157 17.8538 20.4799 20.608 16.4704 6.56343 5.92896 5.93388 
6.57269 18.188 20.5132 19.0591 17.0409 6.72301 5.95031 5.95277 
7.71672 17.6627 20.0424 19.8995 15.8233 6.96423 5.94497 5.9462 
7.45758 17.9267 19.9434 19.6288 16.3747 6.78951 5.93941 5.94003 
9.16249 17.4878 18.0475 19.1364 17.8583 6.38578 5.96073 5.96104 
8.48195 18.6223 18.4462 17.9269 18.4023 6.18175 5.96922 5.96938 
8.29226 18.4394 19.4795 17.7839 17.2012 6.88574 5.95897 5.95905 
7.13802 19.311 19.4254 16.5492 17.7284 7.90535 5.97137 5.97141 
6.78478 18.9397 17.7521 18.4406 19.1858 7.01284 5.94212 5.94214 
6.36618 20.357 17.495 18.9481 18.1614 6.78263 5.94485 5.94486 
6.70841 19.8607 19.1745 19.4542 16.5286 6.37046 5.95157 5.95158 
6.32605 19.3673 18.6592 20.4153 16.9191 6.26135 5.94763 6.10405 
7.47596 18.5101 19.1591 19.4353 17.3863 6.08955 5.93269 6.0109 
7.32721 18.5272 20.5466 18.5412 16.6692 6.43461 5.95737 5.99648 
7.68146 19.6989 20.876 18.1434 15.5333 6.17489 5.93628 5.95583 
7.63462 21.401 20.2908 17.1125 15.6942 6.03195 5.91265 5.92242 
7.60972 19.3332 19.826 18.0373 17.2782 6.00999 5.95033 5.95522 
7.86736 17.4791 20.3818 18.0811 17.6495 5.97374 5.94392 6.62344 
8.12163 16.2472 20.7118 19.4594 16.6389 6.61302 5.93416 6.27393 
7.78266 16.1549 19.7095 19.9158 16.9874 7.37115 5.95435 6.12423 
8.64593 17.4844 20.2331 18.7513 15.4467 7.46881 5.94241 6.02735 
9.31792 17.168 19.5514 20.1224 15.1905 6.71119 5.948 5.99047 
8.54551 17.5126 18.9669 21.3532 14.0554 7.6098 5.9677 5.98893 
7.26862 20.2232 18.781 19.5093 13.4843 8.76358 5.97972 5.99033 
7.86712 19.6883 18.3852 17.797 15.5781 8.77332 5.95282 5.95813 
7.85221 19.9136 18.8652 17.1822 15.1303 9.14857 5.9526 5.95526 
9.03273 20.2823 18.5235 16.3913 14.4675 9.40032 5.95049 5.95181 
9.00354 20.077 18.984 15.9948 14.5521 9.45443 5.9667 5.96736 
9.29065 20.4917 18.2459 16.5453 14.2792 9.20713 5.96996 5.97029 
8.5308 19.7039 18.4276 17.7307 14.8594 8.84692 5.95022 5.95038 
8.85104 20.5702 17.1696 17.1527 15.1093 9.0091 5.95853 6.17961 
8.74322 20.1998 17.5933 17.6382 15.2838 7.80945 5.96434 6.76784 
9.05744 19.2586 18.3281 18.244 15.7356 7.04637 5.96407 6.36582 
9.64054 20.2257 18.6422 17.9612 14.5771 6.82457 5.96393 6.1648 
10.0409 19.693 19.7624 17.2153 14.1238 7.07213 5.94214 6.15022 
8.91588 21.2126 19.2195 17.519 13.7855 7.32475 5.95933 6.06337 
8.21185 20.5646 19.0988 18.5614 13.41 7.67698 5.95151 6.52491 
8.29095 20.9651 18.6353 19.2477 13.7534 6.92219 5.94932 6.23602 
8.92528 20.3107 17.9106 19.0223 14.9326 6.89826 5.92847 6.07182 
8.11343 19.9437 17.8442 20.0403 15.7203 6.41209 5.9272 5.99887 
7.10971 19.7069 16.9866 19.3519 16.3855 8.50559 5.95899 5.99483 
7.59311 19.2583 16.4635 19.7185 16.1098 8.92867 5.95505 5.97297 
8.04656 19.9292 17.3818 19.4092 14.9549 8.31433 5.97753 5.98649 
7.05699 18.7286 19.3089 18.8619 16.2977 7.80885 5.96629 5.97077 
6.78936 18.1687 19.2196 18.9418 17.3336 7.60008 5.97228 5.97452 
7.39954 19.2178 21.139 16.5704 16.9799 6.77334 5.95944 5.96056 
8.28122 19.7899 20.6939 15.525 17.3701 6.38441 5.97746 5.97802 
9.82623 18.5906 20.4919 16.2909 15.597 7.31706 5.94302 5.9433 
9.60406 18.622 20.6212 16.3132 15.5247 7.41129 5.95164 5.95178 
8.97786 18.4868 20.0359 16.6182 15.2349 8.76059 5.94285 5.94292 
8.74797 17.9949 19.8779 17.7607 15.7271 7.99756 5.94692 5.94696 
9.62538 18.1594 19.1568 18.9921 15.2379 6.95968 5.93436 5.93437 
10.2769 18.7154 19.1554 18.1329 14.9632 6.59382 5.96365 6.19868 
9.78258 18.0429 19.4088 20.2848 14.2367 6.25228 5.93719 6.05471 
9.07707 19.5719 19.2228 20.1768 13.8844 6.10779 5.95025 6.00901 
9.44482 19.9293 18.2663 20.9484 13.4472 6.03074 5.95197 5.98135 
9.07522 19.0139 20.6452 19.9816 12.9664 6.39452 5.95422 5.96891 
8.11742 20.0703 20.7686 21.8453 11.0607 6.19022 5.97007 5.97741 
7.9733 19.9403 21.357 21.3022 11.2836 6.23864 5.95063 5.95431 
7.14894 19.7553 21.0604 22.2263 11.7874 6.10262 5.95861 5.96045 
6.52207 20.9039 22.5935 19.4647 12.6623 5.99891 5.9269 5.92782 
6.24077 19.4507 19.938 20.6382 15.8663 5.97919 5.94319 5.94365 
6.69622 19.4664 19.0319 20.8 15.3314 6.44212 5.9309 6.30105 
6.45844 19.3576 20.3727 20.846 14.6493 6.21402 5.95841 6.14348 
7.30108 18.9603 18.4498 21.6805 15.4684 6.10102 5.97322 6.06575 
8.17907 18.5992 18.1579 21.2 15.7367 6.15225 5.96428 6.01054 
8.83713 18.5544 19.4155 19.314 15.5606 6.44151 5.92685 5.94998 
7.55896 18.6368 18.5132 21.0486 15.9084 6.4843 5.91909 5.93066 
6.74665 17.8411 19.0419 21.5092 16.7926 6.20932 5.92672 5.9325 
6.69436 19.6217 19.1766 20.2872 15.6534 6.17969 5.91539 6.47179 
6.66006 19.6268 19.7723 20.3276 15.3727 6.15733 5.90248 6.18068 
6.44008 19.7416 20.4723 20.4509 13.727 6.42795 5.94167 6.79847 
6.17974 19.3167 21.5712 21.1197 13.3497 6.17367 5.93053 6.35893 
7.53698 16.4492 22.2038 22.4589 13.2854 6.03155 5.90998 6.12418 
8.47146 15.3409 21.8074 23.7294 12.6452 5.98607 5.92529 6.09427 
8.73148 15.4469 22.3253 22.9826 12.3979 5.96995 5.93956 6.20631 
8.87502 15.2168 22.5685 24.8202 10.443 5.96906 5.95386 6.15355 
8.00894 17.0296 22.5527 24.8485 9.65499 5.94019 5.9326 6.03244 
8.18169 16.3629 22.6688 26.4749 8.43509 5.94478 5.94098 5.9909 
8.49135 16.1534 24.2808 24.8446 8.29918 5.96984 5.96794 5.9929 
7.80818 16.2642 23.3904 26.2348 8.21209 6.10992 5.98397 5.99645 
8.011 13.9339 23.9507 26.0248 9.58192 6.50998 5.99068 5.99692 
7.42045 13.7324 25.6352 25.448 9.62344 6.21891 5.95926 5.96238 
7.9561 13.2667 25.4285 27.4261 7.91691 6.08791 5.95808 5.95964 
7.38853 11.9318 27.087 28.6948 6.94262 6.02812 5.96321 5.96399 
7.32947 12.4072 28.3394 27.2938 6.66009 6.01151 5.97905 5.97944 
7.22754 12.3026 26.8509 27.717 8.04019 5.96469 5.94846 5.94866 
7.06854 10.9252 27.4958 29.0595 7.66331 5.93461 5.92649 5.92659 
9.19465 10.0448 26.5511 28.6807 7.74001 5.93226 5.92821 5.92825 
10.2776 9.77802 28.4011 26.8899 6.84226 5.93839 5.93636 5.93639 
10.3135 10.3871 25.9082 28.7748 6.78465 5.94462 5.9436 5.94361 
9.89286 9.32073 25.6063 30.9639 6.36932 5.9493 5.9488 5.9488 
9.3894 9.63384 26.6626 30.2697 6.16875 5.95874 5.95848 5.95849 
9.67451 9.72944 26.05 30.2762 6.44911 5.94034 5.94021 5.94021 
8.75089 8.71087 29.6917 28.8358 6.19352 5.93913 5.93907 5.93907 
8.91492 9.22386 28.7932 27.5758 7.70202 5.93009 5.93006 5.93006 
9.45106 9.60553 27.8409 28.0645 7.30812 5.90999 5.90997 5.90997 
7.78542 9.75068 29.4803 28.0296 7.10458 5.94979 5.94978 5.94978 
8.82138 9.93371 28.9425 27.828 6.60028 5.95803 5.95803 5.95803 
8.85931 10.7939 28.8823 26.8839 6.80891 5.92388 5.92388 5.92388 
9.1417 8.47288 29.5589 28.7561 6.34948 5.90697 5.90696 5.90696 
10.2922 8.02997 27.4038 30.2985 6.15982 5.93856 5.93856 5.93856 
11.8269 6.96857 28.8918 28.5107 6.03349 5.92287 5.92286 5.92286 
13.5801 6.75095 27.9126 27.5887 6.28341 5.96143 5.96143 5.96143 
11.6763 6.78913 28.6819 28.9884 6.08682 5.92583 5.92583 5.92583 
11.5153 7.01974 30.3464 27.4217 5.98459 5.90409 5.90409 5.90409 
10.3996 6.69289 29.0326 30.0239 6.04269 5.93613 5.93613 5.93613 
9.76276 7.13822 28.2695 30.6289 5.97764 5.92436 5.92436 6.37423 
10.6856 6.50617 28.1208 30.8389 5.92588 5.89924 5.89924 6.12418 
11.4388 6.88473 29.0409 28.7139 6.01093 5.93276 5.93276 6.04523 
11.6718 6.38354 28.8762 29.3429 5.94664 5.90756 5.90756 5.96379 
11.1596 7.36443 29.9777 27.8369 5.92296 5.90342 5.90342 5.93154 
12.2912 6.63524 30.0224 27.4084 5.9145 5.90473 5.90473 5.91879 
12.7828 6.28854 30.1819 27.0417 5.92817 5.92329 5.92329 5.93032 
11.8935 6.10163 29.3275 28.9954 5.92145 5.919 5.919 5.92252 
12.4768 6.764 26.9557 30.1827 5.90567 5.90444 5.90444 5.9062 
12.419 6.36811 28.5473 28.633 6.21672 5.93833 5.93833 5.93921 
10.5573 6.66232 30.5055 28.302 6.15184 5.94018 5.94018 5.94062 
11.4664 6.31836 29.4064 28.8736 6.06312 5.95729 5.95729 5.95751 
12.1943 6.09604 28.2862 29.7085 5.96842 5.9155 5.9155 5.91561 
12.4059 6.00104 26.7605 31.163 5.93723 5.91077 5.91077 5.91083 
12.8278 5.99912 25.1655 32.1784 5.96722 5.95399 5.95399 5.95402 
13.1293 6.32403 28.8726 27.7913 5.97563 5.96902 5.96902 5.96903 
12.0725 6.09478 30.03 28.1303 5.92058 5.91727 5.91727 5.91728 
12.35 6.04484 29.4283 28.3509 5.95774 5.95608 5.95608 5.95609 
12.9547 5.98852 31.6633 25.6161 5.94497 5.94414 5.94414 5.94415 
13.1351 7.25525 28.9475 26.7894 5.96849 5.96808 5.96808 5.96808 
11.8194 6.57726 29.15 28.7184 5.93389 5.93368 5.93368 5.93368 
12.8275 6.23384 25.8764 31.414 5.91215 5.91204 5.91204 5.91205 
13.0607 6.07113 29.5556 27.6716 5.91028 5.91023 5.91023 5.91023 
12.1446 6.00782 29.1107 29.0273 5.9274 5.92738 5.92738 5.92738 
13.1013 5.97493 27.164 30.0209 5.93471 5.9347 5.9347 5.9347 
14.2108 6.26044 26.0472 29.6344 5.96179 5.96178 5.96178 5.96178 
14.8817 6.40444 25.2337 29.824 5.91404 5.91404 5.91404 5.91404 
13.9829 6.94054 25.7788 29.6316 5.91652 5.91652 5.91652 5.91652 
12.8652 6.40713 25.7382 31.4091 5.89512 5.89512 5.89512 5.89512 
13.258 6.14007 25.5675 31.4982 5.88407 5.88407 5.88407 5.88407 
14.9981 6.0028 24.5148 30.9851 5.87479 5.87479 5.87479 5.87479 
13.1497 5.99797 26.2985 30.8179 5.93397 5.93397 5.93397 5.93397 
11.5519 6.36805 26.3958 31.8714 5.9532 5.9532 5.9532 5.9532 
11.7728 6.14353 26.1262 32.213 5.9361 5.9361 5.9361 5.9361 
12.6214 6.00002 25.069 32.7244 5.89631 5.89631 5.89631 5.89631 
12.5925 5.97115 29.4275 28.3316 5.91929 5.91929 5.91929 5.91929 
13.5268 5.91873 30.4709 26.2395 6.16565 5.8928 5.8928 5.8928 
14.1708 5.95082 27.3437 28.6468 6.07428 5.93785 5.93785 5.93785 
16.2722 5.91215 25.1929 28.9318 5.97389 5.90567 5.90567 5.90567 
17.8561 6.14426 24.5716 27.763 5.94184 5.90774 5.90774 5.90774 
16.3749 6.03565 27.0274 26.8754 5.93445 5.91739 5.91739 5.91739 
15.5177 5.94993 28.7915 26.1692 5.89932 5.8908 5.8908 5.8908 
17.0181 5.93793 26.1735 27.2327 5.91262 5.90836 5.90836 5.90836 
16.4001 5.90192 26.0756 28.0717 5.88927 5.88714 5.88714 5.88714 
16.4019 5.94781 25.735 28.1526 5.94148 5.94042 5.94042 5.94042 
19.5923 6.79999 24.5197 25.2067 6.10118 5.92673 5.92673 5.92673 
18.9886 6.40687 27.7237 23.0845 5.97155 5.88433 5.88433 6.05615 
19.4322 7.55126 26.5172 22.8 5.93609 5.89247 5.89247 5.97838 
20.9272 6.72162 25.6154 23.1021 5.91403 5.89223 5.89223 5.93518 
23.6425 7.91353 24.6288 20.1773 5.91229 5.90139 5.90139 5.92286 
25.7765 6.94184 25.8965 17.6259 5.94122 5.93577 5.93577 5.94651 
27.443 6.46749 24.9345 17.289 5.96718 5.96446 5.96446 5.96983 
28.1793 6.50397 30.0232 11.6565 5.90958 5.90822 5.90822 5.9109 
29.6251 6.19316 30.9241 9.67443 5.89597 5.89529 5.89529 5.89663 
29.4122 6.78575 32.0241 8.05542 5.93072 5.93037 5.93037 5.93105 
32.7402 6.33405 29.8665 7.43328 5.90653 5.90636 5.90636 5.9067 
32.8155 6.48561 28.7976 8.28891 5.90312 5.90303 5.90303 5.9032 
30.8794 6.22902 32.0098 7.13067 5.93778 5.93773 5.93773 5.93782 
32.6449 6.1032 30.8676 6.55403 5.95758 5.95756 5.95756 5.9576 
33.9922 5.9837 30.1714 6.20911 5.91089 5.91088 5.91088 5.9109 
30.3527 5.92891 34.1067 6.04162 5.89251 5.8925 5.8925 5.89251 
33.2319 6.43668 30.595 6.00692 5.93236 5.93236 5.93236 5.93237 
34.2544 6.20668 29.729 5.9918 5.95452 5.95452 5.95452 5.95452 
32.3101 6.04452 32.0346 5.93708 5.91844 5.91844 5.91844 5.91844 
34.2354 5.99845 30.0798 5.94473 5.93541 5.93541 5.93541 5.93541 
35.1143 5.97036 29.2165 5.9435 5.93884 5.93884 5.93884 5.93884 
34.6815 5.97387 29.5517 5.96044 5.95811 5.95811 5.95811 5.95811 
35.6709 5.96198 28.5954 5.95527 5.9541 5.9541 5.9541 5.9541 
34.1923 6.23378 29.8182 5.95161 5.95103 5.95103 5.95103 5.95103 
35.8962 6.07689 28.3491 5.93581 5.93551 5.93551 5.93551 5.93551 
36.5135 5.99203 27.8876 5.92149 5.92134 5.92134 5.92134 5.92134 
34.633 5.95769 29.7975 5.92242 5.92234 5.92234 5.92234 5.92234 
34.4928 6.93568 28.9275 5.92883 5.9288 5.9288 5.9288 5.9288 
30.4004 6.45738 33.3726 5.95395 5.95394 5.95394 5.95394 5.95394 
31.8927 6.179 32.2919 5.92729 5.92728 5.92728 5.92728 5.92728 
34.1549 6.02636 30.3163 5.9005 5.9005 5.9005 5.9005 5.9005 
32.4682 5.96374 31.1868 6.778 5.90081 5.90081 5.90081 5.90081 
34.4721 6.38218 29.2719 6.32563 5.88703 5.88703 5.88703 5.88703 
29.7559 6.12294 34.525 6.09467 5.87537 5.87537 5.87537 5.87537 
31.6511 6.89534 31.7993 6.00261 5.97283 5.89296 5.89296 5.89296 
35.3808 6.43847 28.2463 6.14548 5.97721 5.93728 5.93728 5.93728 
31.6748 6.65673 31.8575 6.04149 5.95736 5.93739 5.93739 5.93739 
33.0392 6.31002 30.837 6.0024 5.96033 5.95035 5.95035 5.95035 
30.544 6.35623 33.3301 5.97376 5.95273 5.94773 5.94773 5.94773 
32.6095 6.11929 31.6805 5.92806 5.91754 5.91504 5.91504 5.91504 
29.8017 6.05044 34.3985 5.95483 5.94957 5.94832 5.94832 5.94832 
30.3133 6.49845 33.48 5.94413 5.9415 5.94087 5.94087 5.94087 
28.35 6.24773 35.4057 6.12049 5.96925 5.96894 5.96894 5.96894 
32.3823 6.06504 31.8485 6.00142 5.9258 5.92565 5.92565 5.92565 
30.033 5.99862 34.2858 5.96681 5.929 5.92892 5.92892 5.92892 
29.1316 5.94875 34.348 6.91599 5.91394 5.9139 5.9139 5.9139 
32.6968 5.92965 31.3114 6.41327 5.91224 5.91222 5.91222 5.91222 
33.1919 6.87729 29.8467 6.32334 5.94021 5.9402 5.9402 5.9402 
29.6528 6.58765 32.0508 7.84677 5.96549 5.96549 5.96549 5.96549 
32.0117 6.47628 29.6039 8.09595 5.95304 5.95304 5.95304 5.95304 
35.0338 6.20355 27.9815 7.01338 5.94193 5.94192 5.94192 5.94192 
34.9523 6.0538 28.1974 6.45872 6.56875 5.92299 5.92299 5.92299 
33.5912 6.07568 30.1266 6.19103 6.24605 5.92317 5.92317 5.92317 
35.2654 5.97447 28.9736 6.03215 6.05965 5.89821 5.89821 5.89821 
36.5576 5.93274 27.8889 5.96158 5.97534 5.89462 5.89462 5.89462 
35.6913 5.88466 29.0223 5.89908 5.90596 5.8656 5.8656 5.8656 
31.3508 7.16913 31.2122 5.93923 6.56123 5.92249 5.92249 5.92249 
34.6553 6.51099 29.0676 5.89604 6.20703 5.88767 5.88767 5.88767 
31.2443 7.25549 31.6171 5.94802 6.10352 5.94383 5.94383 5.94383 
34.2865 6.62432 29.1647 5.97058 6.04833 5.96849 5.96849 5.96849 
33.2755 6.51857 30.7146 5.8911 5.92998 5.89006 5.89006 5.89006 
35.5366 6.23548 28.6014 5.92174 5.94118 5.92122 5.92122 5.92122 
36.2501 6.08804 27.9971 5.93117 5.94089 5.93091 5.93091 5.93091 
34.2025 7.5053 28.5608 5.91171 6.08492 5.91158 5.91158 5.91158 
35.6224 6.7104 28.0128 5.9136 6.00021 5.91354 5.91354 5.91354 
35.5364 6.60483 28.1866 5.91101 6.02817 5.91098 5.91098 5.91098 
35.8261 6.28367 28.1478 5.93677 5.99534 5.93675 5.93675 5.93675 
36.6442 6.08746 27.6691 5.914 5.94329 5.91399 5.91399 5.91399 
32.49 6.04223 31.6756 5.9555 5.97015 5.9555 5.9555 5.9555 
28.9886 6.39443 34.7284 5.97625 5.98357 5.97625 5.97625 5.97625 
31.0805 6.17628 32.9036 5.96719 5.97085 5.96719 5.96719 5.96719 
30.8604 6.97534 31.4671 5.95616 6.87262 5.95616 5.95616 5.95616 
35.0467 6.43752 28.4179 5.92793 6.38616 5.92793 5.92793 5.92793 
33.0745 6.17152 30.7444 5.91672 6.34269 5.91672 5.91672 5.91672 
32.7744 6.35036 31.2657 5.87932 6.09231 5.87932 5.87932 5.87932 
34.804 6.16387 29.2839 5.92835 6.03484 5.92835 5.92835 5.92835 
31.9181 6.71097 31.7118 5.92117 5.97441 5.92117 5.92117 5.92117 
33.8621 6.3512 29.9786 5.9563 5.98293 5.9563 5.9563 5.9563 
34.6601 6.69486 27.9375 5.9662 6.84272 5.9662 5.9662 5.9662 
30.6956 6.3265 32.7288 5.96217 6.40043 5.96217 5.96217 5.96217 
28.4662 6.4616 34.9551 5.97958 6.19871 5.97958 5.97958 5.97958 
31.8147 6.19816 32.0918 5.95715 6.06672 5.95715 5.95715 5.95715 
12 12 12 12 12 12 12 12 
15.0954 13.7038 13.9026 14.002 12.66 8.98211 8.98211 10.672 
15.1582 14.9124 14.8482 15.1843 12.5084 7.47796 7.47796 11.4325 
13.8783 16.0302 14.1607 16.7785 14.1282 6.71361 6.71361 11.0969 
12.6889 16.8007 16.234 16.1169 14.1018 6.34668 6.34668 11.1142 
11.0901 17.0109 17.4125 16.2776 14.9766 6.15769 6.15769 10.7919 
11.0005 16.9139 17.465 17.3981 14.9958 6.6324 6.0318 9.50007 
13.6337 18.6759 15.7189 15.5291 15.8399 6.86156 5.98774 7.72188 
11.8747 19.9834 16.6263 14.9418 16.5905 6.99533 5.98038 6.99196 
10.7488 20.1108 17.589 14.0681 18.0671 6.47385 5.96638 6.9682 
11.0303 19.6561 15.6386 15.1139 17.9214 7.89472 5.97749 6.76357 
10.7836 18.3894 15.8233 15.9156 19.1431 7.54412 5.9776 6.4213 
9.50768 19.0016 16.3974 15.8338 19.5309 7.53222 5.98677 6.20862 
9.8122 19.6175 15.7376 15.4558 20.5631 6.73304 5.96031 6.11987 
10.4561 19.3088 15.4688 15.5279 20.2816 6.36652 5.98015 6.60994 
10.1583 17.9711 17.4954 16.3297 19.6029 6.17131 5.97813 6.29302 
10.8047 17.9194 16.7931 17.0493 18.9328 6.44202 5.95056 6.10801 
9.2211 17.6664 17.5106 17.3841 19.3951 6.17417 5.92844 6.71999 
7.63635 19.2003 17.3366 17.4222 19.519 6.60891 5.94041 6.33619 
7.10697 19.9804 17.4042 17.8581 18.8037 6.74741 5.95068 6.14857 
7.72015 18.6927 19.4088 17.5261 18.3681 6.32729 5.92893 6.02787 
8.25511 20.1013 18.4428 16.9843 18.0775 6.16261 5.96343 6.0129 
8.2226 18.9485 18.0182 19.0584 17.5827 6.21579 5.96453 5.98926 
9.02021 18.0775 17.0556 19.7519 16.4837 7.66255 5.96809 5.98046 
8.23404 18.8699 17.4156 19.7568 16.4345 7.3566 5.96319 5.96938 
8.68071 17.8101 16.9826 18.4541 17.9966 7.99124 5.94047 6.14417 
8.13134 17.3067 18.0712 18.807 17.7073 7.99152 5.94155 6.04339 
7.34436 17.7662 18.2449 19.2878 18.2558 6.98515 5.96017 6.15574 
7.77208 17.884 17.7935 19.8701 17.5162 7.16835 5.94898 6.04677 
7.88214 19.4196 18.5459 19.3892 15.9218 6.89802 5.9472 5.99609 
7.93905 18.8697 18.1798 20.1197 15.7544 7.19395 5.95943 5.98388 
7.67323 19.9801 17.7833 20.6566 15.3875 6.58051 5.96325 5.97548 
7.47207 20.3486 18.7522 19.4916 14.8651 7.12492 5.96967 5.97579 
6.69788 20.7667 18.5127 19.7358 14.7619 7.57852 5.94668 5.99994 
6.78132 20.1169 16.7871 20.2162 15.7313 8.195 5.94465 6.22743 
6.37046 21.5231 15.2117 19.8051 16.3 8.59245 5.95212 6.24503 
6.38645 20.162 18.1242 18.4391 16.585 8.20883 5.97403 6.12048 
6.17905 18.0263 19.2341 19.4928 17.9585 7.09024 5.97284 6.04607 
7.52252 19.4771 18.8954 17.5815 17.7937 6.741 5.97611 6.01273 
8.67197 18.4191 20.5588 15.6856 18.123 6.59471 5.96425 5.98255 
8.10381 19.291 20.9719 16.4986 16.9536 6.30143 5.93528 5.94443 
7.71432 18.0319 20.3585 16.6888 18.1902 7.1316 5.94004 5.94462 
7.17011 18.7509 19.8123 17.3658 17.6578 7.33746 5.92619 5.97944 
6.83629 17.9469 19.8076 18.7814 17.3018 7.46184 5.91876 5.94539 
6.40244 18.607 18.8567 18.8148 16.8708 8.54767 5.94367 5.95699 
6.39594 18.8877 20.1789 18.6873 15.7376 8.1785 5.96372 5.97038 
6.18151 19.629 19.7088 19.0659 15.7906 7.43287 5.9654 6.22593 
7.67243 19.4759 18.7189 17.8995 17.0587 6.95349 5.97075 6.25042 
7.33776 20.2426 18.9372 18.682 16.2018 6.51485 5.97199 6.11182 
7.60263 19.5416 19.6653 18.813 15.6579 6.77709 5.9363 6.00622 
7.10667 18.6375 20.798 17.7486 16.6432 7.11363 5.95871 5.99367 
6.50398 17.0977 20.002 19.7649 18.2465 6.50746 5.93 5.94748 
6.92846 18.3905 19.6164 20.1765 16.7024 6.25147 5.96274 5.97148 
7.24574 18.4389 19.262 20.2773 16.1243 6.69716 5.97507 5.97944 
7.13969 18.4448 17.684 19.7207 17.6952 7.42605 5.9437 5.94588 
6.5479 17.7908 18.0896 19.944 17.5728 8.04949 5.94991 6.05549 
6.54648 18.0692 18.6478 19.4677 17.4237 7.18998 5.9256 6.72946 
6.24027 15.9027 18.5547 20.7778 18.9316 6.56202 5.92983 7.101 
6.12443 16.696 20.5434 20.6357 17.3521 6.23166 5.91556 6.50114 
6.05367 18.1771 18.4982 20.4674 18.5051 6.10728 5.94923 6.24202 
6.89336 17.5101 18.73 21.3566 16.8267 6.65534 5.94072 6.08711 
6.84732 19.8071 18.7168 20.03 15.9585 6.67517 5.94592 6.01911 
6.39606 19.67 19.3902 18.4014 17.0557 7.00001 5.94536 6.14119 
6.17675 19.835 18.7909 20.4241 15.6555 7.11702 5.9514 6.04932 
7.34614 19.2386 19.0042 18.7276 16.4008 7.29844 5.96765 6.0166 
7.82223 18.863 19.166 18.5025 14.6605 8.32359 5.97752 6.68477 
9.72507 17.4049 18.2762 19.1073 15.1929 7.98239 5.97879 6.33242 
7.84915 18.0742 19.2823 18.05 16.9682 7.64722 5.97601 6.15282 
8.82435 19.2821 17.4919 17.3769 18.2837 6.77461 5.93901 6.02741 
7.45839 19.1999 17.3594 17.617 18.5431 7.48395 5.9632 6.37505 
6.68743 18.5907 17.9604 17.2192 20.1764 6.81622 5.93984 6.6098 
7.93087 17.5522 18.2692 17.9559 18.9758 6.96316 5.95157 6.40123 
8.83696 17.9303 17.8605 17.0079 19.231 6.96123 5.97364 6.19847 
7.61804 17.5335 18.5832 18.3196 19.0515 6.84287 5.96947 6.08188 
8.07523 18.3799 18.9617 17.5785 18.115 6.94817 5.94264 5.99885 
7.83441 19.7247 17.9835 18.8962 16.8115 6.62917 5.96597 6.1545 
7.93599 18.9438 18.3341 19.4168 17.0697 6.28953 5.95793 6.0522 
8.20626 20.1821 19.1327 18.5285 15.8659 6.123 5.9572 6.00434 
7.78616 18.4058 18.9972 19.0857 17.3079 6.52132 5.93619 5.95976 
7.79498 17.1182 19.755 19.1861 17.7398 6.21495 5.92239 6.26862 
7.84938 17.4365 18.6977 19.5014 17.1746 6.08571 5.93943 7.31529 
8.95982 17.1492 20.1217 16.835 18.3063 6.0288 5.95566 6.6436 
9.6169 17.3075 18.9079 18.2919 17.6577 5.98244 5.94587 6.28983 
9.08096 16.7369 19.8465 19.4808 16.4501 6.39769 5.91751 6.08949 
9.5463 17.507 19.6439 19.5774 15.6174 6.16741 5.92732 6.01331 
9.66826 17.9027 18.4466 20.861 15.1513 6.05573 5.93569 5.97868 
10.8714 17.2389 18.4988 18.0595 17.1256 6.10141 5.93162 6.17266 
10.708 17.4839 17.5345 18.5894 16.9058 6.46901 5.92062 6.38876 
9.40351 19.0907 17.7661 18.9685 16.4394 6.21538 5.94119 6.17526 
8.4603 18.3153 18.9058 19.7348 16.3063 6.29676 5.93187 6.0489 
8.17159 18.5608 18.4056 19.721 16.3175 6.13261 5.95017 6.74067 
8.37788 16.8055 18.6231 21.1203 16.7987 6.0206 5.92938 6.32463 
7.17401 17.5712 18.9064 21.3277 16.9281 5.99537 5.94976 6.14739 
7.16262 17.4022 20.4145 19.515 17.0221 6.45607 5.96433 6.06314 
6.98653 17.4412 20.4797 20.2569 15.889 6.17923 5.93336 6.83407 
7.1275 18.5096 21.2598 19.2727 15.3888 6.07906 5.95613 6.40648 
9.39082 17.9014 19.4645 19.1601 16.0277 5.98439 5.92293 6.1481 
10.2034 16.6618 20.4422 19.9228 14.1338 6.23577 5.96024 6.44002 
9.80967 17.1509 20.8289 19.4966 14.4567 6.09762 5.95986 6.19975 
11.0462 16.1073 21.5385 19.8873 12.7324 6.29331 5.93474 6.46025 
10.8581 17.6691 20.5707 19.3729 12.5697 6.8067 5.94504 6.20779 
11.6867 17.0554 21.5124 19.073 11.1315 6.34814 5.9173 7.27567 
10.3321 18.8768 20.9183 19.8233 11.3014 6.16659 5.95117 6.63036 
10.0752 18.2869 21.1864 21.548 10.6204 6.05299 5.94528 6.28487 
8.628 18.6514 23.0932 21.1463 10.3634 6.01852 5.96466 6.13446 
10.6337 18.4335 20.3446 21.5397 10.634 5.98324 5.95631 6.47491 
9.71318 17.8782 20.4085 22.5153 11.4194 5.94437 5.93091 6.19021 
9.62809 18.2805 20.5537 22.6152 11.0188 5.92918 5.92244 6.0521 
10.7118 17.9869 21.0894 20.6785 11.2106 5.91347 5.91011 6.49918 
9.90727 16.2106 22.4433 21.1975 12.1072 5.94763 5.94595 6.24049 
8.97961 16.5469 24.0139 21.1182 11.3134 5.96083 5.95999 6.10726 
9.08678 18.0341 24.0976 20.8866 10.0018 5.94011 5.93969 6.01333 
10.5409 17.3504 23.7912 22.312 8.15745 5.93723 5.93702 5.97383 
10.4974 16.6532 24.4816 21.6787 8.89303 5.92597 5.92587 5.94428 
10.488 14.9243 25.1127 22.0942 9.55648 5.93841 5.93835 5.94756 
10.3195 15.4868 24.2848 21.5409 10.6081 5.91845 5.91842 5.92302 
8.96128 15.2176 23.8692 24.3658 9.81438 5.92314 5.92313 5.92543 
7.95107 14.4212 25.5593 25.6791 8.57043 5.91787 5.91786 5.98328 
8.20834 13.8905 27.5283 24.4797 8.05506 5.93513 5.93512 5.96783 
7.10145 13.8935 29.568 24.5015 7.0248 5.96484 5.96484 5.98119 
6.48814 14.418 30.0458 24.8305 6.44982 5.91984 5.91984 5.92802 
6.24152 15.6911 26.9489 26.701 6.54124 5.95737 5.95737 5.96146 
6.94626 14.2885 26.3604 27.78 6.82767 5.9317 5.9317 5.93375 
6.41816 14.7359 27.3163 27.4371 6.35886 5.91088 5.91088 5.9119 
7.67716 12.6871 26.1404 29.5342 6.15815 5.93416 5.93416 5.93467 
7.70124 12.7813 27.591 28.2149 6.01184 5.89984 5.89984 5.9001 
6.82513 12.623 26.8975 29.9006 5.98042 5.92443 5.92443 5.92455 
6.6576 10.6161 28.4818 30.447 5.97034 5.94235 5.94235 5.94241 
6.5546 11.2435 29.6603 28.7719 5.95291 5.93891 5.93891 5.93895 
7.47216 10.0873 30.7977 27.3765 6.42707 5.94645 5.94645 5.94647 
9.55505 8.70742 31.6345 26.1882 6.15894 5.91863 5.91863 5.91864 
10.4419 9.59847 30.013 25.8913 6.36618 5.89638 5.89638 5.89638 
11.6262 9.57048 27.817 27.194 6.12427 5.88937 5.88937 5.88937 
13.1568 9.16024 27.6585 26.2533 6.03088 5.91343 5.91343 5.91343 
13.7936 8.69404 27.9432 25.7849 5.99013 5.9314 5.9314 5.9314 
13.8939 8.13711 27.8929 26.2306 5.9834 5.95404 5.95404 5.95404 
16.6386 7.81305 24.7394 27.1388 5.92856 5.91388 5.91388 5.91388 
14.6541 7.30019 29.1872 25.2587 5.90546 5.89811 5.89811 5.89811 
14.2211 7.06083 30.4862 24.5307 5.92805 5.92438 5.92438 5.92438 
16.3802 7.7439 27.6729 24.5547 5.91347 5.91163 5.91163 5.91163 
15.6469 6.85468 27.1802 26.563 5.93946 5.93855 5.93855 5.93855 
17.6012 6.90882 25.6642 25.9482 6.08084 5.93224 5.93224 5.93224 
17.1848 7.03673 25.9419 26.0076 6.01298 5.93868 5.93868 5.93868 
16.9871 6.53751 26.8885 25.2277 6.61474 5.91485 5.91485 5.91485 
18.6421 6.23905 27.7182 23.1749 6.44268 5.92772 5.92772 5.92772 
18.7402 8.22157 26.3395 22.655 6.20407 5.94659 5.94659 5.94659 
17.2024 7.43357 28.6761 22.9572 6.02925 5.90051 5.90051 5.90051 
19.4297 7.56853 25.6026 23.1065 6.503 5.92991 5.92991 5.92991 
18.8057 7.24747 25.9326 24.0352 6.20965 5.92311 5.92311 5.92311 
19.1685 7.37373 26.2475 22.7989 6.62045 5.9303 5.9303 5.9303 
19.362 7.46464 26.9756 22.1402 6.27319 5.92811 5.92811 5.92811 
20.6916 7.27682 26.5346 21.7036 6.07777 5.90523 5.90523 5.90523 
21.1081 6.62795 25.8981 22.511 6.02842 5.94215 5.94215 5.94215 
19.1818 6.3031 25.517 25.1142 6.00334 5.96021 5.96021 5.96021 
17.6147 6.12332 26.1314 26.3015 5.97344 5.95187 5.95187 5.95187 
16.86 7.45405 24.3395 27.6456 5.98818 5.90419 5.90419 5.90419 
16.9646 6.7866 25.6963 26.7858 5.97316 5.93116 5.93116 5.93116 
17.6516 6.91995 25.8576 25.7753 5.96464 5.94364 5.94364 5.94364 
19.6954 6.43904 26.8579 23.1936 5.96138 5.95088 5.95088 5.95088 
19.6782 7.45681 26.0561 23.0375 5.94679 5.94154 5.94154 5.94154 
23.5355 6.6987 24.6617 21.3372 5.94369 5.94107 5.94107 5.94107 
25.4996 6.90347 24.2048 19.5539 5.96054 5.95923 5.95923 5.95923 
28.2062 7.08244 27.9738 13.0965 5.98857 5.88418 5.88418 5.88418 
27.2975 8.09369 30.4221 10.6377 5.92638 5.87419 5.87419 5.87419 
30.8718 7.15762 29.9303 8.42964 5.92222 5.89612 5.89612 5.89612 
30.9121 7.08021 30.5114 7.92631 5.90229 5.88924 5.88924 5.88924 
33.7305 6.52924 28.435 7.5637 5.94027 5.93375 5.93375 5.93375 
30.774 6.26034 31.7639 7.34818 5.96586 5.9626 5.9626 5.9626 
30.8832 6.10727 31.6071 7.56722 5.96003 5.9584 5.9584 5.9584 
31.8712 6.04083 30.4551 7.76654 5.96721 5.9664 5.9664 5.9664 
28.8144 5.98185 31.8942 9.53065 5.94504 5.94463 5.94463 5.94463 
31.7175 5.95644 29.1195 9.45498 5.93804 5.93783 5.93783 5.93783 
31.8132 5.96967 29.6595 8.71609 5.96047 5.96037 5.96037 5.96037 
33.7291 5.96681 26.9657 9.48981 5.96221 5.96215 5.96215 5.96215 
29.748 5.9742 32.0411 8.3492 5.9719 5.97187 5.97187 5.97187 
32.5421 5.91986 29.6829 8.18032 5.91871 5.9187 5.9187 5.9187 
34.9559 5.95472 27.9274 7.34537 5.95415 5.95414 5.95414 5.95414 
30.8849 5.97421 32.5757 6.66953 5.97392 5.97392 5.97392 5.97392 
32.2534 5.94526 31.728 6.29292 5.94511 5.94511 5.94511 5.94511 
34.8855 5.93455 28.1348 7.30725 5.93447 5.93447 5.93447 5.93447 
32.0542 5.92335 31.7194 6.60971 5.92332 5.92332 5.92332 5.92332 
34.3402 5.9252 29.7655 6.26838 5.92518 5.92518 5.92518 5.92518 
30.002 5.91245 34.3518 6.08404 5.91244 5.91244 5.91244 5.91244 
34.0828 5.8974 30.447 5.9832 5.8974 5.8974 5.8974 5.8974 
30.5773 5.91831 33.3865 6.44464 5.91831 5.91831 5.91831 5.91831 
33.724 5.95235 30.2987 6.21552 5.95235 5.95235 5.95235 5.95235 
35.4837 5.90873 27.5394 7.43327 5.90873 5.90873 5.90873 5.90873 
32.5538 5.93242 29.2086 8.57557 5.93242 5.93242 5.93242 5.93242 
33.049 5.89343 30.2688 7.215 5.89343 5.89343 5.89343 5.89343 
33.3349 5.89212 29.5022 7.70233 5.89212 5.89212 5.89212 5.89212 
34.7209 5.91783 28.867 6.82293 5.91783 5.91783 5.91783 5.91783 
30.9021 6.60475 31.621 7.1317 5.9351 5.9351 5.9351 5.9351 
32.4194 6.24355 28.7818 8.9203 5.90873 5.90873 5.90873 5.90873 
30.1288 6.30996 32.2758 7.64833 5.90926 5.90926 5.90926 5.90926 
27.4663 6.13771 35.8396 6.8069 5.93736 5.93736 5.93736 5.93736 
29.2043 6.02244 33.602 7.48221 5.92227 5.92227 5.92227 5.92227 
30.2899 5.94785 31.6387 8.53245 5.89776 5.89776 5.89776 5.89776 
32.0781 5.95358 27.956 10.2982 5.92853 5.92853 5.92853 5.92853 
29.5383 5.91796 31.8513 9.07067 5.90544 5.90544 5.90544 5.90544 
32.6475 5.92634 29.4271 8.31872 5.92008 5.92008 5.92008 5.92008 
34.2075 5.9438 27.3067 8.77933 5.94067 5.94067 5.94067 5.94067 
33.5717 5.95252 27.2152 9.45673 5.95096 5.95096 5.95096 5.95096 
30.6026 6.79306 30.7068 8.08714 5.95258 5.95258 5.95258 5.95258 
33.2479 6.31806 29.8776 6.96511 5.89783 5.89783 5.89783 5.89783 
31.461 6.41804 32.263 6.39851 5.86486 5.86486 5.86486 5.86486 
34.6417 6.14598 29.5985 6.13622 5.8694 5.8694 5.8694 5.8694 
31.9138 6.06838 32.234 6.0635 5.93009 5.93009 5.93009 5.93009 
34.7163 5.98427 29.5058 6.13311 5.91512 5.91512 5.91512 5.91512 
35.3334 6.91775 28.0449 6.02799 5.91899 5.91899 5.91899 5.91899 
32.2857 6.41378 31.6741 5.96889 5.9144 5.9144 5.9144 5.9144 
34.9312 6.19769 29.1039 5.97524 5.948 5.948 5.948 5.948 
30.4685 6.04424 33.0146 6.79509 5.9194 5.9194 5.9194 5.9194 
32.8479 6.9994 29.0073 7.37482 5.94265 5.94265 5.94265 5.94265 
30.3536 6.43225 32.9054 6.69327 5.90388 5.90388 5.90388 5.90388 
32.047 6.19322 29.9642 8.07946 5.92904 5.92904 5.92904 5.92904 
29.7085 6.23117 32.4133 7.86236 5.94617 5.94617 5.94617 5.94617 
32.7847 6.03818 30.7406 6.85377 5.89568 5.89568 5.89568 5.89568 
34.8984 5.98006 28.4928 6.99351 5.90881 5.90881 5.90881 5.90881 
35.6591 5.92213 27.7495 7.1233 5.8865 5.8865 5.8865 5.8865 
32.2865 5.92298 31.0115 7.15826 5.90517 5.90517 5.90517 5.90517 
34.7935 5.93682 29.0036 6.55446 5.92791 5.92791 5.92791 5.92791 
31.4369 5.90537 32.625 6.42909 5.90092 5.90092 5.90092 5.90092 
34.3638 5.92072 29.4784 6.5631 5.9185 5.9185 5.9185 5.9185 
31.394 6.20042 32.5595 6.22706 5.90476 5.90476 5.90476 5.90476 
30.977 6.06021 32.1998 7.11353 5.91238 5.91238 5.91238 5.91238 
28.4039 7.18418 34.1512 6.65344 5.90181 5.90181 5.90181 5.90181 
27.4349 6.52395 36.2515 6.25857 5.88276 5.88276 5.88276 5.88276 
28.316 6.25467 35.352 6.34097 5.93408 5.93408 5.93408 5.93408 
26.8867 6.0999 35.0541 8.20097 5.9396 5.9396 5.9396 5.9396 
27.6649 6.04396 31.3743 11.0616 5.96381 5.96381 5.96381 5.96381 
28.1816 5.98056 28.631 13.445 5.94049 5.94049 5.94049 5.94049 
27.7971 5.92734 26.2735 16.3728 5.90731 5.90731 5.90731 5.90731 
28.3083 5.91506 26.5048 15.6517 5.90504 5.90504 5.90504 5.90504 
27.499 5.9038 32.1432 10.8588 5.89879 5.89879 5.89879 5.89879 
30.108 5.9391 28.4471 11.7594 5.9366 5.9366 5.9366 5.9366 
27.7227 5.96805 33.4889 8.95316 5.9668 5.9668 5.9668 5.9668 
27.4712 5.96801 33.2656 9.42564 5.96739 5.96739 5.96739 5.96739 
29.0517 5.98239 29.5177 11.5199 5.98207 5.98207 5.98207 5.98207 
32.2678 5.92374 27.1489 10.9653 5.92359 5.92359 5.92359 5.92359 
29.9329 5.94313 31.8879 8.46389 5.94305 5.94305 5.94305 5.94305 
31.8907 7.14467 30.1634 7.16857 5.90816 5.90816 5.90816 5.90816 
33.0811 6.55247 29.9824 6.6472 5.93421 5.93421 5.93421 5.93421 
30.0442 6.26894 32.8744 6.97324 5.95981 5.95981 5.95981 5.95981 
31.8896 6.07121 31.9492 6.42336 5.91665 5.91665 5.91665 5.91665 
29.392 6.00738 34.3996 6.48063 5.93009 5.93009 5.93009 5.93009 
30.9515 5.97901 32.2216 7.08647 5.94037 5.94037 5.94037 5.94037 
33.3787 5.98523 28.8069 7.96549 5.96591 5.96591 5.96591 5.96591 
31.0511 5.95614 31.4247 7.78214 5.94648 5.94648 5.94648 5.94648 
33.6855 5.93807 29.7924 6.85107 5.93324 5.93324 5.93324 5.93324 
34.5351 5.96903 28.2808 7.34861 5.96662 5.96662 5.96662 5.96662 
30.8893 5.94926 32.65 6.71918 5.94805 5.94805 5.94805 5.94805 
31.1546 5.92025 32.9413 6.30521 5.91965 5.91965 5.91965 5.91965 
28.1812 5.93796 34.6147 7.51548 5.93766 5.93766 5.93766 5.93766 
30.8051 5.91016 31.2241 8.42058 5.91001 5.91001 5.91001 5.91001 
32.3584 5.95192 28.0726 9.80966 5.95185 5.95185 5.95185 5.95185 
28.7879 5.94698 31.2827 10.1947 5.94694 5.94694 5.94694 5.94694 
29.2632 5.91466 32.308 8.85551 5.91465 5.91465 5.91465 5.91465 
30.489 5.91636 29.6593 10.2699 5.91635 5.91635 5.91635 5.91635 
28.9613 6.20302 32.8238 8.37981 5.90803 5.90803 5.90803 5.90803 
30.8282 6.04702 30.6976 8.82908 5.89952 5.89952 5.89952 5.89952 
29.188 5.96937 33.5813 7.67887 5.89562 5.89562 5.89562 5.89562 
32.2578 5.97614 29.1126 8.89642 5.93926 5.93926 5.93926 5.93926 
32.7709 6.16854 29.1273 8.2204 5.92821 5.92821 5.92821 5.92821 
34.8553 6.0209 27.083 8.43786 5.90074 5.90074 5.90074 5.90074 
32.4677 5.97045 30.7415 7.17893 5.91037 5.91037 5.91037 5.91037 
32.5604 5.96796 31.1478 6.5722 5.93792 5.93792 5.93792 5.93792 
34.2884 5.91713 29.0801 7.10602 5.90211 5.90211 5.90211 5.90211 
12 12 12 12 12 12 12 12 
10.3407 13.967 14.022 14.7363 13.9121 8.96703 8.96703 13.0879 
10.166 15.1938 16.6113 14.9268 13.2984 7.48091 7.48091 13.842 
9.12287 14.9946 18.1693 17.5368 14.624 6.73101 6.73101 11.5904 
10.4228 14.6838 18.7177 19.2679 13.9379 6.32167 6.32167 10.0766 
10.2404 15.2723 17.9178 20.9009 13.4003 6.73917 6.1589 9.24525 
10.5971 14.6711 20.2904 21.7347 12.6491 6.34409 6.05396 7.59713 
11.3855 15.6447 20.3384 21.5437 12.0734 6.16721 6.02215 6.79373 
11.4638 16.7457 19.626 20.6651 12.1473 7.01183 5.96937 6.35516 
10.8907 16.0614 19.6345 21.4437 12.6708 6.58131 5.96087 6.74901 
9.87319 17.3342 21.26 20.5726 12.2558 6.37523 5.96551 6.35958 
8.99751 19.1747 20.0209 20.2355 12.7777 6.53787 5.97768 6.27624 
7.67651 20.6102 18.3024 20.8923 13.3898 6.49634 5.96799 6.66344 
7.45446 19.8036 20.048 20.3305 12.6737 7.15367 5.97339 6.56219 
8.44972 20.0771 18.69 20.0971 13.4449 6.54665 5.95651 6.73777 
8.1016 20.5753 19.4345 20.0386 12.4382 7.10036 5.96036 6.35099 
7.11593 19.4352 20.0142 20.6515 13.6425 6.51953 5.94953 6.67166 
7.73692 18.1738 20.774 22.4201 12.3276 6.25878 5.97378 6.33485 
7.15129 17.4202 20.7406 22.6242 13.6891 6.2607 5.96669 6.14722 
8.18949 18.2387 18.6451 21.944 14.4674 6.54058 5.94222 6.03249 
10.5269 19.0691 17.5638 20.4695 14.2186 6.23512 5.93593 5.98107 
9.26924 19.4766 18.4827 20.949 13.7695 6.10984 5.96025 5.98281 
9.08136 19.1489 18.9621 20.1436 12.831 7.8636 5.97909 5.99037 
10.3823 17.9903 19.7781 19.9728 12.4056 7.54566 5.95984 5.96548 
9.41054 19.7019 20.0156 19.5855 12.6901 6.72642 5.93351 5.93633 
9.18136 19.973 17.5867 19.9657 15.0938 6.31336 5.91691 5.96918 
9.47234 19.6019 16.7815 19.1545 15.4364 7.69317 5.91703 5.94317 
8.32183 18.1675 16.9067 20.2346 16.3338 8.12945 5.94656 5.95963 
7.32418 19.1858 18.4533 18.6377 15.4118 9.11575 5.93247 5.939 
8.20754 18.122 18.2154 18.9716 15.7753 8.84797 5.92844 5.93171 
7.30259 17.624 17.6215 19.5744 16.9428 9.09918 5.91698 5.91861 
6.63272 16.7299 19.0747 18.8781 17.8556 8.94842 5.93991 5.94073 
6.67343 16.5542 19.456 18.5438 17.7274 9.20463 5.92011 5.92052 
7.06501 16.3465 18.7167 19.18 17.6992 8.5349 5.92226 6.53534 
8.42162 15.0785 20.2455 17.9065 18.275 7.84608 5.93492 6.29186 
7.40339 16.3446 19.34 17.6556 18.7153 8.19698 5.95407 6.39001 
7.58275 17.1441 18.8434 17.4468 18.783 7.52591 5.95083 6.72323 
8.62003 16.9833 19.3905 17.4461 17.5431 7.76088 5.93491 6.32112 
7.69348 17.8364 18.6104 18.766 17.5256 7.04908 5.92127 6.59772 
7.85941 19.6363 18.2809 17.8307 17.1049 7.11482 5.91734 6.25557 
7.58292 18.106 18.4643 18.4028 16.9494 8.41019 5.95758 6.12669 
8.30923 16.718 19.3337 18.9984 17.2057 7.20002 5.97371 6.26132 
7.1284 18.0364 17.8322 20.1847 17.6754 7.07783 5.96065 6.10445 
6.54631 18.8095 16.9181 20.1818 17.9828 7.51506 5.96243 6.08403 
6.22572 18.456 18.5752 18.1257 19.3012 7.38773 5.93378 5.99458 
6.11286 18.178 18.7376 18.4629 19.6006 6.94387 5.96689 5.99729 
6.42945 19.1089 19.9839 17.416 18.2824 6.84495 5.95964 5.97484 
6.22186 19.4423 18.3508 19.1565 18.5704 6.37864 5.93599 5.94359 
6.7057 19.5795 17.2908 20.1447 18.1087 6.23943 5.96364 5.96744 
6.33026 21.6481 17.1156 19.2099 17.6786 6.09713 5.95923 5.96113 
6.14455 20.629 19.2295 18.2182 16.6399 7.21974 5.95903 5.95998 
6.38148 20.5007 18.198 17.8992 17.2652 7.79808 5.97848 5.97896 
6.45499 18.7996 19.2026 18.9496 17.3891 7.31873 5.94261 5.94285 
7.325 18.3728 19.3524 19.3814 16.5265 7.18634 5.92774 5.92785 
7.14719 17.3701 20.447 18.9304 17.7141 6.54987 5.92057 5.92063 
7.80193 18.6216 17.2531 19.4546 18.7936 6.23477 5.92012 5.92015 
8.56553 17.2249 16.9075 20.1047 19.1977 6.10481 5.94748 5.94749 
7.87558 18.3929 16.6873 19.4835 19.4791 6.14621 5.96775 5.96776 
8.10446 16.7819 16.9441 19.0366 19.622 7.34661 5.97533 6.18901 
7.73257 15.8568 19.3027 19.0346 18.8541 6.93303 5.98451 6.30165 
6.81987 16.5782 17.4573 19.5384 20.3448 6.4201 5.94584 6.89555 
6.39041 18.1041 17.002 19.8411 19.2166 6.24191 5.95339 7.25045 
6.62262 17.4694 18.2792 20.7573 18.2272 6.09475 5.95049 6.59901 
8.32154 18.4484 18.0353 20.757 16.0155 6.21711 5.94048 6.26474 
7.4941 19.9105 19.0667 20.1824 15.1646 6.09875 5.96044 6.12257 
7.90516 19.0928 20.3136 20.1528 14.3071 6.23213 5.95763 6.0387 
6.97203 20.8565 18.3963 21.796 13.2948 6.28904 5.94709 6.44821 
6.44218 19.8065 19.2389 21.6523 13.5791 6.45747 5.92971 6.89383 
6.63895 19.9363 18.6603 20.9695 13.6804 6.81197 5.9417 7.36092 
6.28205 20.4151 18.1659 21.4515 14.1687 6.36857 5.93343 7.21476 
6.11287 20.7915 19.1976 20.4233 13.9144 7.04247 5.93856 6.57923 
6.40394 19.7475 21.076 20.2542 13.8116 6.49679 5.94484 6.26517 
6.66143 19.8738 21.2947 20.019 12.9599 7.14029 5.94539 6.10556 
6.30311 20.0218 21.6346 19.0328 14.4948 6.54254 5.9451 6.02518 
6.98928 19.057 20.302 21.0844 14.4294 6.2318 5.93307 5.97312 
6.48799 19.6726 19.4082 19.1342 16.3056 6.8853 5.95989 6.1462 
6.195 19.2461 20.0604 20.3689 15.7809 6.39365 5.93094 6.0241 
6.13462 17.3846 19.3103 21.3768 17.508 6.34643 5.94635 5.99293 
6.05644 18.6923 18.4595 21.3949 16.3083 6.16235 5.96231 6.96386 
7.15417 17.8152 21.3362 18.7322 16.0803 6.44708 5.96704 6.46781 
7.90457 17.3287 20.3757 20.1263 15.8764 6.206 5.96597 6.21636 
8.0634 19.2754 18.7434 21.1187 14.5493 6.103 5.98299 6.16374 
7.90949 18.6271 20.7113 19.1375 15.5003 6.04797 5.98797 6.07834 
8.23728 19.2135 18.8651 21.749 14.0349 5.97171 5.9417 5.98689 
7.81582 19.7593 17.1203 22.7289 14.6466 5.97881 5.96381 5.9864 
7.51965 19.6991 19.5083 19.7166 15.619 5.98038 5.97288 5.98417 
7.0101 18.5169 20.6967 20.6384 15.2309 5.9696 5.96585 5.9715 
7.73667 17.9444 22.1524 18.8381 15.5219 5.9358 5.93393 5.93675 
8.50111 17.7293 19.6638 19.3626 16.857 5.96225 5.96131 5.96273 
9.08926 17.7356 18.7028 19.3011 17.1843 6.03412 5.97605 5.97676 
8.39496 18.7919 19.2213 19.6289 15.8047 5.99971 5.97067 6.18794 
