5 80000 300 266
12 12 12 12 12 12 12 12 
12.8407 11.8956 11.8506 13.0207 12.2106 13.0207 8.9703 14.1908 
15.0712 12.2815 15.3486 15.2642 11.7696 10.6298 7.47176 11.1634 
16.1582 12.6483 16.4595 15.4412 13.477 9.43638 6.71853 9.16087 
15.4526 14.0206 17.6485 15.6862 15.1346 7.94747 6.31944 7.54061 
11.6202 16.0397 21.2396 15.5745 15.2423 6.96471 6.15069 7.04344 
8.77714 15.6022 19.9055 17.8971 16.1376 8.20763 6.04238 7.36787 
7.59653 17.7569 20.8488 17.9087 15.7569 7.09054 6.00791 7.00252 
6.78256 17.6219 19.0631 20.6821 16.8313 6.52956 5.98825 6.48555 
7.30627 18.151 19.9342 19.737 16.4693 6.22899 5.95833 6.20698 
6.63327 17.5744 20.1217 21.2924 14.9124 6.70169 5.9593 6.80106 
6.29711 19.7841 18.7453 20.3584 16.1407 6.33132 5.96012 6.381 
6.21827 20.558 19.7265 18.9721 16.1869 6.13132 5.94572 6.26022 
6.13265 19.3496 20.5575 19.1165 16.7721 6.03319 5.94039 6.09764 
7.55953 18.5567 20.0489 18.179 17.6859 5.99465 5.94825 6.02687 
6.8332 18.3841 21.5293 18.4134 16.8582 5.99623 5.97303 6.01235 
6.65734 19.2229 20.4355 18.6203 17.0711 6.0331 5.97006 5.98971 
6.31113 19.553 20.1592 19.1932 16.8396 5.999 5.96748 5.97731 
6.41289 18.517 20.8831 20.9972 15.2602 5.98539 5.96963 5.97454 
7.27497 18.4662 20.5058 20.0811 15.2854 5.99055 5.98267 6.41339 
6.62091 20.1723 20.4739 21.0903 12.9465 5.9787 5.97476 6.74261 
7.17786 20.8596 20.7894 19.3297 12.7716 5.97278 5.97081 7.12821 
7.21042 19.6004 21.1424 20.1788 13.1031 5.96536 5.96438 6.83513 
6.58206 18.4 20.8248 20.7289 14.8757 6.23516 5.95903 6.39441 
6.93862 17.8981 22.4775 18.8942 15.5748 6.09177 5.9537 6.17139 
7.85133 17.0951 21.5758 20.0651 15.3717 6.02341 5.95438 6.06322 
6.92567 17.4364 19.7879 21.977 15.8525 6.01171 5.97719 6.03161 
7.22441 18.3826 19.7319 22.5047 14.292 5.95724 5.93998 5.9672 
7.5348 15.6243 21.8952 22.4448 14.6251 5.95979 5.95116 5.96477 
6.9674 15.4122 21.6905 24.0224 14.0554 5.95132 5.94701 5.95381 
6.43851 16.8023 23.4756 22.4979 12.9953 5.93047 5.92831 5.93172 
6.20268 16.0254 23.8372 23.5141 12.575 5.94866 5.94758 5.94928 
6.77617 17.5896 23.6113 22.5032 11.2429 6.09237 5.92479 6.25972 
6.35274 17.6887 22.41 23.7373 11.4938 6.01084 5.92705 6.37957 
6.46736 17.909 22.9833 22.1458 12.5021 5.94999 5.9081 6.13436 
6.19421 17.6168 24.4851 22.1475 11.6787 5.93552 5.91457 6.02771 
6.46468 17.7125 22.7448 23.2883 11.9466 5.9358 5.92532 5.98189 
6.18715 18.358 24.2925 22.8261 10.5504 5.92271 5.91747 5.94575 
6.69668 18.4362 22.4566 23.8853 10.6521 5.9547 5.95208 5.96622 
6.31255 18.3904 21.8547 25.7011 9.91219 5.94156 5.94025 5.94732 
6.327 19.561 21.1103 25.2896 9.83415 5.95858 5.95793 5.96146 
6.11531 16.4673 23.507 25.1749 10.7002 6.17206 5.93077 5.93254 
7.74323 16.0018 24.5772 22.8217 10.9605 6.04534 5.9247 5.92558 
6.85407 14.2582 27.2009 23.5161 10.2756 6.00513 5.9448 5.94525 
6.63916 14.9473 25.9641 24.1217 10.4711 5.97226 5.9421 5.94232 
6.80097 14.4965 25.8872 25.4462 8.65692 5.92731 5.91223 6.87272 
6.73382 12.9149 27.2214 26.2787 8.21735 6.24143 5.95611 6.43636 
6.90048 11.9345 27.8627 27.038 7.58335 6.59539 5.9227 6.16282 
6.94843 10.3701 29.1907 27.753 7.53112 6.25306 5.91672 6.03678 
7.60645 10.4979 31.1833 25.6829 7.07135 6.07813 5.90995 5.96998 
7.88949 11.5486 28.9288 26.1218 7.67869 5.99025 5.90617 5.93618 
7.03191 12.0697 29.6581 25.6517 7.77397 5.96123 5.91919 5.93419 
6.87918 11.5281 28.4501 27.512 7.81075 5.95147 5.93044 5.93795 
7.05265 11.4167 27.4535 29.2571 6.99395 5.94776 5.93725 5.941 
6.48929 10.338 28.1712 30.3693 6.83031 5.93684 5.93159 5.93346 
6.94203 10.971 28.1925 29.7467 6.37306 5.92633 5.9237 5.92464 
8.02191 10.0364 28.8268 28.6458 6.5997 5.95718 5.95586 5.95633 
7.40786 9.18984 28.8353 30.4135 6.27959 5.95833 5.95767 5.9579 
7.95925 9.22571 29.8745 28.6611 6.51902 5.92034 5.92001 5.92013 
8.01091 8.1628 31.5437 28.0489 6.50861 5.90842 5.90826 5.90832 
7.88046 10.3314 29.5844 27.962 6.3793 5.95421 5.95413 5.95416 
7.54719 9.7055 28.225 30.4611 6.17473 5.96218 5.96214 5.96215 
7.79251 10.1719 29.9518 27.2873 6.98807 5.93617 5.93615 5.93616 
7.85927 9.24711 30.6958 27.1839 7.19285 5.94035 5.94034 5.94034 
7.23387 9.73578 31.0586 26.4349 7.64879 5.96269 5.96269 5.96269 
6.56165 9.07462 31.5149 28.0612 7.00949 5.92606 5.92605 5.92606 
7.31505 8.14367 30.0606 30.1064 6.49986 5.95814 5.95814 5.95814 
9.09762 7.31144 29.089 29.173 7.40641 5.97418 5.97418 5.97418 
8.75613 7.55816 28.386 29.8914 7.48369 5.97489 5.97489 5.97489 
7.93657 7.88041 29.5126 29.6019 7.24004 5.94282 5.94282 5.94282 
7.40809 7.07288 29.8669 31.3243 6.56842 5.91981 5.91981 5.91981 
8.00829 7.01521 29.8509 31.1692 6.23232 5.90802 5.90802 5.90802 
7.55211 9.48658 29.183 29.9736 6.0728 5.91065 5.91065 5.91065 
7.71006 8.36004 29.2489 30.7863 6.08208 5.93756 5.93756 5.93756 
7.0684 9.51421 27.5422 32.1027 5.99734 5.92508 5.92508 5.92508 
6.76001 8.31893 30.9754 30.2314 5.95566 5.91953 5.91953 5.91953 
6.71334 9.05743 29.3652 31.0341 5.97103 5.95296 5.95296 5.95296 
6.31918 9.54685 28.7697 31.5993 5.94803 5.939 5.939 5.939 
6.11969 8.37703 30.7941 30.9862 5.93412 5.9296 5.9296 5.9296 
6.70435 7.12969 29.6554 32.8844 5.90824 5.90598 5.90598 5.90598 
6.37274 7.09955 29.3521 33.5373 5.91042 5.90929 5.90929 5.90929 
6.71282 6.88731 28.6559 34.086 5.91491 5.91434 5.91434 5.91434 
6.59427 6.43245 31.2022 31.987 5.94624 5.94596 5.94596 5.94596 
6.28915 6.20824 29.2314 34.411 5.96514 5.965 5.965 5.965 
6.49861 6.27182 31.6343 31.7397 5.96394 5.96387 5.96387 5.96387 
6.18246 6.41013 32.7339 31.0131 5.91512 5.91509 5.91509 5.91509 
7.5385 6.19109 32.6948 29.6107 6.13418 5.94357 5.94357 5.94357 
8.09183 6.06329 29.9603 32.0312 6.03483 5.93952 5.93952 5.93952 
7.9348 5.99461 28.7456 33.5465 5.98038 5.93273 5.93273 5.93273 
7.16433 5.93848 30.2935 32.9497 5.93137 5.90754 5.90754 5.90754 
8.58217 5.96924 26.6134 35.0082 5.96568 5.95377 5.95377 5.95377 
7.92629 5.98207 29.8246 32.3638 5.98029 5.97433 5.97433 5.97433 
7.51542 5.9401 32.6737 30.1229 5.93921 5.93623 5.93623 5.93623 
8.10272 5.95319 29.307 32.8306 5.95274 5.95125 5.95125 5.95125 
7.09146 5.95201 31.6651 31.4864 5.95179 5.95105 5.95105 5.95105 
6.87002 5.96108 30.0795 33.2466 5.96097 5.9606 5.9606 5.9606 
6.42703 6.57097 29.468 33.6446 5.97251 5.97232 5.97232 5.97232 
8.56383 6.27911 30.8486 30.3892 5.97988 5.97979 5.97979 5.97979 
7.40692 6.13701 29.1998 32.8604 6.43382 5.98734 5.98734 5.98734 
7.12413 6.05249 28.7921 33.8974 6.2009 5.97766 5.97766 5.97766 
6.49483 5.95901 32.851 30.8972 6.03321 5.92159 5.92159 5.92159 
8.01892 6.81015 32.8905 28.419 6.108 5.91778 5.91778 5.91778 
9.34991 6.34232 33.8017 26.8263 5.99125 5.89614 5.89614 5.89614 
11.0361 6.11234 29.3496 29.8974 5.9368 5.88925 5.88925 5.88925 
9.58432 5.99292 32.2953 28.5782 5.90515 5.88137 5.88137 5.88137 
7.86174 7.97599 31.9048 28.7502 5.88573 5.87384 5.87384 5.87384 
7.76685 7.1626 29.6429 31.7693 5.91905 5.91311 5.91311 5.91311 
6.94323 6.57156 29.1469 33.5481 5.94979 5.94682 5.94682 5.94682 
7.14068 6.30736 28.818 33.4647 6.50008 5.92305 5.92305 5.92305 
7.22363 6.09065 29.5953 33.208 6.187 5.89849 5.89849 5.89849 
10.0933 6.03678 25.5526 34.4103 6.08495 5.9407 5.9407 5.9407 
10.1841 5.9851 30.1424 29.8679 6.00919 5.93706 5.93706 5.93706 
9.17657 6.51368 30.2121 30.2861 6.03276 5.92628 5.92628 5.92628 
7.67652 6.19802 34.0031 28.4519 5.95756 5.90432 5.90432 5.90432 
9.42738 6.04463 30.4457 30.4646 5.9244 5.89778 5.89778 5.89778 
8.929 6.00545 33.4459 27.8782 5.94534 5.93203 5.93203 5.93203 
10.3392 5.94006 30.2347 29.866 5.91001 5.90335 5.90335 5.90335 
10.3071 5.93675 28.4314 31.6479 5.92172 5.91839 5.91839 5.91839 
10.701 5.96107 26.8434 32.6853 5.95356 5.9519 5.9519 5.9519 
9.89013 5.92171 26.2734 34.2454 5.91796 5.91712 5.91712 5.91712 
11.5301 5.94707 25.3113 33.4321 5.9452 5.94478 5.94478 5.94478 
11.6805 5.93128 29.6275 29.04 5.93034 5.93014 5.93014 5.93014 
10.3604 5.95591 27.6788 32.1834 5.95544 5.95533 5.95533 5.95533 
10.7948 6.1646 27.0412 32.2526 5.93675 5.9367 5.9367 5.9367 
11.8415 6.34317 28.2722 29.8685 5.91868 5.91866 5.91866 5.91866 
12.3161 6.15124 29.9064 27.8703 5.93899 5.93898 5.93898 5.93898 
13.1847 6.0342 28.1929 28.876 5.92808 5.92807 5.92807 5.92807 
15.1839 5.97485 25.1528 30.0014 5.92178 5.92178 5.92178 5.92178 
15.8409 5.95414 24.0814 30.4131 5.92761 5.92761 5.92761 5.92761 
17.3322 5.91825 28.0071 25.1225 5.90498 5.90498 5.90498 5.90498 
19.7359 5.93089 26.485 24.1512 5.92426 5.92426 5.92426 5.92426 
19.4997 5.93995 24.7864 26.0274 5.93663 5.93663 5.93663 5.93663 
19.2737 5.92564 27.1715 23.9333 5.92398 5.92398 5.92398 5.92398 
22.1724 5.95427 25.9077 22.1518 5.95344 5.95344 5.95344 5.95344 
23.1353 6.36819 25.0029 21.7541 5.93487 5.93487 5.93487 5.93487 
24.2201 6.15666 24.849 21.0143 5.94 5.94 5.94 5.94 
27.8243 6.02476 24.2995 18.1857 5.91643 5.91643 5.91643 5.91643 
31.3642 5.97922 26.8967 12.0597 5.92506 5.92506 5.92506 5.92506 
28.7832 6.4722 29.9492 11.005 5.9476 5.9476 5.9476 5.9476 
30.8751 6.44123 30.6339 8.43289 5.9042 5.9042 5.9042 5.9042 
29.9437 6.15271 33.2182 7.14854 5.8842 5.8842 5.8842 5.8842 
28.362 7.41072 34.1788 6.51545 5.88328 5.88328 5.88328 5.88328 
32.3198 6.70221 30.9695 6.25457 5.93848 5.93848 5.93848 5.93848 
34.2985 6.34023 28.1886 7.33924 5.95837 5.95837 5.95837 5.95837 
31.166 6.16872 32.0859 6.66823 5.97779 5.97779 5.97779 5.97779 
33.645 6.0301 30.3065 6.27985 5.93463 5.93463 5.93463 5.93463 
29.1164 6.01355 34.8684 6.13843 5.96582 5.96582 5.96582 5.96582 
30.3096 5.9692 33.2579 6.68193 5.94534 5.94534 5.94534 5.94534 
30.9869 6.37194 32.682 6.28647 5.91818 5.91818 5.91818 5.91818 
32.6446 6.16562 29.8584 7.57638 5.93874 5.93874 5.93874 5.93874 
30.5643 6.06903 31.698 7.84638 5.95559 5.95559 5.95559 5.95559 
33.4493 6.00879 29.8361 6.89747 5.95207 5.95207 5.95207 5.95207 
29.244 5.94103 32.6151 8.5492 5.91267 5.91267 5.91267 5.91267 
32.7758 5.97051 29.7691 7.65921 5.95633 5.95633 5.95633 5.95633 
29.047 5.95555 34.4036 6.7999 5.94846 5.94846 5.94846 5.94846 
32.9406 5.94581 30.9766 6.36799 5.94227 5.94227 5.94227 5.94227 
35.0785 5.92298 28.3476 6.96614 5.92121 5.92121 5.92121 5.92121 
36.2356 5.87744 27.9817 6.39902 5.87656 5.87656 5.87656 5.87656 
31.0003 5.91779 33.234 6.17858 5.91734 5.91734 5.91734 5.91734 
34.7123 5.93317 29.5591 6.06357 5.93295 5.93295 5.93295 5.93295 
34.421 5.95293 29.7966 6.01813 5.95282 5.95282 5.95282 5.95282 
34.658 6.20748 29.2763 5.99776 5.9651 5.9651 5.9651 5.9651 
30.3588 6.08647 33.712 5.98161 5.96528 5.96528 5.96528 5.96528 
33.1879 6.00934 31.0509 5.95691 5.94874 5.94874 5.94874 5.94874 
29.2756 5.97693 35.0103 5.95071 5.94663 5.94663 5.94663 5.94663 
31.1895 6.57467 32.2637 6.21674 5.93883 5.93883 5.93883 5.93883 
29.7065 6.2243 34.3983 6.04533 5.90638 5.90638 5.90638 5.90638 
34.0672 6.09614 30.0813 6.00665 5.93718 5.93718 5.93718 5.93718 
30.146 6.00196 34.2049 5.95722 5.92248 5.92248 5.92248 5.92248 
32.9742 5.95023 31.5057 5.92785 5.91049 5.91049 5.91049 5.91049 
34.3392 5.96231 29.1953 6.73349 5.94244 5.94244 5.94244 5.94244 
36.0729 5.93931 27.9454 6.3249 5.92937 5.92937 5.92937 5.92937 
34.493 5.98086 29.799 6.10362 5.90586 5.90586 5.90586 5.90586 
35.6916 5.96299 28.619 6.02437 5.92549 5.92549 5.92549 5.92549 
30.9215 5.94202 33.4707 5.97271 5.92327 5.92327 5.92327 5.92327 
32.6822 5.93773 31.7136 5.95307 5.92835 5.92835 5.92835 5.92835 
29.7312 5.91004 33.6587 7.0787 5.90535 5.90535 5.90535 5.90535 
31.937 5.95502 31.1865 7.11078 5.95268 5.95268 5.95268 5.95268 
34.3284 5.95284 28.4379 7.47411 5.95166 5.95166 5.95166 5.95166 
33.6575 5.94819 28.0377 8.56618 5.9476 5.9476 5.9476 5.9476 
29.2539 5.96811 32.8811 8.0256 5.96781 5.96781 5.96781 5.96781 
32.2137 5.9809 30.6361 7.24624 5.98075 5.98075 5.98075 5.98075 
29.2328 5.94948 34.438 6.58215 5.9494 5.9494 5.9494 5.9494 
27.5127 5.92863 36.1671 6.67724 5.92859 5.92859 5.92859 5.92859 
30.1614 5.94705 33.3112 6.79231 5.94703 5.94703 5.94703 5.94703 
32.506 5.96072 29.2445 8.44594 5.96071 5.96071 5.96071 5.96071 
32.0425 5.9582 28.6112 9.55538 5.9582 5.9582 5.9582 5.9582 
29.5959 5.92028 30.8968 9.9059 5.92027 5.92027 5.92027 5.92027 
33.2964 5.90131 29.3029 7.89412 5.90131 5.90131 5.90131 5.90131 
34.1781 5.93871 29.1933 6.93511 5.9387 5.9387 5.9387 5.9387 
34.2468 5.91563 29.7613 6.41383 5.91563 5.91563 5.91563 5.91563 
34.8992 5.93505 29.2414 6.18415 5.93505 5.93505 5.93505 5.93505 
35.891 5.89962 28.5868 6.02417 5.89962 5.89962 5.89962 5.89962 
36.3584 5.87739 28.3149 5.93967 5.87739 5.87739 5.87739 5.87739 
31.9224 6.19367 32.2407 5.95356 5.92242 5.92242 5.92242 5.92242 
32.8188 6.04282 31.5868 5.92277 5.9072 5.9072 5.9072 5.9072 
35.9479 6.02141 28.2549 5.96138 5.9536 5.9536 5.9536 5.9536 
30.8651 5.99133 33.3525 5.96132 5.95743 5.95743 5.95743 5.95743 
32.0235 5.95021 32.3581 5.9352 5.93326 5.93326 5.93326 5.93326 
34.4991 5.91628 28.644 7.30934 5.90781 5.90781 5.90781 5.90781 
34.2983 5.8951 27.216 9.02716 5.89087 5.89087 5.89087 5.89087 
29.983 5.91491 32.97 7.48094 5.91279 5.91279 5.91279 5.91279 
30.9553 5.8942 32.2983 7.27963 5.89314 5.89314 5.89314 5.89314 
28.2009 5.92329 33.9319 8.25291 5.92276 5.92276 5.92276 5.92276 
30.2179 6.47167 32.2238 7.49322 5.89834 5.89834 5.89834 5.89834 
33.9588 6.19111 28.9713 7.26099 5.90444 5.90444 5.90444 5.90444 
30.5132 6.02789 33.3578 6.56282 5.88455 5.88455 5.88455 5.88455 
29.281 5.9865 33.371 7.70214 5.91484 5.91484 5.91484 5.91484 
31.0539 5.95678 29.8314 9.47417 5.92094 5.92094 5.92094 5.92094 
33.0164 5.94031 26.7634 10.5904 5.92239 5.92239 5.92239 5.92239 
30.6479 6.8032 30.5026 8.27646 5.94246 5.94246 5.94246 5.94246 
28.599 6.34278 34.3292 7.07941 5.9124 5.9124 5.9124 5.9124 
32.4359 6.1664 31.0581 6.53471 5.95121 5.95121 5.95121 5.95121 
35.593 6.05195 28.3416 6.23611 5.94436 5.94436 5.94436 5.94436 
35.0262 5.98206 29.2046 6.07413 5.92826 5.92826 5.92826 5.92826 
31.4438 5.92777 33.0511 5.97381 5.90088 5.90088 5.90088 5.90088 
33.5271 5.94354 29.5343 7.2747 5.93009 5.93009 5.93009 5.93009 
34.577 5.95342 29.0638 6.619 5.9467 5.9467 5.9467 5.9467 
33.2721 5.92753 30.6794 6.42425 5.92417 5.92417 5.92417 5.92417 
34.099 5.92917 30.0844 6.17753 5.92749 5.92749 5.92749 5.92749 
34.5458 5.89284 29.9763 6.01702 5.892 5.892 5.892 5.892 
33.2765 6.47264 30.3589 6.17307 5.92973 5.92973 5.92973 5.92973 
34.6354 6.21165 28.0241 7.3681 5.94019 5.94019 5.94019 5.94019 
34.9691 6.06003 25.6812 9.59247 5.9243 5.9243 5.9243 5.9243 
35.4919 5.95506 27.283 7.72128 5.8872 5.8872 5.8872 5.8872 
36.0345 5.91377 27.7355 6.79688 5.87984 5.87984 5.87984 5.87984 
31.847 5.88242 32.4848 6.32397 5.86545 5.86545 5.86545 5.86545 
32.4104 5.86879 32.19 6.08957 5.86031 5.86031 5.86031 5.86031 
35.3641 5.8939 29.1791 6.00429 5.88966 5.88966 5.88966 5.88966 
30.4833 5.8837 34.1679 5.93889 5.88157 5.88157 5.88157 5.88157 
33.6104 5.92057 28.7861 8.00491 5.91951 5.91951 5.91951 5.91951 
34.944 5.95713 27.0113 8.26113 5.9566 5.9566 5.9566 5.9566 
34.6063 5.88438 28.9365 7.03638 5.88411 5.88411 5.88411 5.88411 
35.6542 5.86772 28.564 6.44372 5.86759 5.86759 5.86759 5.86759 
34.1956 5.88556 30.2033 6.17356 5.88549 5.88549 5.88549 5.88549 
34.6023 5.90508 29.8234 6.04908 5.90504 5.90504 5.90504 5.90504 
36.7954 5.88892 27.7991 5.96092 5.8889 5.8889 5.8889 5.8889 
34.9089 5.92953 29.4779 5.96553 5.92953 5.92953 5.92953 5.92953 
31.7123 5.89445 32.903 5.91245 5.89445 5.89445 5.89445 5.89445 
33.3521 5.91673 31.1385 5.92573 5.91673 5.91673 5.91673 5.91673 
34.3231 5.89954 30.2751 5.90404 5.89954 5.89954 5.89954 5.89954 
36.205 5.90629 28.355 5.90854 5.90629 5.90629 5.90629 5.90629 
33.4695 5.9348 30.9206 5.93592 5.9348 5.9348 5.9348 5.9348 
34.1189 5.94753 30.0298 5.94809 6.11309 5.94753 5.94753 5.94753 
36.0961 5.95542 28.0883 5.9557 6.0382 5.95542 5.95542 5.95542 
35.952 5.92531 28.4546 5.92545 5.9667 5.92531 5.92531 5.92531 
31.2369 6.65831 32.5969 5.89751 5.91813 5.89744 5.89744 5.89744 
31.3533 6.28442 32.832 5.90402 5.91434 5.90399 5.90399 5.90399 
28.9238 6.1309 35.2367 5.9407 5.94586 5.94069 5.94069 5.94069 
30.2473 6.02035 32.9372 7.09166 5.92783 5.92524 5.92524 5.92524 
28.7307 5.98924 34.1819 7.33005 5.94298 5.94169 5.94169 5.94169 
29.8293 5.91558 31.6099 9.0774 5.89245 5.89181 5.89181 5.89181 
30.879 5.95617 27.4743 11.9131 5.94461 5.94428 5.94428 5.94428 
28.5555 5.91926 30.6688 11.203 5.91348 5.91332 5.91332 5.91332 
30.4721 5.89485 31.5287 8.53671 5.89196 5.89188 5.89188 5.89188 
30.6068 5.93115 32.4913 7.25208 5.92971 5.92967 5.92967 5.92967 
32.4808 5.94945 30.3586 7.41636 5.94872 5.9487 5.9487 5.9487 
34.0476 5.92962 29.2539 7.05188 5.92926 5.92925 5.92925 5.92925 
32.3607 5.89034 31.7369 6.45147 5.89016 5.89016 5.89016 5.89016 
35.4457 5.94367 28.5371 6.2992 5.94358 5.94358 5.94358 5.94358 
35.2025 5.89867 27.358 7.94635 5.89862 5.89862 5.89862 5.89862 
30.8543 5.8409 33.0766 6.86474 5.84088 5.84088 5.84088 5.84088 
30.7369 5.8408 33.7064 6.35272 5.84079 5.84079 5.84079 5.84079 
34.2321 5.87495 30.2623 6.13091 5.87494 5.87494 5.87494 5.87494 
29.252 5.931 35.0341 6.05898 5.931 5.931 5.931 5.931 
34.4038 5.92846 29.9615 5.99245 5.92846 5.92846 5.92846 5.92846 
31.9227 6.00992 32.4088 5.95731 5.92531 5.92531 5.92531 5.92531 
12 12 12 12 12 12 12 12 
11.6244 13.1497 12.6254 12.1964 12.1964 13.7693 9.95615 12.4824 
10.7754 13.652 16.1932 14.6 11.8886 11.2505 8.56263 12.0776 
9.3203 15.9271 16.8606 17.3 12.6859 10.4005 7.25884 9.74665 
9.44186 16.4355 17.3181 17.9535 13.9313 8.94246 6.592 9.13528 
7.82918 18.5071 18.3053 19.6413 13.7717 7.79384 6.24348 7.78307 
6.93046 20.6292 19.4701 19.1328 13.4467 7.38899 6.0847 6.8545 
6.45668 20.7313 21.594 19.8228 11.8515 7.05988 6.0338 6.4187 
6.22235 20.8946 22.4238 20.4404 10.8659 6.92315 6.01091 6.20336 
6.06165 21.6169 22.645 19.9673 10.5436 6.88623 5.95593 6.31559 
6.0159 21.2029 23.1029 20.1649 10.9754 6.42819 5.96304 6.14287 
6.09906 20.6882 23.6989 20.1692 11.1276 6.19674 5.96417 6.05408 
6 20.8815 24.5997 19.5156 11.0433 6.04885 5.93256 5.97751 
5.95671 21.37 23.5459 19.4199 11.8574 5.98113 5.92298 5.94546 
5.96343 21.0262 21.4211 20.7441 12.965 5.97564 5.94657 5.95781 
6.38457 21.1058 21.7424 19.9769 12.9589 5.9516 5.93706 5.94268 
6.14927 20.3379 23.0217 19.0745 13.63 5.93279 5.92552 5.92833 
7.6105 19.7153 20.7936 19.4528 14.6736 5.91998 5.91635 5.91775 
7.25164 20.361 20.9001 18.2056 15.5425 5.91404 5.91222 5.91292 
7.0706 21.4773 19.2646 18.12 16.2312 5.94587 5.94497 5.94532 
8.09006 17.8523 20.0213 18.579 17.6346 5.94121 5.94075 5.94093 
8.09189 16.3276 21.5655 17.8624 18.2954 5.9525 5.95227 5.95236 
6.99999 16.8071 21.4501 18.5592 18.174 6.09441 5.93018 5.98493 
6.87528 16.5843 19.0203 20.378 19.2128 6.02203 5.93992 5.96729 
6.40517 17.1388 19.2526 19.2596 19.4049 5.97854 5.93749 6.62307 
6.19262 17.6502 20.4236 18.8767 18.6172 5.9793 5.95878 6.30157 
6.53347 17.5254 20.6844 18.5146 18.4923 5.94347 5.9332 6.37312 
6.80959 17.9627 19.6565 20.0002 17.189 5.94316 5.93803 6.50085 
6.38303 17.8015 20.2521 20.2521 17.1283 6.00709 5.94725 6.22866 
6.13602 18.3572 18.7897 19.9788 18.3603 6.40105 5.91813 6.05884 
6.0442 18.5942 19.1351 17.7275 20.0027 6.55551 5.93526 6.00561 
5.99395 18.1083 18.431 18.4049 20.116 6.2496 5.93947 6.75671 
5.96118 18.1705 20.0656 17.4799 19.6218 6.089 5.93394 6.67813 
5.94524 18.7204 18.1286 18.5461 19.389 6.00915 5.93162 7.32994 
5.92743 17.9349 17.697 18.8327 20.0653 6.24907 5.92062 7.37297 
5.99922 17.1576 18.8141 19.5538 19.5401 6.10277 5.93855 6.89381 
5.94746 18.6695 18.8175 18.9039 19.3505 5.99923 5.91712 6.39475 
5.95715 18.948 18.4695 20.3359 18.1836 5.98304 5.94198 6.1808 
5.92977 20.2005 19.6207 19.8728 16.4698 5.94271 5.92218 6.04159 
5.94294 20.3928 19.685 18.4526 17.0646 5.94941 5.93915 6.57357 
5.95736 19.5884 17.4972 19.3783 18.8472 5.96059 5.95546 6.81556 
7.84354 20.4969 17.7756 17.3648 18.2344 5.95327 5.9507 6.38075 
6.91473 20.2837 17.9841 18.835 17.8613 5.96959 5.96831 6.18333 
6.56471 20.0288 17.1841 19.9825 18.1962 5.97915 5.9785 6.08602 
6.23047 20.3328 18.6746 19.72 16.7042 5.93769 5.93737 6.46282 
6.11171 17.9807 19.9131 19.6132 18.2229 5.96532 5.96516 6.22788 
7.32207 18.376 19.7404 19.2492 17.3594 5.94057 5.94049 6.07185 
6.73332 18.1037 21.1353 19.3234 16.8725 5.92209 5.92205 5.98773 
8.02958 17.7597 19.8935 21.1224 15.3464 5.93857 5.93855 5.97139 
7.59474 16.0994 22.1186 22.2557 13.6994 5.95258 5.95257 6.32699 
6.77356 17.2164 20.226 23.8659 13.8735 5.95248 5.95248 6.13968 
6.36076 15.8573 23.0622 21.9701 14.8054 5.95022 5.95022 6.04382 
6.3434 16.5053 23.9398 21.6907 12.938 5.95564 5.95564 6.67154 
6.1595 15.9356 25.8724 20.6624 13.1153 5.96563 5.96563 6.32358 
6.07486 14.5081 24.7332 22.8618 12.9758 5.97792 5.97792 6.89039 
5.98194 13.4828 26.1265 23.3788 12.7733 5.93347 5.93347 6.3897 
5.95186 14.7302 23.5102 24.762 12.4202 5.92763 5.92763 6.77027 
6.15775 15.831 25.221 22.8924 11.7214 5.91836 5.91836 6.33968 
6.18521 14.1282 28.2019 23.2144 10.2215 5.94604 5.94604 6.1567 
6.08556 12.6979 30.5329 23.4617 8.92532 5.96598 5.96598 6.36473 
8.06049 11.6618 29.6702 25.1901 7.41425 5.93458 5.93458 6.13396 
8.54936 11.6247 27.9869 26.7318 7.24131 5.9221 5.9221 6.02179 
8.49463 11.1192 26.3336 27.88 7.96848 5.90223 5.90223 6.39964 
8.59514 10.9944 26.8396 27.3839 8.16044 5.92594 5.92594 6.17465 
7.88638 10.485 28.8091 26.709 8.15565 5.94351 5.94351 6.06786 
8.16006 11.0658 26.0511 27.8123 9.0979 5.91687 5.91687 5.97904 
7.03897 10.7865 26.6729 29.0632 8.65523 5.91737 5.91737 5.94846 
6.84871 9.15405 27.8247 30.8078 7.59519 5.91799 5.91799 5.93354 
6.39347 9.14947 31.0145 28.2305 7.41992 5.92812 5.92812 5.93589 
6.229 7.54248 33.6363 28.1152 6.6777 5.9318 5.9318 5.93569 
6.20728 6.73516 32.2821 30.5525 6.43163 5.92982 5.92982 5.93176 
6.52741 6.33915 29.9007 32.9765 6.44579 5.93649 5.93649 5.93746 
6.20488 6.7235 30.6979 31.3167 7.32829 5.90942 5.90942 5.9099 
6.27796 6.99916 32.0349 29.8038 7.18608 5.89928 5.89928 5.89953 
6.10732 6.92966 33.3657 29.2819 6.56138 5.91798 5.91798 5.9181 
7.18946 7.16853 31.4359 30.1965 6.24365 5.92195 5.92195 5.92201 
6.80296 8.12422 31.7591 29.2629 6.26953 5.92708 5.92708 5.92711 
7.18936 7.64338 33.3727 27.9235 6.0962 5.92497 5.92497 5.92499 
8.4567 6.77832 33.2435 27.7594 6.00473 5.91912 5.91912 5.91913 
10.0494 8.04602 31.5727 26.6861 5.94354 5.90074 5.90074 5.90074 
10.873 7.30065 28.1257 30.0525 5.92807 5.90667 5.90667 5.90667 
10.6365 6.65032 27.1962 31.6929 5.96403 5.95333 5.95333 5.95333 
8.97378 6.60893 29.893 30.3446 6.32774 5.95064 5.95064 5.95064 
8.22958 6.75476 30.6775 30.1431 6.32177 5.95778 5.95778 5.95778 
8.03517 6.33275 29.2712 32.4419 6.11625 5.93426 5.93426 5.93426 
9.14054 6.10353 28.7749 32.2728 5.99528 5.90429 5.90429 5.90429 
9.23953 6.48886 27.5522 32.9328 5.98078 5.93528 5.93528 5.93528 
7.55701 6.18168 29.3302 32.8215 6.39493 5.90489 5.90489 5.90489 
8.30013 6.03973 29.2129 32.5313 6.21188 5.90133 5.90133 5.90133 
7.14486 6.01465 28.5388 34.3646 6.10073 5.94546 5.94546 5.94546 
6.51361 6.4273 28.7017 34.6242 5.99154 5.91391 5.91391 5.91391 
7.44916 6.29626 29.394 33.1567 5.95508 5.91626 5.91626 5.91626 
6.6983 6.12185 32.7468 30.6862 5.95126 5.93185 5.93185 5.93185 
7.24941 6.64149 30.6956 31.7753 5.91681 5.9071 5.9071 5.9071 
9.2814 6.37666 29.132 31.4273 5.9493 5.94445 5.94445 5.94445 
9.76038 6.18035 28.3958 31.1392 6.63157 5.96425 5.96425 5.96425 
10.2783 7.40866 27.7606 30.1445 6.55465 5.95108 5.95108 5.95108 
10.5699 6.70059 27.3635 31.1771 6.27358 5.9718 5.9718 5.9718 
9.3777 6.41987 28.2793 31.6868 6.47922 5.91905 5.91905 5.91905 
8.58956 6.61419 27.8276 32.5101 6.64386 5.93825 5.93825 5.93825 
7.94995 6.27261 28.6724 33.0137 6.28745 5.93464 5.93464 5.93464 
7.3696 6.53093 29.6827 31.429 7.17484 5.93762 5.93762 5.93762 
8.13641 6.49127 31.293 29.65 6.61968 5.93655 5.93655 5.93655 
7.76959 6.19419 30.1383 31.889 6.2584 5.91683 5.91683 5.91683 
7.74509 6.03827 28.9172 33.5303 6.07037 5.89959 5.89959 5.89959 
7.11682 6.00896 32.7792 30.2511 6.02501 5.93962 5.93962 5.93962 
8.23467 6.38577 30.0587 31.6004 5.96214 5.91945 5.91945 5.91945 
9.99969 6.13406 27.8701 32.3712 5.92225 5.9009 5.9009 5.9009 
9.12218 6.05905 31.3553 29.6829 5.95315 5.94247 5.94247 5.94247 
10.4318 5.99786 27.6169 32.1898 5.94491 5.93957 5.93957 5.93957 
10.2159 5.96995 30.5476 29.5007 5.94347 5.9408 5.9408 5.9408 
8.68922 6.01528 33.0424 28.5244 5.93317 5.93183 5.93183 5.93183 
9.55753 5.9445 32.8942 27.992 5.90344 5.90277 5.90277 5.90277 
10.0949 5.91765 33.7603 26.6397 5.89712 5.89679 5.89679 5.89679 
11.2109 5.93666 31.3538 27.7935 5.9264 5.92623 5.92623 5.92623 
12.3911 6.53976 28.1769 29.0396 5.9632 5.96312 5.96312 5.96312 
12.6176 6.25153 30.6022 26.6758 5.96325 5.96321 5.96321 5.96321 
11.2108 6.06694 29.3067 29.7244 5.9228 5.92278 5.92278 5.92278 
10.8166 5.99122 31.2731 28.2425 5.91915 5.91914 5.91914 5.91914 
12.2536 5.9718 30.2943 27.7373 5.93576 5.93576 5.93576 5.93576 
13.4959 5.94733 27.6127 29.2268 5.92931 5.92931 5.92931 5.92931 
11.0002 5.90622 29.7154 29.7893 5.89721 5.89721 5.89721 5.89721 
12.0421 5.91261 31.6802 26.7327 5.90811 5.90811 5.90811 5.90811 
13.9564 5.88389 29.1683 27.465 5.88163 5.88163 5.88163 5.88163 
10.9631 5.87427 30.0729 29.5971 5.87315 5.87315 5.87315 5.87315 
11.6157 5.93286 28.5172 30.2051 5.93229 5.93229 5.93229 5.93229 
12.1141 5.89436 26.8712 31.544 5.89408 5.89408 5.89408 5.89408 
11.1003 5.90107 31.0148 28.3801 5.90093 5.90093 5.90093 5.90093 
14.5088 5.93675 27.5289 28.2789 5.93668 5.93668 5.93668 5.93668 
12.0958 5.88991 28.5391 29.9157 5.88988 5.88988 5.88988 5.88988 
10.7398 5.88613 27.5048 32.3248 5.88611 5.88611 5.88611 5.88611 
9.85419 5.9326 27.8032 32.6796 5.93259 5.93259 5.93259 5.93259 
10.5609 5.92405 26.4368 33.3821 5.92404 5.92404 5.92404 5.92404 
10.8527 5.89877 30.6883 28.9651 5.89877 5.89877 5.89877 5.89877 
9.40453 5.9135 31.1788 29.8492 5.9135 5.9135 5.9135 5.9135 
11.3593 5.92347 29.627 29.3964 5.92347 5.92347 5.92347 5.92347 
12.553 5.92669 31.4577 26.3559 5.92669 5.92669 5.92669 5.92669 
12.8077 5.93867 29.2267 28.2723 5.93867 5.93867 5.93867 5.93867 
11.589 5.9323 30.1689 28.5806 5.9323 5.9323 5.9323 5.9323 
11.829 5.94421 29.8964 28.5536 5.94421 5.94421 5.94421 5.94421 
11.5451 5.90003 31.0893 27.8654 5.90003 5.90003 5.90003 5.90003 
10.318 5.90057 30.138 30.0412 5.90057 5.90057 5.90057 5.90057 
11.2013 5.97143 27.5312 31.7124 5.89591 5.89591 5.89591 5.89591 
11.5034 5.97183 26.3351 32.4534 5.93406 5.93406 5.93406 5.93406 
10.6106 5.96397 29.3117 30.3333 5.94509 5.94509 5.94509 5.94509 
11.3023 5.98049 28.6739 30.1592 5.97105 5.97105 5.97105 5.97105 
11.6843 5.93142 28.9674 29.71 5.9267 5.9267 5.9267 5.9267 
13.0744 5.95597 27.4183 29.7368 5.95361 5.95361 5.95361 5.95361 
13.3519 5.9642 26.1135 30.7183 5.96302 5.96302 5.96302 5.96302 
12.6565 5.97237 29.2598 28.2243 5.97178 5.97178 5.97178 5.97178 
12.8434 5.94073 30.6147 26.3849 6.39498 5.94043 5.94043 5.94043 
12.7921 5.93333 30.1963 27.1184 6.16045 5.93318 5.93318 5.93318 
13.7693 5.96206 28.539 27.7681 6.07562 5.96198 5.96198 5.96198 
16.5028 5.95132 26.575 27.1089 6.00811 5.95129 5.95129 5.95129 
14.5412 6.08076 27.6983 27.9653 5.94991 5.9215 5.9215 5.9215 
17.5502 6.00091 29.1452 23.6044 5.93548 5.92128 5.92128 5.92128 
21.8663 5.95653 27.4104 21.0927 5.92382 5.91672 5.91672 5.91672 
23.1064 5.91944 26.6954 20.6771 5.90309 5.89954 5.89954 5.89954 
25.4223 5.94692 22.6649 22.2162 5.93874 5.93697 5.93697 5.93697 
26.9503 5.90824 28.6151 14.9125 5.90415 5.90327 5.90327 5.90327 
28.0553 5.93122 29.651 12.6471 5.92918 5.92873 5.92873 5.92873 
28.4319 5.90679 30.2856 11.7534 5.90576 5.90554 5.90554 5.90554 
29.9447 5.91155 26.8311 13.6689 5.91104 5.91092 5.91092 5.91092 
30.8954 5.95577 27.0309 12.296 5.95552 5.95546 5.95546 5.95546 
30.3954 5.96742 28.1642 11.6039 5.9673 5.96727 5.96727 5.96727 
32.2236 5.92911 26.5821 11.5491 5.92905 5.92904 5.92904 5.92904 
34.6037 5.92685 27.0253 8.73684 5.92682 5.92682 5.92682 5.92682 
35.1467 5.89446 28.0816 7.29945 5.89445 5.89444 5.89444 5.89444 
36.0759 5.87322 27.9823 6.57572 5.87321 5.87321 5.87321 5.87321 
33.9603 5.84923 30.5931 6.20048 5.84923 5.84923 5.84923 5.84923 
33.6746 5.84615 31.0728 6.02178 5.84615 5.84615 5.84615 5.84615 
34.9208 5.85971 29.8332 5.94752 5.85971 5.85971 5.85971 5.85971 
31.3535 5.90695 33.1609 5.95086 5.90695 5.90695 5.90695 5.90695 
33.4993 5.93735 30.8546 5.9593 5.93735 5.93735 5.93735 5.93735 
34.7158 5.93478 29.6646 5.94575 5.93478 5.93478 5.93478 5.93478 
30.3824 5.93942 33.9757 5.9449 5.93942 5.93942 5.93942 5.93942 
32.0576 5.96628 32.1419 5.96903 5.96628 5.96628 5.96628 5.96628 
29.1396 5.91474 35.3706 5.91611 5.91474 5.91474 5.91474 5.91474 
31.1342 5.94817 33.1761 5.94885 5.94817 5.94817 5.94817 5.94817 
31.9755 5.93183 29.9683 8.39696 5.93183 5.93183 5.93183 5.93183 
31.4583 5.91647 29.3382 9.62113 5.91647 5.91647 5.91647 5.91647 
31.6415 5.95094 26.202 12.4018 5.95094 5.95094 5.95094 5.95094 
33.4389 5.92822 27.2742 9.64578 5.92822 5.92822 5.92822 5.92822 
30.5548 5.94135 31.9383 7.80013 5.94135 5.94135 5.94135 5.94135 
33.4957 5.94018 29.9339 6.86956 5.94018 5.94018 5.94018 5.94018 
33.7726 5.94529 30.0909 6.40999 5.94529 5.94529 5.94529 5.94529 
31.9778 5.94521 32.1186 6.17756 5.94521 5.94521 5.94521 5.94521 
34.7955 5.91822 29.5789 6.0344 5.91822 5.91822 5.91822 5.91822 
30.1655 5.92452 34.2293 5.9826 5.92452 5.92452 5.92452 5.92452 
32.9508 5.95306 31.3018 5.9821 5.95306 5.95306 5.95306 5.95306 
34.0775 5.95272 30.1917 5.96724 5.95272 5.95272 5.95272 5.95272 
31.3666 5.93057 32.7473 6.23325 5.93057 5.93057 5.93057 5.93057 
34.8144 5.93785 29.4072 6.08919 5.93785 5.93785 5.93785 5.93785 
30.6017 6.05534 33.7622 5.97669 5.90102 5.90102 5.90102 5.90102 
30.5358 6.02605 32.8455 6.7971 5.94889 5.94889 5.94889 5.94889 
31.4686 5.97355 30.074 8.74394 5.93497 5.93497 5.93497 5.93497 
32.4716 5.95288 29.0907 8.7505 5.93359 5.93359 5.93359 5.93359 
33.5671 5.96724 28.349 8.28629 5.95759 5.95759 5.95759 5.95759 
33.343 5.95789 26.0716 10.8152 5.95307 5.95307 5.95307 5.95307 
34.1228 5.90103 26.9157 9.46603 5.89861 5.89861 5.89861 5.89861 
32.9746 5.93424 29.371 7.98799 5.93303 5.93303 5.93303 5.93303 
32.8459 5.92461 30.582 6.95148 5.924 5.924 5.924 5.924 
32.8023 5.94036 29.6327 7.86445 5.94006 5.94006 5.94006 5.94006 
33.8449 5.94446 29.527 6.9065 5.94431 5.94431 5.94431 5.94431 
30.5518 5.95845 32.3745 7.28174 5.95837 5.95837 5.95837 5.95837 
30.7875 5.94952 32.8539 6.61116 5.94948 5.94948 5.94948 5.94948 
31.2399 5.97476 32.5808 6.30558 5.97474 5.97474 5.97474 5.97474 
29.6327 6.33133 34.2044 6.09865 5.93323 5.93323 5.93323 5.93323 
32.7851 6.13441 28.7428 8.5962 5.93537 5.93537 5.93537 5.93537 
29.5504 5.99954 32.1158 8.73419 5.90001 5.90001 5.90001 5.90001 
28.3466 5.93628 34.788 7.38297 5.88651 5.88651 5.88651 5.88651 
30.7023 5.94335 31.8568 7.82372 5.91846 5.91846 5.91846 5.91846 
32.3339 5.90271 28.4284 9.77393 5.89027 5.89027 5.89027 5.89027 
34.0617 5.93381 27.8107 8.48345 5.92759 5.92759 5.92759 5.92759 
33.0083 5.88044 30.4467 7.15526 5.87733 5.87733 5.87733 5.87733 
35.6083 5.86527 28.5689 6.50268 5.86371 5.86371 5.86371 5.86371 
34.1326 5.88466 30.2438 6.20337 5.88388 5.88388 5.88388 5.88388 
29.6901 5.91263 34.6764 6.07198 5.91224 5.91224 5.91224 5.91224 
32.2143 5.90741 32.2623 5.98709 5.90722 5.90722 5.90722 5.90722 
34.2053 5.9445 29.0146 7.05796 5.94441 5.94441 5.94441 5.94441 
30.4039 5.93699 33.3374 6.57385 5.93695 5.93695 5.93695 5.93695 
33.6647 5.90035 30.6148 6.21878 5.90033 5.90033 5.90033 5.90033 
30.2062 5.9137 34.1524 6.07292 5.91369 5.91369 5.91369 5.91369 
31.1603 5.89803 33.3719 5.97763 5.89802 5.89802 5.89802 5.89802 
32.8189 5.91313 29.5565 8.05902 5.91313 5.91313 5.91313 5.91313 
30.8946 5.92341 31.8812 7.60717 5.92341 5.92341 5.92341 5.92341 
33.7524 5.92781 29.8389 6.76969 5.9278 5.9278 5.9278 5.9278 
32.9539 5.8791 31.3505 6.30004 5.8791 5.8791 5.8791 5.8791 
33.8512 5.92697 30.3765 6.13744 5.92697 5.92697 5.92697 5.92697 
31.317 5.92401 32.1291 6.93385 5.92401 5.92401 5.92401 5.92401 
32.0904 5.9354 31.3227 6.90981 5.9354 5.9354 5.9354 5.9354 
32.9305 5.91852 31.0712 6.40572 5.91852 5.91852 5.91852 5.91852 
30.3893 5.88648 32.3078 7.87058 5.88648 5.88648 5.88648 5.88648 
32.2462 5.87397 30.2747 8.10936 5.87397 5.87397 5.87397 5.87397 
30.6926 5.91712 32.687 7.03481 5.91712 5.91712 5.91712 5.91712 
33.5281 5.88064 30.6292 6.43948 5.88064 5.88064 5.88064 5.88064 
32.2784 5.89141 32.0937 6.17084 5.89141 5.89141 5.89141 5.89141 
33.1722 5.92844 31.1175 6.06815 5.92844 5.92844 5.92844 5.92844 
34.9615 5.96106 29.2023 6.03092 5.96106 5.96106 5.96106 5.96106 
30.0002 5.93543 34.3523 5.97036 5.93543 5.93543 5.93543 5.93543 
33.6814 5.95045 29.8135 6.75284 5.95045 5.95045 5.95045 5.95045 
29.7975 5.96526 34.0097 6.36645 5.96526 5.96526 5.96526 5.96526 
31.7941 5.89858 32.6138 6.09918 5.89858 5.89858 5.89858 5.89858 
33.8632 5.91539 30.2899 6.26993 5.91539 5.91539 5.91539 5.91539 
30.5759 5.95065 32.3105 7.36032 5.95065 5.95065 5.95065 5.95065 
31.0592 5.9216 31.5798 7.75295 5.9216 5.9216 5.9216 5.9216 
32.8456 5.91895 28.7769 8.78268 5.91895 5.91895 5.91895 5.91895 
31.0882 5.91223 29.4475 9.90315 5.91223 5.91223 5.91223 5.91223 
32.3425 5.92054 28.1625 9.89229 5.92054 5.92054 5.92054 5.92054 
30.5061 5.94192 31.8565 7.92779 5.94192 5.94192 5.94192 5.94192 
31.9962 5.95261 31.2952 6.94555 5.95261 5.95261 5.95261 5.95261 
31.7182 5.91748 32.2805 6.41395 5.91748 5.91748 5.91748 5.91748 
34.8421 5.92484 29.3606 6.17308 5.92484 5.92484 5.92484 5.92484 
35.8286 5.959 28.2933 6.08311 5.959 5.959 5.959 5.959 
36.5435 5.9672 27.5913 6.02925 5.9672 5.9672 5.9672 5.9672 
37.0003 5.99047 27.4554 5.93559 5.90456 5.90456 5.90456 5.90456 
36.0048 5.97475 28.346 5.94731 5.9318 5.9318 5.9318 5.9318 
37.7353 5.95473 26.6359 5.94101 5.93326 5.93326 5.93326 5.93326 
36.835 5.97192 27.3833 5.96506 5.96118 5.96118 5.96118 5.96118 
34.292 5.93273 30.0415 5.9293 6.02242 5.92736 5.92736 5.92736 
34.0487 5.88672 30.5959 5.885 5.93156 5.88403 5.88403 5.88403 
30.7411 5.89321 33.882 5.89235 5.91563 5.89187 5.89187 5.89187 
33.3405 5.87894 31.3771 5.87851 5.89015 5.87827 5.87827 5.87827 
34.9842 5.91912 29.4967 5.91891 5.92473 5.91878 5.91878 5.91878 
35.5249 5.94019 28.0866 6.68523 5.94299 5.94002 5.94002 5.94002 
36.1685 5.91127 27.9902 6.28379 5.91267 5.91119 5.91119 5.91119 
34.5329 5.94629 29.6026 6.13255 5.94699 5.94625 5.94625 5.94625 
12 12 12 12 12 12 12 12 
12.0987 12.0019 14.9061 11.8083 12.2439 12.0503 10.5499 12.3408 
16.5347 13.1896 14.3212 11.2155 11.8454 10.1003 8.52584 13.2674 
17.0815 12.8982 14.3721 14.4219 10.7304 9.37705 7.25437 13.3645 
17.6177 14.0389 16.0579 13.2622 12.8011 7.66289 6.60155 11.7079 
16.3947 14.3838 16.6668 15.0475 12.9897 7.26444 6.29081 10.8373 
15.7778 13.007 18.8215 16.1426 12.7254 7.47438 6.1049 9.88388 
13.7016 13.4465 20.2826 16.6289 13.198 7.07411 6.01262 9.62439 
10.7638 14.8754 20.4674 17.8253 13.5555 7.4501 5.99544 9.05133 
8.77267 15.3494 19.7601 19.0849 15.9812 6.79286 5.95789 8.29316 
8.37721 16.2266 19.6292 20.0898 15.6303 6.70316 5.9436 7.39629 
8.3465 16.4817 20.9199 19.2028 16.0257 6.35158 5.9718 6.69815 
7.15305 17.4833 20.6619 19.8539 15.9926 6.15559 5.9657 6.73291 
7.08976 16.6846 20.8707 22.7579 13.8517 6.03095 5.93601 6.77786 
7.42285 16.2534 20.8283 24.2021 12.5101 6.42809 5.96697 6.3879 
6.69885 18.2944 22.1542 22.7405 11.601 6.3587 5.97091 6.18137 
6.35259 19.1051 22.4048 21.5388 12.4917 6.12982 5.93593 6.04116 
6.16218 20.1931 21.843 20.8671 12.7062 6.26795 5.95385 6.00646 
6.08005 20.1793 20.1252 21.809 12.9715 6.44318 5.97589 6.41585 
6.03372 17.4951 20.5668 21.5662 15.9395 6.21529 5.98164 6.20162 
5.97983 19.8058 19.4368 20.6244 16.065 6.07061 5.95378 6.06377 
5.95866 19.5904 19.4059 20.5205 16.5742 6.00405 5.94564 6.00064 
6.0695 18.7111 19.7334 20.392 16.4431 6.29483 5.96168 6.39444 
6.0281 18.0584 19.3456 20.6727 16.8136 6.14076 5.97419 6.96662 
5.9967 18.411 19.2173 20.0977 17.7886 6.05303 5.96974 6.46596 
5.94899 16.7162 20.8747 19.5982 18.7655 5.97716 5.93551 6.18362 
5.93467 18.2612 19.7485 20.2943 17.7789 6.00257 5.92793 6.05198 
5.95476 17.5688 21.0377 18.7425 18.7427 5.98871 5.95139 6.01341 
5.97512 17.0423 18.5505 19.8916 20.5704 5.99209 5.97343 6.00444 
5.96113 17.3317 18.5814 19.6925 20.5275 5.96961 5.96028 5.97579 
5.98056 18.8764 18.5012 17.4778 21.2111 5.98481 5.98014 5.9879 
5.99028 19.7715 16.8062 19.0167 20.4389 5.9924 5.99007 5.99395 
5.98979 18.6558 15.9432 21.0057 20.4334 5.99085 5.98969 5.99163 
5.97174 19.6917 16.5714 19.268 20.5805 5.97227 5.97169 5.97266 
5.97095 20.1214 17.8724 18.13 19.9917 5.97121 5.97092 5.9714 
5.94968 18.6737 19.0033 17.9017 20.1748 5.94981 5.94967 6.39734 
6.13388 18.9774 17.5627 19.7896 19.4011 5.97055 5.97048 6.19431 
6.04189 19.6139 19.3241 19.0284 17.9991 5.96022 5.96019 6.0721 
5.99847 19.5823 17.9767 19.2333 19.2805 5.95764 5.95762 6.01358 
5.99069 19.5668 18.9777 20.0867 17.4394 5.97027 5.97026 5.99824 
5.99099 19.0426 20.3821 18.4856 18.1423 5.98078 5.98077 5.99476 
5.98984 20.1428 19.1741 18.6213 17.2068 5.98474 5.98474 6.89569 
5.96245 21.5496 18.7136 19.669 15.7702 5.9599 5.95989 6.41537 
5.96973 21.0621 19.2418 18.6851 16.6782 6.19834 5.96845 6.19619 
6.14391 22.3502 20.4052 18.5473 14.3304 6.09481 5.97987 6.1482 
6.02676 22.415 18.7194 20.2818 14.5812 6.00221 5.94474 6.02891 
6.00011 20.6101 20.2004 19.4329 15.8083 5.98783 5.9591 6.00118 
7.07944 20.4484 19.4718 19.2534 15.8424 5.97076 5.9564 5.97744 
6.48089 19.8881 20.12 20.0109 15.7243 5.92656 5.91937 5.9299 
8.58775 20.9143 19.7623 18.6052 14.312 5.94013 5.93653 5.94179 
7.51025 20.808 20.0566 20.1213 13.6472 5.95252 5.95072 5.95335 
7.75056 21.8766 19.9027 19.6497 12.6455 5.9443 5.9434 6.28718 
6.93532 21.3309 20.5172 18.9473 13.2512 6.78277 5.91627 6.31911 
6.8702 20.4694 20.2932 19.1045 14.7571 6.39023 5.95698 6.1584 
6.42211 19.5853 21.0557 19.0328 15.1058 6.18213 5.9655 6.65063 
6.72668 18.2748 23.0278 19.5052 14.1935 6.04865 5.94034 6.2829 
6.31842 19.0074 22.5068 22.2231 11.6476 5.97941 5.92525 6.39204 
6.15066 19.0886 24.9286 21.8563 9.8531 5.98116 5.95408 6.18747 
6.2858 19.2946 23.8198 22.9377 9.68279 5.96323 5.94969 6.06639 
6.44916 19.7981 21.9447 23.7658 10.1778 5.93985 5.93308 5.99143 
6.95952 20.381 21.5145 23.4492 9.90819 5.92173 5.91835 5.94752 
6.46305 20.095 21.4375 24.0158 10.145 5.94416 5.94247 5.95705 
6.17624 20.384 20.875 23.1257 11.5028 6.09708 5.91595 5.92324 
6.96056 19.7023 22.3395 21.3578 11.7878 6.00982 5.91925 5.9229 
6.90576 16.5819 23.1289 21.6164 14.0069 5.94962 5.90434 5.90616 
6.48686 14.2376 24.8533 22.8834 13.3141 6.06947 5.92547 6.22978 
6.24957 15.585 25.6168 22.4847 11.565 5.97952 5.90752 6.61182 
6.10792 15.7043 26.1028 23.3046 10.5815 5.9729 5.9369 6.28905 
7.70356 12.2322 26.8654 26.5445 8.66001 5.95141 5.93341 6.10948 
6.8443 13.0987 28.1459 25.8658 8.07066 5.96822 5.95922 6.04726 
8.62661 11.382 30.6157 23.7755 7.69084 5.95809 5.95359 5.99761 
9.03485 10.6547 27.8987 26.8393 7.71951 5.94515 5.9429 5.96491 
9.06288 11.388 26.8281 28.0661 6.82693 5.93974 5.93862 5.94962 
9.2438 10.0391 26.3884 30.0061 6.41224 5.96865 5.96809 5.97359 
7.59659 8.374 27.1815 32.598 6.37068 5.95901 5.95873 5.96148 
7.67708 7.45973 30.9847 29.8748 6.15504 5.9492 5.94906 5.95044 
7.07419 7.33182 31.4875 30.1388 6.06897 5.96605 5.96598 5.96667 
8.43906 6.66476 29.3539 31.4477 6.03333 5.98187 5.98184 6.09752 
8.2568 6.31374 31.8819 29.5748 5.99803 5.9723 5.97229 6.03013 
9.0995 6.10485 30.6808 30.3365 5.94699 5.93413 5.93412 5.96304 
9.33831 6.65939 29.8927 30.2802 5.95857 5.95214 5.95213 5.96659 
7.63945 6.67128 32.7062 29.1871 5.94958 5.94637 5.94636 5.95359 
9.69094 6.30281 32.641 26.7779 6.76267 5.94035 5.94035 5.94397 
9.4087 6.1501 29.2279 30.9248 6.38003 5.96887 5.96887 5.97068 
7.70036 6.07106 31.3916 29.6435 7.25127 5.98044 5.98044 5.98135 
7.17916 5.97286 33.9726 28.5293 6.56297 5.92756 5.92756 5.92801 
7.45899 5.94895 31.7384 30.8306 6.244 5.92629 5.92629 5.92652 
8.34675 6.1944 32.8194 28.7203 6.09891 5.94006 5.94006 5.94017 
9.08175 6.04223 30.6767 30.1324 6.32171 5.91506 5.91506 5.91511 
8.6252 6.18317 30.2264 31.0741 6.12528 5.92196 5.92196 5.92198 
9.09787 6.03637 28.6101 32.5309 6.00743 5.90576 5.90576 5.90578 
8.57707 5.95936 27.7961 34.0404 5.94489 5.89406 5.89406 5.89406 
