5 80000 300 266
14 14 14 14 14 14 14 
17.4911 13.9196 18.7188 15.1473 11.9107 10.9062 10.9062 
15.9063 15.1257 21.6709 14.9857 13.1162 9.3476 9.3476 
14.8415 14.9262 23.0682 15.0938 14.6341 8.59304 8.59304 
13.0514 14.4451 23.8089 17.5694 14.5243 8.23796 8.23796 
11.7948 15.6306 22.7789 19.3228 14.3249 8.04275 8.04275 
11.9064 14.9582 22.047 20.7725 14.3053 7.98963 7.98963 
11.7094 15.8312 21.2944 20.6571 14.6019 7.94515 7.94515 
10.8426 15.8232 23.6642 19.696 14.2352 7.86552 7.86552 
10.1016 17.6148 23.2476 19.5512 13.6245 7.92819 7.92819 
10.1645 18.4665 21.1693 19.5483 14.7668 7.94137 7.94137 
9.92457 19.8188 20.945 19.4588 14.0275 7.91213 7.91213 
9.69797 19.4909 19.9439 21.9541 13.071 7.92082 7.92082 
9.37387 20.7183 19.3611 21.7237 12.9835 7.91969 7.91969 
9.65147 20.2882 19.4914 21.3819 13.4657 7.86055 7.86055 
8.79399 20.0081 18.7026 21.9155 14.7828 7.89853 7.89853 
8.50955 22.017 19.0916 19.724 14.9671 7.84537 7.84537 
8.20826 22.055 20.2435 18.8155 14.9254 7.87617 7.87617 
8.73167 21.9756 20.2797 19.2271 14.009 7.88843 7.88843 
8.34311 20.306 19.5717 20.2954 15.6409 7.92149 7.92149 
8.13981 18.4296 19.7632 20.9187 16.8907 7.929 7.929 
8.14716 17.4766 18.4653 21.7254 18.3166 7.93446 7.93446 
8.8681 17.7566 19.7349 19.9951 17.7199 7.96266 7.96266 
8.47899 17.0805 21.7776 19.9976 16.8375 7.91392 7.91392 
9.16738 16.7133 20.9849 20.3353 16.9524 7.9233 7.9233 
10.0743 15.5997 20.4224 20.5649 17.4715 7.93361 7.93361 
10.9613 14.7904 20.2823 21.4199 16.7926 7.87676 7.87676 
11.0999 15.6521 19.7742 21.9485 15.8504 7.83746 7.83746 
11.7561 14.8518 19.8402 21.1616 16.5903 7.9 7.9 
11.0887 15.4082 19.4545 20.8912 17.2752 7.94113 7.94113 
10.8852 14.9768 19.0454 21.9229 17.274 7.94784 7.94784 
10.6345 15.8405 19.2293 20.7809 17.6663 7.92426 7.92426 
10.4816 16.6057 20.4128 19.3106 17.2839 7.95274 7.95274 
10.704 15.785 20.7764 19.7503 17.193 7.89561 7.89561 
10.4347 15.5757 21.7357 19.686 16.8707 7.84851 7.84851 
10.4137 16.5639 20.3367 20.813 16.1721 7.85035 7.85035 
10.649 16.5586 19.9189 20.4972 16.5894 7.89343 7.89343 
10.0864 15.6489 20.0502 21.6998 16.6847 7.91497 7.91497 
10.0792 15.9779 21.0563 22.2408 14.8172 7.91432 7.91432 
11.0204 17.7976 19.8583 21.1683 14.3464 7.90453 7.90453 
10.7928 18.6039 19.6343 20.535 14.6671 7.88347 7.88347 
10.4984 20.1863 19.0008 19.9047 14.5898 7.90999 7.90999 
9.90038 20.9071 19.0353 19.8361 14.5042 7.90848 7.90848 
9.13571 20.1821 19.4724 21.3434 14.0394 7.91352 7.91352 
9.17312 20.6173 18.3985 21.7462 14.2566 7.90413 7.90413 
9.3259 19.6689 21.0476 21.1812 13.0524 7.86202 7.86202 
10.2443 20.2995 20.7563 19.7766 13.1541 7.8845 7.8845 
10.6114 18.0257 20.1634 21.2248 14.2143 7.8802 7.8802 
11.4208 18.3654 20.3934 19.4853 14.5412 7.89693 7.89693 
10.617 19.5799 20.7107 19.3221 13.9295 7.92043 7.92043 
11.5585 19.3354 20.469 19.4338 13.3284 7.93749 7.93749 
11.9369 17.3032 22.1803 20.1849 12.5755 7.90963 7.90963 
11.9028 18.1213 23.5902 18.1732 12.4746 7.86896 7.86896 
11.8337 16.7812 23.6823 20.3611 11.6295 7.85605 7.85605 
13.4292 16.0261 23.1712 19.2939 12.3418 7.86891 7.86891 
12.9799 16.244 23.5021 19.1064 12.4363 7.86566 7.86566 
13.0275 16.3544 24.3418 17.9067 12.5135 7.92799 7.92799 
14.3263 15.8595 24.4105 18.0679 11.5953 7.87024 7.87024 
13.6849 16.7533 23.0748 19.6478 11.0406 7.89932 7.89932 
12.8473 17.5678 22.3217 19.8729 11.6478 7.87123 7.87123 
12.2678 17.7449 22.7193 20.7157 10.8888 7.83172 7.83172 
12.606 16.3598 23.6693 21.1446 10.5206 7.84987 7.84987 
11.9403 15.2877 25.0699 21.1115 10.8975 7.8465 7.8465 
12.1582 15.9359 24.7874 21.3231 10.028 7.88365 7.88365 
12.7025 14.7212 25.9002 20.9213 10.0789 7.83793 7.83793 
11.9344 15.3011 25.9774 21.5028 9.50596 7.88919 7.88919 
13.6175 15.0276 24.8739 21.4072 9.26118 7.90634 7.90634 
14.0252 13.5705 25.4524 20.3685 10.6873 7.94802 7.94802 
14.1373 13.5282 25.0672 20.7441 10.6872 7.91803 7.91803 
11.8864 14.0558 25.0336 22.3512 10.9425 7.86526 7.86526 
11.6189 15.2711 25.2195 21.3107 10.8767 7.85155 7.85155 
13.2117 13.0825 26.4366 20.1526 11.4439 7.83639 7.83639 
12.7 12.3584 26.6532 22.6802 10.0156 7.79631 7.79631 
11.4032 12.6952 26.3585 24.372 9.39609 7.88752 7.88752 
11.3407 13.9917 26.4625 23.3389 9.20932 7.82847 7.82847 
12.0317 13.6116 25.0633 24.1376 9.43927 7.85826 7.85826 
11.723 15.2425 23.3257 23.8554 10.0546 7.89935 7.89935 
10.6109 16.4603 24.1958 22.086 10.8321 7.90746 7.90746 
10.686 16.3666 23.7777 21.9354 11.4528 7.89074 7.89074 
10.2372 14.9294 23.5291 24.3275 11.1497 7.91362 7.91362 
10.1595 14.9579 24.7073 23.7441 10.6157 7.90777 7.90777 
10.4369 15.1712 25.1284 22.5863 10.8024 7.9374 7.9374 
10.3404 15.3905 25.9788 23.0005 9.54752 7.87114 7.87114 
10.1827 14.9634 27.0245 22.1519 10.0369 7.82028 7.82028 
11.4497 14.4181 25.94 22.7811 9.78725 7.81187 7.81187 
12.2346 15.9348 24.6043 22.7479 8.91024 7.78405 7.78405 
13.0655 14.0982 26.4711 21.3195 9.35975 7.84298 7.84298 
13.5 14.0163 27.0334 20.769 8.91485 7.88324 7.88324 
14.2432 12.049 27.4131 21.4199 9.08958 7.89257 7.89257 
16.1216 11.3102 26.5637 21.5671 8.54479 7.94629 7.94629 
15.1441 10.9329 26.6152 21.8947 9.68906 7.86203 7.86203 
15.1478 10.4251 28.3214 20.8647 9.38999 7.92551 7.92551 
14.8742 10.309 27.797 21.8649 9.24045 7.95724 7.95724 
13.3619 10.3568 27.3378 24.6607 8.52196 7.88036 7.88036 
13.8844 10.8281 28.2169 22.6411 8.63951 7.89498 7.89498 
15.2295 12.0439 27.6444 21.2653 8.18716 7.81489 7.81489 
13.2182 11.9128 28.7647 22.5579 7.97289 7.78676 7.78676 
13.6912 11.6221 27.1302 23.8852 7.95245 7.85938 7.85938 
12.7685 11.0452 27.7524 24.6148 7.97072 7.92418 7.92418 
11.8597 10.4217 28.1414 25.8521 8.01994 7.85258 7.85258 
11.787 9.21087 27.6421 27.4975 8.00997 7.92629 7.92629 
11.4329 9.5617 28.3983 26.8683 7.94085 7.89901 7.89901 
13.1569 9.09633 27.592 26.6782 7.83947 7.81855 7.81855 
12.7162 9.33858 29.0655 24.7163 8.56045 7.80149 7.80149 
13.0863 9.02285 29.3085 23.7038 9.16149 7.85853 7.85853 
14.7303 8.4588 28.3969 24.1326 8.52812 7.87663 7.87663 
14.5737 9.13737 28.1555 24.0295 8.25179 7.92605 7.92605 
14.9792 8.84219 28.6077 23.2683 8.3994 7.95163 7.95163 
15.8954 8.62399 30.3908 21.1994 8.11274 7.88886 7.88886 
16.3984 9.9458 28.5757 21.3039 8.00003 7.88809 7.88809 
15.3634 10.0475 29.8102 21.0997 8.02987 7.82464 7.82464 
16.015 9.62146 29.4166 21.3257 8.03792 7.79163 7.79163 
14.6321 9.38486 29.5348 22.808 7.96218 7.83903 7.83903 
16.5185 9.60041 27.9576 22.1402 7.96882 7.90725 7.90725 
16.7388 10.9406 28.0139 20.573 7.93178 7.90099 7.90099 
17.2818 10.002 28.6595 20.1052 8.1955 7.87799 7.87799 
16.5197 10.001 28.4207 20.5072 8.79472 7.87839 7.87839 
15.4446 9.2527 29.1663 21.9838 8.3563 7.89814 7.89814 
16.1064 9.19952 27.6929 23.0346 8.14157 7.91248 7.91248 
16.2429 8.91011 28.0706 23.1552 7.95009 7.83555 7.83555 
16.7902 9.40861 28.122 22.2587 7.84502 7.78775 7.78775 
17.1229 9.73389 27.8184 21.6323 7.91659 7.88796 7.88796 
15.4684 9.07115 28.1735 22.8282 8.7631 7.84788 7.84788 
15.4849 8.79089 28.5244 23.1162 8.33292 7.87531 7.87531 
13.8198 8.53909 29.5937 23.989 8.44823 7.80506 7.80506 
13.5978 8.56891 28.4911 25.3703 8.20501 7.88342 7.88342 
13.2052 8.8157 28.3081 25.9664 8.00875 7.84796 7.84796 
13.7865 8.57452 29.0966 24.4775 8.4584 7.80329 7.80329 
13.6542 9.16147 28.2275 25.1318 8.16002 7.83246 7.83246 
15.0061 9.36469 27.8483 24.2943 7.93803 7.77426 7.77426 
17.6297 9.42918 25.633 23.6978 7.92471 7.84282 7.84282 
16.362 9.5888 25.7096 23.4841 9.15104 7.85223 7.85223 
16.0426 9.51138 27.163 23.0628 8.50634 7.85693 7.85693 
15.8645 8.67726 29.5946 21.9889 8.17474 7.85003 7.85003 
16.712 8.5053 29.9759 21.2623 7.95642 7.79407 7.79407 
18.356 8.75265 27.8213 21.1312 8.14487 7.89703 7.89703 
19.1448 8.69526 26.0369 22.1935 8.05915 7.93523 7.93523 
18.127 8.32993 27.4727 22.0112 8.15937 7.94991 7.94991 
19.0032 8.08063 28.1942 20.9454 7.99535 7.89062 7.89062 
19.179 8.23386 29.0971 19.9888 7.86864 7.81628 7.81628 
20.6487 8.16678 29.0345 18.7171 7.8284 7.80222 7.80222 
21.4181 8.30214 28.736 18.1086 7.82045 7.80736 7.80736 
20.4269 8.06956 29.415 18.6154 7.82872 7.82218 7.82218 
21.2383 8.07205 28.8379 18.4692 7.79635 7.79308 7.79308 
20.3012 8.51579 28.7253 18.7722 8.08893 7.79827 7.79827 
18.8677 8.20527 29.3298 19.9124 7.99183 7.8465 7.8465 
18.9339 8.93597 28.1649 20.1229 7.99592 7.92325 7.92325 
18.6133 9.04115 28.4117 20.1224 7.96137 7.92504 7.92504 
19.3066 8.55283 29.5284 19.0935 7.85165 7.83349 7.83349 
20.091 8.31682 29.2423 18.9743 7.79788 7.7888 7.7888 
19.3623 8.50624 29.8386 18.8039 7.93621 7.77639 7.77639 
18.757 8.54355 29.4407 19.633 7.9285 7.84859 7.84859 
21.1132 8.18334 28.836 18.3199 7.87581 7.83586 7.83586 
21.9445 8.00626 29.3646 16.9891 8.03043 7.83252 7.83252 
21.407 7.91617 28.1606 18.4946 8.36304 7.8293 7.8293 
22.2283 7.8588 29.5058 16.6941 8.08223 7.81536 7.81536 
22.8406 7.83819 30.3881 15.3503 7.94991 7.81648 7.81648 
23.559 7.82083 29.5004 15.6231 7.87669 7.80997 7.80997 
23.9007 7.78247 29.2283 15.724 7.8104 7.77704 7.77704 
23.806 7.84312 30.0781 14.563 8.02891 7.84041 7.84041 
22.8405 7.82781 29.1015 16.6565 7.92071 7.82645 7.82645 
22.5488 7.8324 29.5978 16.4787 7.87885 7.83172 7.83172 
23.3265 7.825 28.8054 16.5456 7.84822 7.82466 7.82466 
23.2279 7.82406 30.049 15.4156 7.83567 7.82389 7.82389 
22.9921 8.0787 29.6078 16.0412 7.76399 7.7581 7.7581 
22.5522 7.99974 29.3254 16.6014 7.84239 7.83945 7.83945 
22.2958 7.94724 29.1364 17.0178 7.86856 7.86709 7.86709 
22.5182 7.90948 28.7081 17.2553 7.87014 7.86941 7.86941 
22.7722 7.90211 28.3343 17.3447 7.88244 7.88207 7.88207 
23.4263 8.13166 29.2173 15.863 7.78737 7.78719 7.78719 
22.2016 7.94514 29.9822 16.5522 7.773 7.77291 7.77291 
21.295 7.85606 29.3924 18.1466 7.76999 7.76995 7.76995 
21.6672 7.8754 28.8409 18.1194 7.83237 7.83234 7.83234 
20.9829 8.26606 28.3011 19.0597 7.79678 7.79677 7.79677 
22.6177 8.11974 28.2701 17.3372 7.8851 7.8851 7.8851 
21.6078 8.04658 29.2513 17.3065 7.92926 7.92926 7.92926 
20.5977 7.97518 28.0277 19.6498 7.91652 7.91652 7.91652 
20.1518 9.13465 26.3668 20.5602 7.92885 7.92885 7.92885 
18.6125 8.68318 26.9029 22.0179 7.92784 7.92784 7.92784 
18.0019 8.18774 28.1672 22.213 7.81007 7.81007 7.81007 
17.5636 8.06941 29.2212 21.504 7.88057 7.88057 7.88057 
17.5481 7.93081 30.195 20.817 7.83639 7.83639 7.83639 
19.073 8.11823 27.7221 21.3719 7.90491 7.90491 7.90491 
18.2116 8.63325 27.7412 21.4115 8.21113 7.89567 7.89567 
18.4412 8.58878 28.5858 20.5159 8.06126 7.90353 7.90353 
20.3122 8.34368 29.9619 17.8284 7.90387 7.82501 7.82501 
19.6416 8.03036 29.9327 19.0428 7.81046 7.77102 7.77102 
21.4727 7.99748 29.1257 17.781 7.88753 7.86781 7.86781 
22.5209 7.87079 29.546 16.6346 7.81582 7.80596 7.80596 
23.3353 7.84696 28.8886 16.4806 7.81947 7.81454 7.81454 
23.2432 7.782 30.3607 15.3142 7.76826 7.76579 7.76579 
24.0795 7.76305 29.6585 15.2329 7.75618 7.75495 7.75495 
25.7384 7.81988 29.0416 13.9521 7.81645 7.81583 7.81583 
25.1815 7.81385 29.2355 14.3334 7.81213 7.81182 7.81182 
25.5191 7.95677 29.2595 13.8645 7.80014 7.79999 7.79999 
26.3661 8.24068 27.9084 13.9814 7.8345 7.83442 7.83442 
26.5759 8.40605 28.5971 12.8836 7.84582 7.84578 7.84578 
26.2789 8.13052 29.8574 12.182 7.8504 7.85038 7.85038 
27.3582 7.97151 28.5225 12.6535 7.83145 7.83144 7.83144 
27.5864 7.95926 28.3341 12.4526 7.88924 7.88923 7.88923 
26.3971 8.13476 29.264 12.736 7.82273 7.82273 7.82273 
26.8949 8.85286 28.9884 11.6485 7.87176 7.87176 7.87176 
27.365 8.37832 30.3018 10.2916 7.88777 7.88777 7.88777 
28.1305 8.08526 29.5989 10.6653 7.83999 7.83999 7.83999 
25.796 8.08109 32.1072 10.525 7.95846 7.76615 7.76615 
24.5109 8.0728 32.3439 11.7141 7.8502 7.75404 7.75404 
24.7555 7.9921 30.8871 12.8191 7.88079 7.83272 7.83272 
23.9042 7.89013 29.3065 15.4438 7.83448 7.81044 7.81044 
23.5027 7.90076 28.5773 16.4244 7.87294 7.86092 7.86092 
24.1574 7.89775 30.2661 14.0393 7.88384 7.87783 7.87783 
25.108 7.85767 29.9539 13.0457 8.33931 7.84771 7.84771 
24.9319 8.0005 30.1235 13.2004 8.07845 7.83265 7.83265 
26.4787 7.98114 29.0745 12.6511 8.02012 7.89722 7.89722 
26.2633 7.88279 29.0582 13.2118 7.90227 7.84082 7.84082 
25.5917 7.935 29.2256 13.4749 7.94475 7.91402 7.91402 
25.2084 7.81366 30.5219 13.0312 7.81853 7.80316 7.80316 
26.8426 7.88034 29.4994 12.1447 7.88277 7.87509 7.87509 
25.3331 8.49899 29.0144 13.4253 7.91198 7.90813 7.90813 
25.3355 8.13463 28.8653 14.1451 7.84112 7.8392 7.8392 
26.3041 7.96342 28.2314 14.0531 7.81667 7.81571 7.81571 
25.8009 7.85076 27.8062 15.2111 7.77738 7.7769 7.7769 
25.275 7.77153 29.1205 14.6289 7.73484 7.7346 7.7346 
26.8498 7.82412 28.6013 13.3076 7.80578 7.80566 7.80566 
27.3471 7.80428 28.2228 13.2406 7.7951 7.79504 7.79504 
25.6301 7.78413 29.1735 14.0737 7.77954 7.77951 7.77951 
27.9466 7.83943 28.2381 12.4645 7.83714 7.83712 7.83712 
27.6389 7.77824 29.0708 12.1808 7.77709 7.77708 7.77708 
27.1528 7.80216 29.1731 12.4672 7.80159 7.80158 7.80158 
25.9936 7.87459 29.8183 12.6906 7.8743 7.8743 7.8743 
25.8393 7.87565 29.2927 13.3658 7.87551 7.87551 7.87551 
26.4581 8.09167 30.031 11.606 7.93775 7.93775 7.93775 
27.4414 7.98419 29.9127 10.94 7.90723 7.90723 7.90723 
28.2838 7.87559 29.6813 10.648 7.83711 7.83711 7.83711 
27.5637 8.06759 28.5575 12.1087 7.90086 7.90086 7.90086 
25.6711 8.26832 29.751 12.7319 7.85922 7.85922 7.85922 
26.266 8.01766 29.9241 12.353 7.81311 7.81311 7.81311 
26.8787 7.96072 30.9414 10.6438 7.85844 7.85844 7.85844 
26.7447 8.04198 30.4567 11.2043 7.85079 7.85079 7.85079 
28.0303 7.92979 29.3977 11.1396 7.83419 7.83419 7.83419 
28.5847 8.10397 29.1028 10.5367 7.8906 7.8906 7.8906 
28.2422 9.06766 28.031 11.0677 7.8638 7.8638 7.8638 
25.1169 9.51308 30.8205 10.3056 8.08128 8.08128 8.08128 
25.8173 8.75015 29.7872 11.5426 8.03425 8.03425 8.03425 
24.2322 8.34566 31.0701 12.3889 7.98771 7.98771 7.98771 
25.7524 8.06894 28.6844 13.8243 7.88996 7.88996 7.88996 
24.7643 7.88062 30.0765 13.9052 7.79113 7.79113 7.79113 
24.4097 8.06402 28.9558 15.0282 7.84746 7.84746 7.84746 
25.0382 8.03201 27.9779 15.1808 7.92373 7.92373 7.92373 
25.2986 8.00962 27.4075 15.4179 7.95547 7.95547 7.95547 
24.1247 7.93923 27.966 16.2335 7.91216 7.91216 7.91216 
22.7449 8.56902 29.1165 16.1286 7.81365 7.81365 7.81365 
23.951 8.21533 28.7092 15.6115 7.83764 7.83764 7.83764 
23.7906 8.04602 29.2519 15.34 7.85718 7.85718 7.85718 
24.3953 8.39048 28.632 15.0495 7.84425 7.84425 7.84425 
23.3452 8.12967 29.0701 15.8854 7.85655 7.85655 7.85655 
24.9739 7.91099 28.9581 14.8337 7.77443 7.77443 7.77443 
23.999 8.0792 29.7712 14.6334 7.8391 7.8391 7.8391 
24.2186 7.97219 29.3519 14.9009 7.85214 7.85214 7.85214 
23.4426 7.98609 28.8426 15.9505 7.92607 7.92607 7.92607 
24.1787 7.91796 30.2916 13.9479 7.88795 7.88795 7.88795 
23.5351 7.87464 29.453 15.5583 7.85964 7.85964 7.85964 
23.079 8.19962 28.8249 16.3037 7.86424 7.86424 7.86424 
22.0491 8.0807 28.2659 17.8652 7.91301 7.91301 7.91301 
21.0245 7.97974 28.0724 19.2357 7.8959 7.8959 7.8959 
22.218 8.17047 27.9158 18.3135 7.7941 7.7941 7.7941 
21.9104 7.91799 28.9405 18.0418 7.7298 7.7298 7.7298 
21.3061 7.81864 30.0843 17.6174 7.72455 7.72455 7.72455 
14 14 14 14 14 14 14 
13.3596 14.6754 15.114 18.0746 13.7982 13.0307 10.9474 
12.7718 16.5331 15.1432 18.9223 16.3244 10.4234 9.38173 
12.8126 16.4928 16.8261 19.4869 16.2599 9.19627 8.67544 
13.4281 17.8106 15.677 18.5812 17.452 8.59329 8.33288 
13.6519 16.9196 17.6471 17.5442 17.8169 8.24402 8.11381 
12.8939 18.4113 17.1973 18.6022 16.9182 8.0055 7.9404 
12.5389 18.2861 18.024 17.0022 18.3441 7.9108 7.87825 
12.2429 19.6519 17.9722 15.5808 18.6853 7.9377 7.92142 
11.9409 18.0207 19.1999 15.035 20.0315 7.88809 7.87995 
11.1696 17.7493 20.2194 15.5927 19.4184 7.92635 7.92228 
11.2281 17.5654 20.3806 16.8257 18.1742 7.91351 7.91148 
11.1565 16.094 21.0393 18.4364 17.5777 7.84827 7.84725 
10.3728 16.837 20.4512 20.7479 15.7523 7.91957 7.91906 
9.89903 17.2691 18.9612 20.4889 17.6463 7.86783 7.86757 
9.4439 18.4098 18.4694 20.8062 17.1377 7.8665 7.86637 
8.71308 17.1872 18.8799 22.0439 17.3272 7.92438 7.92432 
10.393 18.1608 18.3238 20.2475 16.9779 7.94852 7.94849 
10.6077 19.9029 19.1186 18.89 15.7401 7.87037 7.87035 
10.1 18.4646 19.7511 20.716 15.1842 7.89202 7.89201 
10.668 19.7941 19.3138 19.9085 14.5584 7.87859 7.87859 
11.8088 17.8107 20.3284 18.9471 15.3128 7.89613 7.89613 
11.0414 17.0104 20.5523 19.9758 15.5331 7.9435 7.9435 
10.4981 17.1025 21.1359 20.282 15.1195 7.93103 7.93103 
10.1271 16.2342 21.5435 21.4825 14.8768 7.86795 7.86795 
11.48 15.6231 22.5151 21.395 13.1285 7.92913 7.92913 
10.9048 15.5039 23.1257 21.7964 12.828 7.92061 7.92061 
9.82024 17.1772 23.5169 21.0131 12.7358 7.86835 7.86835 
9.93295 18.7484 22.489 20.6664 12.304 7.92961 7.92961 
10.3586 17.7075 23.0092 20.995 12.1569 7.88637 7.88637 
10.6405 16.4994 23.8833 22.3907 10.9328 7.82668 7.82668 
9.23948 17.3946 23.1055 24.2595 10.3358 7.83258 7.83258 
8.55769 16.9312 22.7699 24.5402 11.4925 7.85424 7.85424 
9.48465 16.0927 23.2494 24.1345 11.1942 7.92228 7.92228 
8.65938 16.2261 22.2238 24.6249 12.5095 7.87819 7.87819 
8.7716 16.5413 21.2486 23.5881 13.9996 7.92543 7.92543 
9.57448 17.4688 22.1809 20.9921 14.0753 7.85422 7.85422 
9.53177 15.7903 24.8374 20.715 13.4853 7.82006 7.82006 
10.0028 14.5036 23.1419 22.8264 13.7252 7.90005 7.90005 
9.85922 14.1239 24.8411 22.3137 13.1422 7.85998 7.85998 
9.51784 12.9443 23.597 24.8039 13.277 7.92999 7.92999 
9.68316 12.2802 25.5611 23.008 13.7092 7.87914 7.87914 
10.5347 13.0708 24.1667 23.2614 13.1665 7.89996 7.89996 
10.5614 13.006 24.201 22.8072 13.5244 7.94998 7.94998 
10.77 12.1116 24.3917 24.0528 12.8481 7.91294 7.91294 
9.72742 13.3759 23.8584 24.4333 12.7516 7.92669 7.92669 
10.739 12.5632 23.5599 25.526 11.7715 7.92018 7.92018 
11.2137 13.6842 23.3384 25.2305 10.8208 7.85619 7.85619 
11.6325 14.0216 25.2589 22.3589 10.9232 7.90246 7.90246 
11.8616 13.434 26.4834 21.8847 10.6253 7.85551 7.85551 
12.4525 15.6542 23.9905 21.4496 10.6267 7.91326 7.91326 
10.7057 14.4857 25.7967 22.5892 10.5192 7.95179 7.95179 
10.0128 13.5401 24.989 24.8966 10.8011 7.88018 7.88018 
10.0932 14.5864 24.2811 24.359 10.8596 7.91031 7.91031 
10.3575 13.3813 25.7416 25.1329 9.70442 7.84117 7.84117 
11.6788 13.1906 25.9958 23.4414 9.85221 7.92058 7.92058 
11.9618 13.1004 26.5183 22.435 10.1557 7.91437 7.91437 
11.9717 14.3843 27.7753 21.0101 9.11011 7.87424 7.87424 
11.3192 15.8588 26.6876 21.3051 8.95505 7.93712 7.93712 
12.0371 15.9651 27.2469 20.2189 8.68671 7.92264 7.92264 
12.963 14.8007 27.2598 20.968 8.2575 7.87546 7.87546 
14.0425 15.3272 25.2153 20.7279 9.0068 7.84017 7.84017 
15.3975 14.7512 24.721 19.9 9.40031 7.91493 7.91493 
15.4203 13.8313 25.3985 19.3171 10.2698 7.88152 7.88152 
15.2426 13.4092 26.3356 19.3988 9.94008 7.83686 7.83686 
16.4233 13.6728 26.493 18.3791 9.37102 7.83041 7.83041 
15.5788 13.4789 25.8069 18.3683 10.9657 7.90071 7.90071 
16.9966 12.7497 25.6912 19.0307 9.7028 7.91455 7.91455 
14.8813 12.3589 26.0105 19.7547 11.1014 7.94664 7.94664 
14.4919 11.1794 26.9796 20.7748 10.6789 7.94768 7.94768 
14.2408 11.0301 26.9613 20.6206 11.4275 7.85985 7.85985 
12.6474 12.0703 26.0771 21.8784 11.4978 7.9145 7.9145 
11.6856 11.9333 26.5774 23.6738 10.4406 7.84465 7.84465 
12.0759 12.1997 26.9743 21.9995 11.0469 7.85186 7.85186 
13.625 12.07 27.0444 21.5719 9.87666 7.90603 7.90603 
13.8153 11.4972 27.948 21.5703 9.42012 7.87458 7.87458 
15.3331 11.5497 27.2336 21.6967 8.57747 7.8047 7.8047 
14.2349 11.4049 29.1664 21.036 8.57828 7.78975 7.78975 
15.7525 10.7164 28.5108 21.103 8.32814 7.7946 7.7946 
14.5147 10.3017 27.391 23.9696 8.11887 7.8521 7.8521 
15.4891 9.72401 28.6345 22.1982 8.17529 7.88946 7.88946 
14.0664 10.8965 27.5356 23.8865 7.96695 7.82404 7.82404 
13.2326 10.7043 27.6492 24.7465 8.0266 7.82038 7.82038 
12.6974 10.0819 28.0138 25.6165 7.93222 7.82911 7.82911 
11.4172 9.28752 28.8014 26.2329 8.48666 7.88716 7.88716 
12.2728 8.8337 28.6465 25.9656 8.57294 7.85419 7.85419 
11.6472 8.58352 29.1082 26.5581 8.45314 7.82495 7.82495 
11.2584 10.27 27.3258 26.5943 8.84613 7.85269 7.85269 
12.1819 11.8302 26.341 24.978 8.83902 7.91495 7.91495 
11.0225 13.7233 26.7321 22.763 9.89896 7.93008 7.93008 
10.7969 13.2902 27.3661 23.6672 8.94948 7.96504 7.96504 
11.1622 11.6883 27.8041 24.8019 8.79751 7.87301 7.87301 
11.6981 12.2271 26.402 25.0339 8.78705 7.92587 7.92587 
11.7314 12.5562 26.7865 24.0016 9.15543 7.8845 7.8845 
11.0586 11.9161 27.9333 23.8702 9.62223 7.79982 7.79982 
11.6876 10.7967 26.7232 24.2518 10.8228 7.85885 7.85885 
12.0251 10.0687 28.3341 23.6644 10.0818 7.91294 7.91294 
12.7377 9.42031 26.7402 25.2825 10.0116 7.90384 7.90384 
13.2078 9.87733 28.2637 23.4315 9.41311 7.90329 7.90329 
14.2542 9.31025 29.1592 22.7813 8.66831 7.91339 7.91339 
16.1241 9.66987 27.1165 22.3051 8.90642 7.939 7.939 
14.8467 8.96473 27.57 24.2794 8.43551 7.9518 7.9518 
14.8819 8.34977 28.564 24.4325 8.08516 7.8433 7.8433 
14.2015 8.11855 28.6482 25.0332 8.26793 7.86531 7.86531 
14.2436 9.01554 27.5894 24.6157 8.79869 7.86852 7.86852 
12.6774 9.29172 28.4552 25.7338 8.25737 7.79228 7.79228 
12.0921 11.4952 28.7481 23.8258 8.10129 7.86874 7.86874 
12.5678 10.6751 27.9973 25.1013 7.96369 7.84742 7.84742 
14.6172 11.3317 26.4255 23.9542 7.92921 7.87108 7.87108 
14.1331 10.262 27.5582 24.5119 7.86433 7.83526 7.83526 
14.9535 10.0417 28.8088 22.5238 8.09883 7.78668 7.78668 
17.5406 9.1742 28.7814 20.6868 8.04303 7.88695 7.88695 
18.7994 9.09291 29.0709 19.355 7.94593 7.86789 7.86789 
19.0623 8.53419 28.9526 19.6468 7.9607 7.92168 7.92168 
18.1569 8.50686 28.3652 21.2269 7.92772 7.90821 7.90821 
18.007 8.56891 28.0219 21.923 7.83291 7.82315 7.82315 
17.6722 8.77362 28.4072 21.7974 7.78642 7.78154 7.78154 
15.7327 8.61878 28.4669 23.7514 7.81171 7.80927 7.80927 
15.3198 8.96778 28.6745 23.6769 7.78784 7.78662 7.78662 
15.8666 8.43526 29.3828 22.4768 8.14924 7.84468 7.84468 
14.8738 8.75021 28.9974 23.5613 8.04063 7.88834 7.88834 
13.4198 8.64861 28.6012 25.4559 8.00892 7.93278 7.93278 
12.7793 8.94858 28.318 26.3118 7.90619 7.86812 7.86812 
14.4392 8.34426 27.9361 25.8494 7.82307 7.80403 7.80403 
15.2637 8.11535 27.5327 25.543 7.85475 7.84523 7.84523 
16.3006 7.92764 27.6982 24.691 7.79734 7.79259 7.79259 
14.557 8.14209 28.1945 25.716 7.79839 7.79601 7.79601 
16.1414 7.9172 28.1441 24.5637 7.74535 7.74416 7.74416 
16.7026 9.00746 28.73 22.2167 7.78147 7.78088 7.78088 
16.9227 9.26563 28.3333 21.902 7.85899 7.85869 7.85869 
18.6963 8.99523 29.7707 19.1725 7.78855 7.78841 7.78841 
18.9261 8.55606 28.197 20.9499 7.79038 7.79031 7.79031 
19.3701 8.4576 28.1852 20.6917 7.76516 7.76512 7.76512 
19.5877 8.44958 29.5147 19.1121 7.77868 7.77867 7.77867 
19.8284 8.72306 29.8092 17.6875 8.2146 7.86857 7.86857 
19.3186 8.43676 29.4814 19.0318 8.0258 7.85278 7.85278 
18.5614 8.37268 29.8742 18.5664 9.05741 7.78396 7.78396 
17.485 8.05631 30.7266 19.8095 8.39867 7.76195 7.76195 
20.0124 8.15514 27.5855 20.3809 8.16759 7.84923 7.84923 
19.2418 9.33235 28.2832 19.2669 8.06469 7.90551 7.90551 
19.2761 8.97652 30.0037 17.9093 7.99786 7.91827 7.91827 
19.0424 8.87697 29.5786 18.8293 7.91743 7.87763 7.87763 
21.0243 8.73297 28.1329 18.0036 8.25319 7.92655 7.92655 
22.3628 8.42492 28.5145 16.9563 8.0227 7.85938 7.85938 
20.8333 8.16816 29.6053 17.6554 7.96705 7.88538 7.88538 
22.078 8.07769 28.0615 17.9331 7.97713 7.9363 7.9363 
21.2626 8.35194 30.1649 16.1551 8.14192 7.96176 7.96176 
21.7964 8.5449 29.8074 16.1681 7.95446 7.86438 7.86438 
22.2764 8.43912 30.128 15.7764 7.82338 7.77834 7.77834 
22.369 8.21956 29.9871 15.7343 7.91169 7.88917 7.88917 
22.6032 8.26203 31.0835 14.2686 7.93508 7.92382 7.92382 
23.9313 8.11025 29.2096 14.7467 8.11979 7.94115 7.94115 
24.6568 8.18357 28.3663 14.7128 8.18834 7.94611 7.94611 
23.9897 8.24514 28.8796 14.5449 8.40727 7.96667 7.96667 
22.9324 8.46285 29.8912 14.5641 8.19669 7.97639 7.97639 
22.704 8.14022 28.9521 16.4026 8.00714 7.89699 7.89699 
20.6613 9.47551 29.4911 16.6097 8.05762 7.8524 7.8524 
22.4973 8.73776 28.0789 16.8048 8.02881 7.9262 7.9262 
24.2055 8.35559 27.8268 15.7114 8.00112 7.94981 7.94981 
23.6072 8.45508 29.6951 14.3454 7.98286 7.95721 7.95721 
25.1369 8.19579 28.4984 14.3155 7.95968 7.94686 7.94686 
23.6796 8.21976 29.6614 14.5054 8.10171 7.91608 7.91608 
22.3661 7.97985 30.9298 14.9927 8.07562 7.82801 7.82801 
23.9103 7.92932 30.4649 14.0115 7.9772 7.8534 7.8534 
23.1673 7.90405 29.4749 15.7936 7.928 7.86609 7.86609 
24.5644 7.79818 29.0003 15.2686 7.81015 7.7792 7.7792 
23.4268 7.81475 28.958 16.3692 7.82074 7.80526 7.80526 
22.8818 7.85927 30.1147 15.5729 7.86226 7.85452 7.85452 
23.9791 7.90517 28.8188 15.5846 7.90666 7.9028 7.9028 
24.2284 7.83318 28.887 15.5535 7.83393 7.83199 7.83199 
25.8106 7.87699 28.7999 13.8824 7.87736 7.87639 7.87639 
26.1406 7.86006 29.1059 13.3137 7.86025 7.85977 7.85977 
27.289 7.83628 28.4592 12.9069 7.83637 7.83613 7.83613 
26.4972 7.83664 29.7468 12.4095 7.83668 7.83656 7.83656 
25.4788 7.87515 31.4202 11.6005 7.87518 7.87512 7.87512 
27.0251 7.83368 30.3205 11.3197 7.83369 7.83366 7.83366 
28.6828 7.78681 29.8661 10.3038 7.78681 7.7868 7.7868 
26.4293 8.10586 31.7829 10.097 8.10586 7.73955 7.73955 
26.048 8.05293 31.3914 10.7151 8.05293 7.86978 7.86978 
27.3097 8.78837 30.1302 10.2683 7.89551 7.80394 7.80394 
27.648 8.3191 30.5941 9.9123 7.87267 7.82688 7.82688 
27.5183 8.14044 29.9467 10.6886 7.91723 7.89433 7.89433 
28.4171 7.97902 28.4913 11.5332 7.86741 7.85596 7.85596 
28.7056 7.98359 27.1155 12.4234 7.92779 7.92206 7.92206 
27.6622 8.30834 28.8455 11.4275 7.92073 7.91787 7.91787 
27.1324 8.00032 28.6856 12.7651 7.80652 7.80509 7.80509 
26.9533 8.355 29.0202 12.3503 7.77423 7.77351 7.77351 
25.2503 8.15304 30.5651 12.4442 7.86265 7.86229 7.86229 
24.4284 8.01094 29.0531 14.9106 7.86575 7.86557 7.86557 
24.4499 7.93296 29.3302 14.7061 7.86037 7.86028 7.86028 
22.6145 9.32363 29.2755 15.1452 7.98863 7.82624 7.82624 
23.4432 8.70712 28.5536 15.8251 7.87781 7.79662 7.79662 
23.854 8.76532 30.6371 13.4272 7.7992 7.7586 7.7586 
24.2646 8.27877 30.4159 13.6941 7.7957 7.77541 7.77541 
25.9197 8.12609 29.992 12.3288 7.88456 7.87441 7.87441 
25.1821 8.0313 29.5992 13.466 7.91054 7.90546 7.90546 
26.4465 8.23252 29.7092 12.0041 7.87093 7.86839 7.86839 
27.5765 8.05948 28.8925 11.838 7.87868 7.87741 7.87741 
25.7016 8.00086 28.7062 13.8612 7.91046 7.90983 7.90983 
26.5413 7.86948 29.5317 12.5854 7.82428 7.82396 7.82396 
27.1865 7.98005 29.0053 12.4416 7.79563 7.79548 7.79548 
27.5005 7.96353 29.5689 11.3532 7.87133 7.87125 7.87125 
29.2503 7.98177 28.9511 10.0099 7.93566 7.93562 7.93562 
26.0024 9.0807 28.8468 11.1427 9.20735 7.86003 7.86003 
25.5012 8.48772 28.4037 13.3016 8.55104 7.87738 7.87738 
26.447 8.69931 26.7431 14.0765 8.23592 7.89909 7.89909 
26.0221 8.27457 28.9006 12.8403 8.21352 7.87446 7.87446 
24.6463 8.0681 29.0729 14.439 8.03758 7.86805 7.86805 
24.0781 8.00756 29.106 15.001 7.9923 7.90753 7.90753 
25.1969 7.87375 28.4849 14.9308 7.86612 7.82374 7.82374 
24.174 7.7954 28.7119 15.9863 7.79158 7.77039 7.77039 
23.8517 7.76767 29.2166 15.8879 7.76576 7.75516 7.75516 
23.7903 8.29061 28.5066 16.0795 7.78118 7.77589 7.77589 
22.7232 8.60391 27.9476 17.1162 7.87148 7.86884 7.86884 
23.6165 8.22352 30.1503 14.4405 7.85731 7.85599 7.85599 
23.6462 8.00584 29.0938 15.7872 7.82274 7.82207 7.82207 
23.4085 7.96634 27.3518 17.6497 7.87478 7.87445 7.87445 
23.698 7.87725 28.9407 15.99 7.83147 7.83131 7.83131 
22.9955 7.91952 28.8016 16.5937 7.89663 7.89655 7.89655 
22.8923 8.04139 29.7069 15.7798 7.85988 7.85984 7.85984 
22.202 8.38116 30.2604 15.5934 7.85436 7.85434 7.85434 
22.3863 8.10908 29.0801 16.8876 7.84567 7.84566 7.84566 
23.6125 7.92551 28.411 16.6696 7.7938 7.7938 7.7938 
22.8286 8.4356 28.4228 16.6415 7.89051 7.89051 7.89051 
22.3117 8.06395 29.2755 16.9746 7.79141 7.79141 7.79141 
23.5337 8.59224 28.6443 15.8163 7.8045 7.8045 7.8045 
24.4231 8.35862 28.8534 14.7831 7.96475 7.8085 7.8085 
23.1793 8.05028 29.4267 15.94 7.85334 7.77522 7.77522 
24.956 7.98553 29.5648 13.9106 7.88707 7.848 7.848 
25.4874 8.38148 28.889 13.6951 7.86203 7.8425 7.8425 
24.3178 9.28333 29.2593 13.792 7.78904 7.77927 7.77927 
23.7224 8.55046 28.799 15.5279 7.80331 7.79843 7.79843 
23.833 8.67664 29.3643 14.8062 7.7749 7.77246 7.77246 
24.5636 8.30891 29.388 14.1678 7.85804 7.85682 7.85682 
25.0091 8.09385 28.3304 14.9627 7.86841 7.8678 7.8678 
24.1884 8.34246 28.77 15.0415 7.8861 7.88579 7.88579 
27.0651 8.09565 28.9199 12.3173 7.86747 7.86731 7.86731 
27.7731 8.00352 28.384 12.1713 7.88943 7.88935 7.88935 
28.6126 8.11135 29.0893 10.5377 7.88307 7.88303 7.88303 
27.5206 7.98425 29.3661 11.3403 8.04868 7.87009 7.87009 
25.472 8.04618 30.8992 11.9764 7.92824 7.83895 7.83895 
26.8839 7.88161 30.0798 11.776 7.82264 7.77799 7.77799 
26.2545 7.84705 30.3524 12.138 7.81757 7.79525 7.79525 
27.9844 7.92353 28.8905 11.4976 7.90879 7.89762 7.89762 
27.3255 7.93002 29.5246 11.4631 7.92265 7.91707 7.91707 
28.059 7.83498 28.6942 11.9235 7.83129 7.8285 7.8285 
26.7254 7.99272 29.2374 12.5448 7.83414 7.83275 7.83275 
26.1961 7.99636 28.6187 13.4391 7.91707 7.91637 7.91637 
26.961 7.89226 28.328 13.2616 7.85262 7.85227 7.85227 
26.1348 7.80416 29.1332 13.5752 7.78433 7.78416 7.78416 
25.3428 7.94399 28.9378 14.4224 7.78438 7.78429 7.78429 
25.3987 8.33563 29.378 13.2112 7.89219 7.89215 7.89215 
25.451 8.36245 29.6219 13.1492 7.80516 7.80513 7.80513 
25.0284 8.4399 30.7415 12.2528 7.8458 7.84578 7.84578 
25.3855 8.18035 29.3972 13.3871 7.88329 7.88329 7.88329 
25.9906 7.99088 30.1241 12.3673 7.84236 7.84235 7.84235 
26.169 8.18706 29.583 12.6208 7.81339 7.81339 7.81339 
26.8013 8.07583 27.6234 13.8325 7.889 7.889 7.889 
27.9702 8.01142 28.8779 11.3865 7.91801 7.91801 7.91801 
28.9851 7.87668 28.6325 11.0158 7.82997 7.82997 7.82997 
28.1997 7.83242 28.958 11.5827 7.80907 7.80907 7.80907 
27.1768 7.95467 30.8252 10.7913 7.75069 7.75069 7.75069 
26.139 8.22835 31.6069 10.0515 8.12636 7.92393 7.92393 
26.8112 8.08768 31.5319 9.66153 8.03669 7.93547 7.93547 
26.7069 8.05025 30.8301 10.7603 8.02475 7.81389 7.81389 
26.9048 7.91921 30.2125 11.4549 7.90646 7.80103 7.80103 
26.5243 7.88117 30.4657 11.6098 7.8748 7.82208 7.82208 
14 14 14 14 14 14 14 
14.3991 11.8206 17.2018 16.8655 16.5291 11.2601 10.9238 
14.7866 12.7511 17.6805 18.8805 16.3492 9.61014 9.44198 
13.6996 14.9341 17.8493 17.7736 18.0845 8.74651 8.66243 
11.7881 17.2201 18.0604 18.6399 17.5608 8.32387 8.28183 
10.8101 16.8835 18.023 17.953 20.0514 8.11877 8.09775 
9.88936 17.2982 18.5407 18.842 19.4427 7.98315 7.97264 
10.0534 18.7578 16.9877 19.7471 18.6344 7.90462 7.89936 
11.2223 17.205 18.1678 20.1996 17.4694 7.86535 7.86273 
10.6803 19.3168 17.6092 19.2012 17.4904 7.84973 7.84841 
10.0068 20.3251 17.6935 19.4895 16.6341 7.92486 7.92421 
9.85668 19.7562 17.989 20.3542 16.2177 7.91277 7.91244 
9.35011 18.6083 18.9718 19.4742 17.7461 7.92464 7.92447 
10.4054 18.5176 19.3735 18.5011 17.4124 7.8949 7.89482 
9.9218 19.1464 19.3497 18.9135 16.9084 7.88004 7.88 
10.1333 18.4238 18.8702 19.1119 17.7646 7.84806 7.84804 
9.83938 17.621 19.776 19.4423 17.5186 7.9013 7.90129 
9.52643 19.3723 18.2026 17.5863 19.5458 7.88324 7.88323 
9.18499 17.6227 20.5526 18.317 18.5031 7.90987 7.90987 
9.87339 19.036 17.9167 18.8214 18.5774 7.88752 7.88752 
8.90145 19.6502 16.998 19.1023 19.531 7.90852 7.90852 
8.43303 19.5596 17.2379 19.1751 19.7212 7.93656 7.93656 
8.47919 20.3789 17.4899 19.1497 18.7316 7.88533 7.88533 
9.00732 20.7029 19.0139 18.3768 17.1898 7.85465 7.85465 
9.44748 18.2166 20.7429 20.5367 15.3365 7.85991 7.85991 
9.25889 19.7659 21.1424 19.1119 14.9245 7.89821 7.89821 
8.58872 19.0458 22.1097 19.6238 14.8152 7.90838 7.90838 
8.23868 20.5438 20.5676 20.6008 14.2521 7.89851 7.89851 
9.37661 19.7797 20.4628 20.1438 14.5086 7.86424 7.86424 
9.89664 18.3389 20.6481 20.1413 15.2404 7.86731 7.86731 
9.08625 18.9396 20.439 21.1052 14.7466 7.8417 7.8417 
8.72917 17.9582 20.452 21.7154 15.3966 7.87434 7.87434 
10.7866 18.7268 19.9737 19.8026 15.0377 7.83625 7.83625 
11.2686 18.8358 18.62 21.1723 14.3534 7.87496 7.87496 
10.211 19.3721 20.0651 19.9683 14.7282 7.82764 7.82764 
10.4296 18.9453 21.0279 19.9379 13.9613 7.84901 7.84901 
9.61293 20.5838 20.4677 19.4597 14.1566 7.85969 7.85969 
9.99834 19.547 20.8433 20.565 13.286 7.88018 7.88018 
9.03717 18.6808 21.4668 21.0901 14.0064 7.85933 7.85933 
9.10682 17.4581 22.2628 22.5451 12.7679 7.92967 7.92967 
10.0959 18.0451 23.1597 21.2961 11.6906 7.85634 7.85634 
11.7065 16.6497 22.5968 22.3914 10.809 7.92333 7.92333 
10.7257 15.2854 23.8274 23.4927 10.8569 7.90598 7.90598 
10.4765 16.3927 23.6182 22.8827 10.7694 7.93026 7.93026 
9.93703 15.6662 23.6164 23.3691 11.5293 7.94103 7.94103 
9.71388 15.3563 23.3823 24.879 10.8572 7.9057 7.9057 
8.86638 15.9328 24.427 23.8782 11.2069 7.84436 7.84436 
8.81275 14.9007 25.2305 23.8612 11.5645 7.81512 7.81512 
8.39271 14.9674 25.4854 23.5479 11.8187 7.89389 7.89389 
9.34711 15.3983 23.6724 24.2111 11.6882 7.84142 7.84142 
9.47449 15.4275 22.9603 25.5716 10.7622 7.90197 7.90197 
9.06417 16.1272 24.2205 23.9637 10.7897 7.91733 7.91733 
9.8262 15.946 24.2279 23.5113 10.5713 7.95867 7.95867 
10.0938 15.8043 24.5236 22.1171 11.5507 7.95524 7.95524 
11.0896 16.0775 24.1101 20.8927 12.055 7.88757 7.88757 
10.0686 14.7054 24.436 23.5416 11.5037 7.87236 7.87236 
8.92724 15.3819 24.6268 23.8146 11.5913 7.82912 7.82912 
9.11186 18.2437 22.4893 23.842 10.6951 7.80903 7.80903 
9.67102 16.9224 23.7766 22.7905 11.102 7.86871 7.86871 
9.64564 16.4359 23.787 22.6611 11.7536 7.85841 7.85841 
9.94477 15.657 23.9667 23.8915 10.8768 7.83164 7.83164 
10.826 15.6334 22.837 22.7994 12.2677 7.81826 7.81826 
12.0469 14.942 23.335 22.8248 11.1707 7.84033 7.84033 
11.5382 14.9465 25.5155 21.0938 11.2226 7.84174 7.84174 
11.8258 16.4939 23.8402 21.2428 10.7659 7.91571 7.91571 
12.2248 16.2915 23.5538 21.0174 11.076 7.91825 7.91825 
12.8691 15.7624 23.8162 20.5824 11.1891 7.89033 7.89033 
14.0848 15.1217 24.7496 19.7174 10.5126 7.90691 7.90691 
14.6627 14.9138 25.3427 18.5486 10.8713 7.83046 7.83046 
13.5977 15.2898 24.6818 19.457 11.3103 7.83168 7.83168 
13.9968 13.8146 24.8088 21.2966 10.2824 7.90042 7.90042 
13.4751 12.9954 25.2282 22.695 9.93395 7.83622 7.83622 
14.0292 13.0081 24.0724 22.936 10.3055 7.82436 7.82436 
12.8604 12.3498 24.8472 23.0352 11.1229 7.89228 7.89228 
10.9405 11.9739 25.8256 24.4042 10.9738 7.94098 7.94098 
11.5229 11.7764 26.7286 24.5705 9.56586 7.91786 7.91786 
12.8295 12.04 26.3224 23.8036 9.23319 7.88563 7.88563 
12.5623 11.2113 26.276 24.1969 9.94446 7.90456 7.90456 
11.9659 11.4196 25.1535 25.6643 10.1402 7.82825 7.82825 
11.957 12.2033 25.4339 25.4296 9.35581 7.81023 7.81023 
11.2488 11.9125 25.0142 26.2283 9.94818 7.82403 7.82403 
10.9215 12.1578 27.1066 25.3881 8.85006 7.78799 7.78799 
10.2033 12.7185 26.4259 24.7536 10.2516 7.82353 7.82353 
10.5148 11.9148 28.4551 23.7728 9.54175 7.90037 7.90037 
10.9677 12.0855 28.0159 23.7249 9.50625 7.84991 7.84991 
10.2997 13.8331 27.889 23.4772 8.71913 7.89096 7.89096 
9.50953 13.7286 27.7047 23.8639 9.40044 7.89643 7.89643 
9.75476 13.9695 25.6945 25.6162 9.1739 7.89558 7.89558 
11.3761 13.7487 25.4467 23.6834 9.89199 7.92657 7.92657 
10.1973 15.495 25.3228 23.6454 9.45528 7.94207 7.94207 
10.4411 15.1448 24.1683 24.5624 9.79613 7.94364 7.94364 
11.6206 15.7057 23.6841 22.9479 10.0981 7.97182 7.97182 
12.1483 14.7543 23.9547 22.319 10.9645 7.92957 7.92957 
14.0742 13.5105 25.844 20.4928 10.1489 7.96479 7.96479 
13.7322 14.4475 25.6001 20.7877 9.49042 7.971 7.971 
15.0323 14.6736 27.27 18.7033 8.6134 7.85369 7.85369 
17.2072 12.393 27.9608 18.4809 8.23929 7.85943 7.85943 
15.8662 11.2244 29.3435 19.855 8.03026 7.84033 7.84033 
17.155 10.6554 28.7928 19.8698 7.90562 7.81065 7.81065 
18.902 9.7525 27.9657 19.6694 7.93511 7.88763 7.88763 
18.0563 9.47566 28.8197 20.2205 7.82512 7.80138 7.80138 
16.7994 9.42991 28.7793 21.4006 7.87151 7.85963 7.85963 
17.2147 10.4953 27.3954 21.3939 7.83749 7.83155 7.83155 
17.5894 9.13987 27.9193 21.9245 7.81096 7.80799 7.80799 
16.0333 9.12757 29.6433 21.8202 7.79288 7.7914 7.7914 
15.5784 8.42181 29.9451 22.3298 8.21743 7.75372 7.75372 
14.5539 8.47561 29.2373 23.959 8.0793 7.84745 7.84745 
14.6565 9.50889 28.1728 23.4253 8.55772 7.83939 7.83939 
15.6616 8.99687 29.541 21.7127 8.36977 7.85909 7.85909 
14.0447 8.9782 30.0884 22.8505 8.37564 7.83128 7.83128 
14.7709 9.16746 28.0559 24.1446 8.13519 7.86301 7.86301 
12.6565 9.25241 29.9918 23.9699 8.43506 7.84717 7.84717 
13.7357 9.10151 29.3478 24.1763 8.07556 7.78161 7.78161 
13.8772 9.69094 27.6022 25.328 7.93186 7.78488 7.78488 
14.5632 8.80442 27.4375 24.6875 8.80464 7.85139 7.85139 
13.1733 9.17928 27.2538 26.1972 8.38321 7.90659 7.90659 
13.0681 9.21927 27.6701 25.9073 8.51259 7.81132 7.81132 
13.6137 9.47689 27.8468 25.048 8.2386 7.88796 7.88796 
13.4632 9.38241 28.9389 24.2887 8.29887 7.81395 7.81395 
13.1042 8.61277 29.5021 25.0529 8.071 7.82854 7.82854 
14.0905 8.61408 29.6741 23.2957 8.49704 7.91427 7.91427 
15.3035 9.41214 28.9512 22.4586 8.15242 7.86104 7.86104 
14.9434 9.02155 27.8684 24.3246 8.24288 7.79957 7.79957 
15.6042 8.42644 28.0909 23.7587 8.48891 7.81545 7.81545 
14.5077 9.46103 28.3311 23.6869 8.32609 7.84358 7.84358 
15.298 9.30465 27.7302 23.8308 8.10626 7.86501 7.86501 
13.4952 8.80617 28.019 25.4539 8.36082 7.9325 7.9325 
13.7788 9.24684 28.697 24.1332 8.39916 7.8725 7.8725 
13.9207 9.31092 29.9735 22.5353 8.57458 7.8425 7.8425 
14.2812 8.54954 28.8497 23.7287 8.96019 7.81533 7.81533 
15.3303 9.44718 29.3674 21.9218 8.3594 7.78698 7.78698 
14.3417 8.72953 28.6303 24.7591 8.03727 7.75105 7.75105 
15.1976 8.71259 28.6964 24.0853 7.86479 7.72168 7.72168 
16.0865 8.8316 28.8544 22.6908 8.09906 7.71887 7.71887 
15.1861 8.64321 28.8587 23.5903 8.13116 7.79529 7.79529 
16.1139 8.66244 29.7026 21.9238 8.08487 7.75617 7.75617 
15.8209 8.21321 28.8265 23.6948 7.92442 7.76007 7.76007 
15.7974 8.42208 28.4013 24.0498 7.83126 7.74908 7.74908 
15.8275 8.09454 29.7346 23.0281 7.79913 7.75804 7.75804 
15.7841 7.90529 30.1451 22.9338 7.75759 7.73704 7.73704 
15.4551 7.87421 28.658 24.6322 7.80036 7.79009 7.79009 
15.3599 7.83119 28.9707 24.4656 7.79426 7.78913 7.78913 
14.9107 8.06944 28.9469 24.2328 8.05098 7.89456 7.89456 
16.0412 8.74852 29.4566 22.2174 7.89754 7.81934 7.81934 
17.8366 8.36199 28.9921 21.078 7.9365 7.8974 7.8974 
17.7418 8.42936 29.0385 21.1599 7.88982 7.87027 7.87027 
17.0179 8.20829 28.7365 22.2413 7.93852 7.92874 7.92874 
16.1901 8.01719 29.4407 22.7149 7.8823 7.87742 7.87742 
15.7606 8.18978 29.0061 23.7268 7.7739 7.77146 7.77146 
16.9428 8.00114 28.253 23.4259 7.7932 7.79198 7.79198 
15.8509 8.66924 29.0362 23.0081 7.81226 7.81165 7.81165 
16.7052 8.20367 29.2502 22.516 7.77518 7.77487 7.77487 
18.5693 7.9718 29.0214 21.1651 7.75756 7.75741 7.75741 
18.1556 7.85687 28.0591 22.6793 7.74975 7.74967 7.74967 
18.0914 8.86041 29.6758 20.0131 7.78644 7.7864 7.7864 
18.4517 8.55562 28.8643 20.5676 7.85362 7.8536 7.8536 
16.6141 8.91698 28.1779 22.4831 8.05052 7.87869 7.87869 
17.3307 8.6005 28.8818 21.3007 8.01934 7.93343 7.93343 
18.3117 8.15877 29.0711 20.9398 7.86819 7.82523 7.82523 
18.7338 7.97549 29.3083 20.5348 7.8302 7.80872 7.80872 
17.8545 7.84577 29.9319 21.0699 7.77312 7.76239 7.76239 
19.365 7.96329 29.4441 19.9625 7.75862 7.75325 7.75325 
19.9766 7.90321 30.2449 18.478 7.80088 7.79819 7.79819 
22.6113 7.88603 28.4011 17.5997 7.83486 7.83352 7.83352 
23.3249 8.4302 29.4249 15.5306 7.76359 7.76291 7.76291 
24.5003 8.10023 29.2395 14.8599 7.76693 7.76659 7.76659 
24.4453 8.05709 30.8218 13.5275 7.71622 7.71605 7.71605 
25.3141 8.12949 28.3447 14.8079 7.80133 7.80124 7.80124 
23.8237 8.06474 28.1723 16.2373 7.90066 7.90062 7.90062 
24.7232 7.94696 29.2107 14.5243 7.86492 7.8649 7.8649 
24.2519 7.9369 28.02 16.1036 7.89588 7.89587 7.89587 
23.9184 7.89927 28.4754 16.0707 7.87876 7.87875 7.87875 
22.7187 7.90533 27.8453 17.8455 7.89507 7.89507 7.89507 
22.039 8.3216 28.8094 17.337 7.83103 7.83103 7.83103 
24.4151 8.05488 27.8003 16.3009 7.8096 7.8096 7.8096 
23.5955 7.94203 29.9144 15.0899 7.81939 7.81939 7.81939 
22.4321 8.07549 31.7482 14.2614 7.82761 7.8276 7.8276 
22.6274 7.94165 30.2885 15.389 8.11801 7.81771 7.81771 
