5 80000 300 266
14 14 14 14 14 14 14 
13.25 12.5425 15.9623 17.6132 16.6698 12.0708 10.8915 
12.3734 13.9719 19.5863 18.8934 15.3848 9.93993 9.35031 
12.83 16.4265 19.2337 18.0714 15.6178 8.93267 8.63786 
12.8898 16.6065 20.2883 17.1892 16.2022 8.42317 8.27576 
12.5696 16.4324 22.839 16.0556 15.8962 8.10913 8.03543 
11.1272 18.3514 21.5547 17.0368 15.9436 7.99601 7.95916 
9.87197 17.3389 21.6617 17.1352 18.0625 7.96626 7.94783 
10.1443 16.8871 23.2151 17.8269 16.0914 7.91831 7.9091 
10.7283 17.4933 23.146 16.9451 15.8511 7.91843 7.91383 
10.3755 17.8583 22.8486 17.1286 15.8982 7.94555 7.94325 
11.023 18.0825 21.0353 17.6032 16.5304 7.86293 7.86178 
10.5574 18.4449 22.2149 17.2878 15.834 7.83055 7.82997 
10.716 19.5061 21.7457 17.982 14.4182 7.81598 7.8157 
9.64373 18.4435 22.4205 20.0624 13.7567 7.83656 7.83642 
8.8313 18.8916 20.998 20.5265 15.1331 7.80979 7.80972 
8.46059 18.7716 20.7237 20.7127 15.4317 8.0622 7.83744 
8.57302 19.8318 20.1036 21.3892 14.1713 8.02171 7.90933 
8.18722 18.663 19.9809 21.4511 15.9509 7.91156 7.85538 
8.01066 18.7785 20.8199 21.0942 15.5791 7.87283 7.84474 
7.9339 17.7226 21.7195 21.4995 15.4086 7.86499 7.85094 
8.52276 17.859 21.3381 21.342 15.1075 7.91883 7.9118 
8.55372 18.3263 20.9939 21.6919 14.2823 8.25176 7.90022 
8.81201 18.9137 21.9482 21.1634 13.1502 8.09413 7.91836 
9.14534 20.3573 21.9931 20.0604 12.4993 8.0755 7.86913 
8.88502 18.6868 21.7191 20.8693 13.9419 8.00046 7.89727 
9.4539 20.5051 20.9962 19.5463 13.5769 7.98656 7.93497 
8.69891 20.4161 22.8813 19.2358 12.8632 7.96524 7.93945 
9.06644 19.642 22.4076 21.0566 12.092 7.87413 7.86123 
8.74734 19.0465 24.6435 19.7538 11.9685 7.9234 7.91695 
9.26878 18.148 24.5595 20.1333 12.0449 7.9244 7.92118 
9.55046 17.7071 23.6706 21.2177 11.6579 8.27875 7.91742 
10.8322 17.7609 22.1679 20.3476 12.9549 8.05861 7.87795 
10.5968 17.7961 21.0839 20.8967 13.2244 8.48714 7.91488 
10.3344 18.0108 20.3741 20.88 14.2861 8.2004 7.91427 
9.5858 18.3077 21.3498 20.6726 13.5384 8.63509 7.91063 
9.16642 18.6101 23.3227 19.5561 13.2704 8.21825 7.85602 
9.2198 17.1998 24.5686 18.4247 14.7806 7.99384 7.81272 
10.1246 16.9332 24.049 18.5261 14.6207 7.91849 7.82793 
9.39904 16.3748 24.2694 19.9773 14.1981 7.91333 7.86805 
8.97825 15.7669 24.2374 20.5021 14.434 8.23539 7.846 
10.4987 15.3353 24.0177 20.828 13.3468 8.08404 7.88935 
11.1925 14.6444 24.2828 21.6543 12.4874 7.91799 7.82064 
12.6314 14.9855 23.3223 21.3799 11.7713 8.10472 7.80479 
10.894 14.6012 24.0708 21.7743 12.7531 8.02827 7.8783 
10.0506 12.9272 27.1249 22.2682 11.7474 7.97833 7.90334 
10.2386 12.0323 27.662 22.0346 11.2055 8.96547 7.86162 
9.63148 13.5771 25.6603 22.7246 12.1881 8.38517 7.83325 
9.62343 14.0001 23.8878 23.5017 12.945 8.15893 7.88297 
10.983 14.5567 23.7827 22.5821 12.266 7.98375 7.84577 
9.38444 14.456 23.2052 23.4565 13.7972 7.88482 7.81583 
10.2199 14.2632 23.9142 22.4066 13.5569 7.83688 7.80239 
11.031 14.1053 23.2729 22.256 13.6206 7.86581 7.84856 
10.1806 14.5885 22.7608 22.9701 13.6285 7.99989 7.87165 
10.1031 15.0063 23.7198 22.539 12.7268 7.98452 7.9204 
10.1165 14.1265 26.7949 21.5293 11.4283 8.1481 7.8563 
11.1429 14.3384 27.8155 19.3625 10.3438 9.10051 7.89641 
11.3555 14.7528 27.0183 19.5784 10.8274 8.53483 7.93278 
12.2499 14.0774 26.6535 20.3562 10.4395 8.26226 7.96123 
12.4408 12.6966 27.1425 21.4939 9.95659 8.34166 7.92799 
13.459 13.0507 26.5739 20.6665 10.3402 8.05823 7.85139 
14.6175 14.1589 24.3557 19.2391 11.4042 8.35481 7.86972 
13.6206 15.4953 26.5343 18.1592 10.1575 8.1378 7.89525 
12.4404 16.0586 26.5379 19.5353 9.63642 7.9563 7.83503 
12.8868 15.896 25.5356 19.101 10.6849 7.97815 7.91751 
10.797 14.5443 25.5646 22.6112 10.4876 8.07878 7.91654 
10.6204 15.105 26.0982 22.1411 10.2046 7.95584 7.87472 
11.2592 13.7848 26.7885 21.9771 10.3431 7.94393 7.90337 
12.833 13.5308 24.6937 21.5818 11.5275 7.92677 7.90648 
12.5498 13.6987 24.4802 21.4575 11.8971 7.96338 7.95324 
13.1664 13.1544 24.4102 21.286 12.1069 7.94064 7.93557 
13.9797 13.5298 24.0394 20.5542 11.9706 7.9644 7.96187 
14.2501 12.7923 26.1293 20.0031 10.9168 7.9548 7.95354 
14.2679 12.5586 27.7705 18.8251 10.7805 7.89897 7.89834 
13.9646 12.2902 28.3661 19.112 10.0351 8.32107 7.91092 
13.5649 13.5681 25.5276 20.4804 10.8999 8.0821 7.87703 
12.9784 13.1241 26.4526 21.0471 10.6373 7.93154 7.829 
12.8293 14.6312 25.4741 21.3305 10.0737 7.85626 7.80499 
13.8417 14.61 24.806 19.8164 10.7398 8.30479 7.88128 
13.569 13.9532 25.9764 20.4345 10.079 8.16901 7.81875 
13.7517 14.0804 25.9664 21.1462 9.13787 8.04626 7.87113 
11.5767 14.7325 26.231 22.5389 8.98489 8.01173 7.92417 
11.7304 14.4677 26.0141 22.8637 9.13013 7.91891 7.87513 
12.1824 14.7607 26.5823 21.5125 9.26936 7.8573 7.83541 
12.3754 14.211 26.1327 22.3683 9.14288 7.8904 7.87946 
12.9924 12.8747 25.9362 23.7581 8.56552 7.93928 7.93381 
11.7669 13.1325 27.3555 23.56 8.27137 7.95825 7.95551 
9.82709 13.3268 27.4806 24.7377 8.78357 7.92278 7.92142 
9.89888 14.288 25.6171 24.539 9.817 7.92034 7.91965 
11.8302 13.8719 24.8881 23.8903 9.64856 7.9357 7.93536 
12.4123 13.4331 26.2858 23.1033 8.92033 7.92265 7.92248 
12.9134 13.5763 27.4722 21.4602 8.72846 7.92474 7.92466 
13.1437 13.0192 27.2619 21.2164 9.22745 8.21769 7.9137 
13.8474 13.3207 28.0273 20.5153 8.48369 7.97881 7.82682 
13.756 15.356 27.3677 19.2639 8.58967 7.87139 7.7954 
16.2252 13.7611 27.0369 19.1275 8.30077 7.79326 7.75526 
16.1301 14.3149 27.6584 18.0186 8.23202 7.83249 7.81349 
16.0983 13.2517 28.6492 18.4276 7.99413 7.79436 7.78486 
14.5507 12.8178 29.1853 19.8949 8.02183 7.76715 7.7624 
15.8157 13.2412 26.8597 20.5065 8.04818 7.76556 7.76319 
15.3547 13.1555 26.1958 20.5876 9.03929 7.83415 7.83296 
14.6004 12.5778 26.9441 20.2938 9.75041 7.91707 7.91648 
16.7857 12.2374 26.4945 19.4717 9.37681 7.81706 7.81676 
15.4875 11.693 28.9567 18.0129 10.2627 7.79366 7.79352 
15.0967 12.7583 28.596 18.2711 9.54313 7.86742 7.86735 
15.8052 13.2599 27.4479 18.9215 8.7471 7.90925 7.90921 
16.2359 12.0312 26.8412 20.8805 8.3859 7.81265 7.81263 
16.3417 11.1143 28.0588 19.9797 8.30479 8.34711 7.85368 
16.7151 11.4116 28.1117 18.8506 8.89923 8.12925 7.88254 
17.4781 11.569 27.248 18.8716 9.00988 7.97342 7.85006 
17.306 11.0804 29.2003 17.3797 9.3336 7.88079 7.81911 
17.3555 11.7111 26.1508 18.8164 10.2048 7.89609 7.86525 
18.3183 10.9209 26.8009 17.905 10.3311 7.86961 7.85419 
15.9472 11.5863 27.1422 19.3829 10.1325 7.90832 7.90061 
16.7484 10.76 26.9817 20.1219 9.53643 7.92767 7.92381 
17.3708 10.5703 27.8507 19.0575 9.26648 7.94307 7.94115 
18.6854 10.7089 27.4847 17.6643 9.71799 7.86984 7.86888 
21.4855 9.81873 27.8495 15.6179 9.50185 7.86349 7.86301 
21.62 9.82165 29.0125 15.1774 8.61057 7.96683 7.79115 
19.8162 10.3456 28.9472 16.7502 8.49783 7.8654 7.77756 
20.3892 12.0457 25.9856 16.6225 9.23173 7.88459 7.84067 
20.8708 11.5388 25.9821 17.0301 8.88633 7.85689 7.83493 
19.7708 11.6239 28.3392 16.11 8.39886 7.88414 7.87316 
19.8854 11.5746 27.3899 16.1906 9.28418 7.84037 7.83488 
18.8424 10.9653 28.0963 17.3186 9.17283 7.80368 7.80094 
20.7687 10.2699 28.2325 15.7515 8.84174 8.15716 7.97848 
22.5877 10.3892 27.8451 14.3164 8.99714 7.97689 7.88755 
20.5221 9.89258 30.1977 14.7085 9.02877 7.8475 7.80283 
23.2303 9.5538 27.3855 15.0335 9.12189 7.84867 7.82633 
21.8462 9.72739 29.0393 14.6124 9.01639 7.88473 7.87356 
21.882 9.14452 28.732 15.5254 8.96025 7.88072 7.87514 
22.6198 10.2292 27.6872 14.8795 9.04217 7.77248 7.76969 
21.2458 9.76203 28.2667 16.2538 9.00826 7.73239 7.731 
20.2119 9.33307 29.0306 16.8598 8.95619 7.80455 7.80385 
20.7175 8.98308 29.2635 16.8831 8.43493 7.85911 7.85876 
21.1332 10.2154 29.2782 15.1756 8.59457 7.80161 7.80143 
20.7361 10.362 27.69 16.7403 8.70406 7.9686 7.79902 
20.7189 10.6196 28.0555 16.2649 8.738 7.84395 7.75916 
19.3383 10.5915 27.9362 17.1113 9.47463 7.79521 7.75282 
19.4374 9.9315 28.8688 17.1649 8.87639 7.87112 7.84992 
18.9292 9.57101 28.5791 17.9575 9.20793 7.88293 7.87233 
18.9052 10.3799 27.5763 18.7689 8.79977 7.78762 7.78232 
20.7378 9.10845 27.5812 18.1619 8.7886 7.8123 7.80965 
21.1886 8.98046 27.3972 17.9334 8.82053 7.84058 7.83925 
23.1361 8.33638 29.0832 15.3212 8.42364 7.93367 7.76578 
22.7364 8.2919 28.4591 16.2517 8.50735 7.91872 7.83478 
20.1722 9.12934 30.1764 15.1026 9.23707 8.2783 7.9041 
21.714 9.79723 26.7161 16.2722 9.65729 8.01512 7.82802 
22.6441 9.84158 27.2364 15.1703 9.20127 7.99995 7.90641 
22.7599 9.98615 28.4875 14.4479 8.5222 7.92155 7.87477 
21.2758 10.375 28.3062 15.2101 8.9486 7.95383 7.93044 
20.9375 10.431 28.7599 15.2829 8.78142 7.9095 7.8978 
19.2188 10.5726 27.9514 18.1772 8.31928 7.88332 7.87747 
19.466 9.94581 27.9542 18.4076 8.46072 7.88431 7.88139 
19.2918 9.01702 28.1315 18.7626 9.19359 7.80245 7.80099 
19.536 10.3693 27.4357 17.8062 9.3587 7.74738 7.74665 
18.9229 10.9945 26.9221 18.5862 9.08076 7.74693 7.74656 
18.7898 10.1614 26.7073 19.7409 8.83142 7.97794 7.79119 
21.9424 9.83357 26.8518 16.9047 8.59822 7.98137 7.88799 
20.0621 9.96729 28.9141 16.8698 8.50787 7.86274 7.81605 
18.92 9.42809 28.1607 19.1757 8.69838 7.82026 7.79691 
19.9582 8.98451 28.8491 17.7729 8.79759 7.82472 7.81305 
18.966 8.41382 29.1304 18.527 9.30075 7.83393 7.82809 
19.0916 9.01118 28.0883 19.05 9.09878 7.83155 7.82864 
19.1472 9.21574 27.8123 19.3076 8.71605 7.90128 7.89983 
19.7887 9.44658 27.5262 18.4352 8.83831 8.07251 7.89257 
19.4688 10.397 26.8837 18.4374 9.02909 7.93696 7.84699 
18.8599 9.76126 27.5103 18.7244 9.07728 8.15099 7.91589 
17.5069 9.68832 27.9859 19.1699 9.92326 7.92165 7.8041 
18.2036 10.3424 29.6287 16.9733 9.08534 7.91271 7.85394 
18.2397 9.65398 28.6074 19.0039 8.6806 7.92187 7.89249 
19.6903 10.0283 27.8943 18.059 8.70272 7.82 7.8053 
20.0682 10.7762 27.8877 16.0927 8.9982 8.37097 7.806 
19.8085 10.0874 29.5453 15.5651 9.01038 8.13285 7.85037 
19.7191 9.48813 28.106 18.3381 8.39408 8.1405 7.81407 
19.9328 9.32282 29.9871 16.6782 8.22634 8.09955 7.75319 
19.2854 10.0378 30.0473 16.2244 8.59346 7.99243 7.81925 
18.9583 10.5322 28.5217 17.2377 8.85947 7.98861 7.90202 
19.6267 10.2476 28.652 17.1059 8.67328 7.86884 7.82555 
19.6773 10.2259 28.7818 17.0564 8.58834 7.84599 7.82434 
18.0804 10.2411 29.7755 17.3194 8.87292 7.9523 7.75832 
20.4471 10.0635 28.7661 16.0741 8.80909 7.96854 7.87156 
20.7592 10.2103 28.3116 15.8942 9.0474 7.91284 7.86435 
20.4964 9.77443 28.3581 16.8965 8.6093 8.04202 7.82323 
21.0366 9.86647 28.4944 15.0873 9.2839 8.17039 8.06099 
21.3026 9.83519 27.3845 15.7789 9.54391 8.20284 7.95206 
21.0192 9.7671 27.4046 16.9196 9.11978 7.94757 7.82219 
21.5783 9.08202 28.2061 15.9025 9.33088 8.17226 7.72789 
22.522 8.69264 28.724 14.8105 9.35858 8.05725 7.83506 
20.922 9.77005 28.7688 15.5408 9.08607 8.09642 7.81584 
21.2913 9.75867 28.2833 16.2542 8.51415 8.01933 7.87904 
22.4831 9.82633 28.6293 15.1942 8.144 7.89659 7.82644 
23.2342 9.89472 27.5988 14.9772 8.68455 7.82283 7.78776 
24.286 9.50817 29.0021 13.4008 8.22741 7.79655 7.77902 
23.0749 8.87595 29.5548 14.4065 8.41478 7.84093 7.83216 
23.6313 8.95061 28.3153 14.7845 8.53952 7.89158 7.8872 
22.6033 9.26983 30.7672 13.3854 8.20812 7.88415 7.88196 
23.8458 8.69852 30.578 13.0531 8.16766 7.829 7.8279 
23.32 8.5772 29.6272 14.6148 8.31177 7.77479 7.77425 
23.8323 8.59572 28.8586 14.4235 8.463 7.81998 8.00697 
21.2673 9.64137 29.6965 14.4637 9.00249 8.10846 7.82028 
20.2633 9.82068 30.2186 15.5652 8.39014 7.94312 7.79903 
21.3862 9.52289 29.3159 15.3472 8.80761 7.8461 7.77405 
22.0026 9.32494 27.7532 15.8085 9.16571 8.08972 7.85528 
21.1974 9.36835 27.7982 16.7278 9.09266 7.96643 7.84921 
23.5987 9.08418 27.6991 14.9639 8.74633 7.98321 7.9246 
22.2389 9.30399 30.5162 13.5259 8.21932 8.38721 7.80846 
21.5209 9.21404 30.4041 14.2447 8.48922 8.39069 7.73634 
21.7453 9.34187 29.596 14.8875 8.41128 8.17262 7.84545 
20.7032 9.58619 29.0353 16.7658 8.10394 7.98461 7.82103 
19.0158 9.66674 29.1386 17.9497 8.3841 7.96343 7.88163 
18.0682 9.50263 28.9662 18.5079 9.05586 8.06732 7.83187 
17.4006 9.53219 28.0289 19.8117 8.9104 8.41613 7.9 
18.2509 10.0095 28.8085 18.3328 8.57505 8.14065 7.88258 
18.1847 9.88282 28.6899 18.7483 8.81714 7.90308 7.77404 
17.3013 9.41902 29.0838 20.0085 8.32648 8.05602 7.80493 
17.1412 9.23781 28.8815 20.3816 8.50286 7.99027 7.86473 
17.7586 11.2428 26.4066 18.7378 9.37964 8.26864 8.20587 
19.4971 10.8338 24.7863 19.2145 9.51607 8.18837 7.96394 
19.3639 10.9938 26.047 18.838 8.98881 7.94034 7.82812 
18.6984 9.80018 27.1628 18.6403 9.61735 8.06853 8.01242 
19.8856 9.49779 26.6082 19.2818 9.02324 7.86568 7.83763 
19.4914 9.61001 27.8875 17.9743 9.19912 7.9259 7.91187 
19.9975 9.48126 26.5337 18.6994 9.45567 7.91978 7.91277 
19.1427 9.799 27.0801 18.4936 9.7862 7.85094 7.84744 
19.1242 9.77755 26.3449 17.9867 10.5842 8.19376 7.98876 
19.702 10.8328 27.3333 17.2101 9.13823 7.94304 7.84053 
18.8397 10.6599 28.6479 17.032 9.0635 7.9041 7.85285 
18.934 10.5931 27.8867 17.4229 8.98519 8.20306 7.97501 
18.9994 10.8721 27.7923 17.7043 8.44943 8.23822 7.94434 
18.5548 11.7353 27.282 17.9072 8.55542 8.05612 7.90918 
20.0466 11.0599 27.6794 16.4536 8.8931 8.06652 7.80074 
20.5292 10.7829 27.653 15.2307 9.50491 8.11886 8.18053 
20.6893 10.2177 26.7608 16.1096 9.77176 7.92044 8.53042 
19.915 9.21041 29.5914 15.672 9.37807 7.86647 8.36677 
21.3982 9.47809 29.6262 13.5563 9.13819 8.38239 8.42067 
20.8914 10.316 27.1208 15.2397 9.56909 8.61427 8.2488 
20.4843 10.9495 26.4948 16.3071 9.6108 8.16814 7.9854 
21.559 9.79573 27.2391 15.7667 9.33215 8.1993 8.10793 
21.3564 10.2825 27.0811 15.3834 9.85838 7.9458 8.09243 
22.0955 10.2594 26.7295 15.5657 9.2599 8.10676 7.98322 
22.0647 10.6382 26.2885 15.41 9.0791 8.29067 8.2289 
22.3726 11.161 26.3745 14.7497 9.17873 8.09722 8.06634 
21.7235 10.126 28.4765 14.3996 8.92821 8.18084 8.1654 
22.7231 10.3549 28.8368 13.7692 8.29622 8.10502 7.91482 
22.9469 9.85227 30.6786 12.1691 8.21315 8.11755 8.02245 
22.5406 9.66922 30.7543 12.4087 8.4544 8.20897 7.96379 
21.8188 9.8979 27.8244 14.8541 8.86855 8.53487 8.20131 
20.4712 10.3274 27.8564 15.5944 8.81675 8.6499 8.28392 
20.4439 9.74705 28.3032 16.1305 8.57504 8.49162 8.30863 
21.8499 10.2999 26.1671 16.7862 8.55109 8.12178 8.22408 
21.6741 9.87307 28.5559 15.3964 8.51007 7.96968 8.02084 
19.789 11.0501 27.8151 15.3401 9.27687 8.35165 8.37723 
20.9387 10.9467 26.9597 15.5014 9.25691 8.19189 8.20468 
20.5469 9.73693 28.0148 15.8902 9.47342 8.35951 7.97831 
21.1002 10.3803 27.3932 14.8349 10.0517 8.11676 8.12301 
20.0363 10.9214 28.3211 14.7297 9.96655 8.01095 8.01408 
20.2222 11.175 27.2218 15.324 9.88123 8.08711 8.08867 
20.0348 10.7402 26.9697 16.2498 9.90245 8.05119 8.05197 
20.1869 10.6667 27.4679 15.1164 9.82411 8.47475 8.26327 
20.649 9.5926 29.2895 14.9656 9.3565 8.12626 8.02053 
21.1941 9.14413 29.4998 14.9103 9.20723 8.04864 7.99577 
23.4129 8.54318 29.0098 14.4949 8.57474 7.99544 7.969 
22.7331 9.02444 28.9536 14.6619 8.46988 8.18023 7.9769 
22.4574 8.69404 28.6586 15.8764 8.23494 8.09011 7.98845 
19.1556 10.0381 28.9635 16.4748 8.99552 8.31335 8.05927 
20.1142 9.80831 27.5085 17.4328 9.28703 7.98809 7.86105 
14 14 14 14 14 14 14 
12.5012 16.0465 18.6137 14.824 12.379 13.7237 10.912 
13.5087 17.355 20.2515 15.7069 12.5259 10.7789 9.37304 
12.696 18.3188 21.3365 16.71 12.7652 9.31322 8.61029 
12.9208 16.7885 22.288 17.6273 12.9554 8.99933 8.29575 
12.016 18.6779 22.3733 17.5607 12.8607 8.40038 8.04859 
11.0415 17.0571 22.8198 19.0712 13.9247 8.11518 7.93928 
10.8821 16.6871 23.4145 17.1113 15.8202 8.13684 7.93234 
11.3771 16.3344 22.6662 17.4598 16.1293 8.06386 7.96161 
10.4505 16.8974 22.5576 18.7072 15.3209 8.11356 7.94906 
9.54341 17.7669 22.1879 19.5809 14.9332 8.03405 7.9518 
9.51784 18.9276 19.4825 19.8346 16.2966 7.99054 7.94941 
8.87148 17.7971 20.0226 20.7398 16.8063 7.89137 7.87081 
9.58448 18.5095 18.8214 19.8665 17.5565 7.83585 7.82556 
9.13522 19.0543 19.0989 18.7306 18.3551 7.81547 7.81033 
9.43187 18.6901 20.4092 18.7544 16.983 7.86701 7.86444 
8.6972 18.9469 21.0945 19.2133 16.2198 7.91477 7.91349 
8.51527 19.7115 20.4282 19.0114 16.5623 7.88596 7.88531 
8.64152 19.6899 20.0482 20.9986 14.9162 7.85293 7.85261 
9.06613 18.4098 19.9778 21.4947 15.3285 7.86165 7.86149 
9.3053 20.0509 18.9911 21.1595 14.8226 7.83538 7.8353 
8.54416 20.4028 19.637 20.3675 14.7226 8.51675 7.80916 
9.82764 20.4055 19.6825 19.3674 14.6175 8.22663 7.87283 
9.85358 20.6847 20.2027 19.0813 13.8148 8.45066 7.91232 
10.1541 20.7969 22.0332 17.8361 13.0438 8.2026 7.93343 
9.54951 18.0819 24.434 19.3538 12.3705 8.34442 7.8658 
9.67225 19.6332 22.9232 19.4719 12.2217 8.15854 7.91923 
8.82673 18.6194 24.255 19.5951 12.6836 8.06988 7.95023 
8.94825 17.6818 22.5926 21.658 13.2023 7.98843 7.9286 
8.44047 18.4563 23.9165 21.1655 12.13 7.96056 7.93065 
8.91159 18.8578 23.3163 19.9655 13.102 7.9309 7.91594 
8.50342 17.286 23.5629 21.6494 13.2177 7.89402 7.88654 
9.82043 16.6999 23.3928 21.9621 11.8221 8.44938 7.85322 
9.30046 15.667 24.2574 22.6884 12.1306 8.12713 7.82905 
10.1796 15.7159 25.1875 21.5795 11.3594 8.06356 7.91453 
9.6903 15.1219 25.7899 21.3224 11.733 8.39014 7.95242 
10.0432 15.4817 25.2712 21.3048 11.8071 8.15546 7.93661 
11.7885 15.1343 24.1644 22.1812 10.6654 8.21307 7.85301 
10.2259 16.4781 23.3446 23.3431 10.6545 8.06693 7.8869 
10.2894 16.8273 24.2605 21.5539 11.092 8.03347 7.94345 
10.2918 16.9921 23.895 20.9485 12.0411 7.9383 7.89329 
9.2068 15.8564 26.1607 22.0225 10.8429 8.03006 7.88066 
10.2747 16.956 25.2331 20.9649 10.7455 7.95022 7.87551 
10.8665 15.6395 24.3353 22.7221 10.7113 7.88136 7.84401 
11.6061 16.2148 22.7849 23.0894 10.5408 7.8913 7.87262 
10.3716 16.483 23.1945 22.7122 11.4887 7.87966 7.87032 
9.55472 17.5862 21.4273 22.8852 12.9045 7.82332 7.81866 
9.4313 16.669 22.2889 23.2565 12.2995 8.2076 7.84728 
9.60287 17.4824 22.172 21.7786 13.1673 7.98851 7.80835 
9.46138 16.9276 24.688 20.0833 12.7549 8.27637 7.80846 
10.0554 16.5157 25.0713 19.7819 12.7411 8.03429 7.80033 
11.4079 16.5912 24.3846 19.5264 12.3601 7.9234 7.80642 
11.6406 16.3431 25.253 19.7896 11.1933 7.91948 7.86099 
12.2142 15.9721 24.0076 19.4856 12.502 7.92393 7.89469 
12.7477 16.71 24.3736 18.4667 11.9802 7.86822 7.8536 
12.571 16.6649 23.1727 18.9517 12.8915 7.87777 7.87046 
11.7056 16.1915 24.73 19.7739 11.8658 7.86842 7.86477 
11.9175 15.1038 24.7639 20.5339 11.8628 7.97734 7.84074 
11.1039 15.3356 26.4981 19.6337 11.3404 8.21031 7.87815 
11.514 13.6298 26.9347 19.5729 12.4453 8.03469 7.86862 
12.123 13.9767 26.7299 19.7334 11.5277 7.99613 7.91309 
13.2637 13.7751 26.6614 19.7005 10.8885 7.87618 7.83466 
13.6971 15.0397 25.0155 18.41 11.966 8.01418 7.85755 
13.1488 13.552 24.9742 20.331 12.2833 7.89449 7.81617 
13.66 13.8616 24.3855 20.0586 12.4251 7.82425 7.78509 
12.0931 13.7175 26.7357 19.4476 11.7527 8.48276 7.77066 
11.8976 13.3747 27.9955 18.6334 11.9934 8.23074 7.87469 
11.7339 13.7121 28.4606 17.8566 11.6441 8.66083 7.93184 
11.882 14.2496 27.6388 19.3293 10.208 8.84169 7.85063 
11.957 14.4777 25.8515 21.6967 9.91683 8.29785 7.80232 
13.3396 14.8777 25.9813 19.8761 10.0973 8.03781 7.79005 
14.513 15.142 26.436 19.1818 8.97022 7.94048 7.81659 
14.6176 16.1821 26.6902 16.952 9.90178 7.85913 7.79719 
16.5156 14.8899 25.9514 17.2579 9.34182 8.17886 7.8646 
16.8584 14.7336 24.6375 17.8126 10.0645 8.02529 7.86816 
15.6326 14.9939 24.1831 19.4995 9.83451 7.96745 7.88888 
14.8585 14.8209 26.1761 18.2005 10.1285 7.92739 7.8881 
14.6697 14.7875 26.476 18.7997 9.43585 7.92544 7.9058 
12.9222 13.5542 27.1349 20.2881 10.4486 7.83092 7.82109 
13.4992 13.2287 26.9105 21.1411 9.47649 7.8744 7.86949 
13.5745 12.8458 27.1051 20.8079 10.0795 7.79477 7.79231 
14.2521 12.0567 26.6512 21.249 10.1102 7.84105 7.83982 
13.4496 11.1754 28.6197 21.6539 9.31979 7.89111 7.8905 
14.0994 10.7499 28.1742 20.8565 10.2646 7.92786 7.92755 
13.7913 10.5716 29.2556 21.2428 9.34579 7.89651 7.89636 
13.291 10.6637 28.2906 21.6679 10.3415 7.87267 7.8726 
13.7884 10.6114 27.9652 22.1694 9.82914 7.81833 7.81829 
14.1213 10.9104 27.8469 22.2941 9.04436 7.89146 7.89144 
14.452 12.1219 26.6771 21.0021 10.0294 7.85878 7.85877 
15.1207 12.4077 26.032 21.4918 9.34908 7.79936 7.79935 
14.0074 11.2182 28.6321 21.4909 9.1158 7.76787 7.76787 
14.6626 11.1004 27.7553 21.7281 9.18218 7.78567 7.78567 
14.9637 10.8462 28.8309 20.8329 8.95246 7.78692 7.78692 
15.9724 10.1401 28.7236 21.1083 8.40705 7.82428 7.82428 
16.0902 10.4217 27.2059 20.9517 9.55521 7.88767 7.88767 
16.1739 10.1188 28.6336 19.6783 9.5322 7.93157 7.93157 
16.5534 9.692 27.2561 20.8615 9.71818 7.95939 7.95939 
15.2044 10.1171 27.9353 22.1777 8.77475 7.89536 7.89536 
15.9864 10.3939 27.0774 21.912 8.65567 8.06353 7.91109 
16.6035 11.5414 25.6233 20.3216 9.7659 8.26137 7.88304 
15.6464 11.1379 26.7947 20.4715 9.9677 8.08549 7.89632 
14.7396 12.0531 27.0861 19.8899 10.3153 8.07733 7.83865 
14.452 10.4175 29.832 20.0016 9.26528 8.14631 7.88533 
14.4767 9.43835 30.9281 19.9706 9.31542 8.00065 7.87016 
15.9926 9.76968 28.427 20.2547 9.87656 7.87238 7.80713 
17.215 9.25984 26.8698 20.7523 10.2508 7.84244 7.80982 
15.7267 10.4246 27.3422 21.3033 9.43003 7.89473 7.87842 
16.223 9.94417 26.7626 21.2195 9.92006 8.04831 7.88243 
13.4686 10.6539 28.154 22.2981 9.50548 8.0826 7.83732 
13.1606 10.3426 26.9297 23.218 10.5521 7.95979 7.83715 
12.4022 11.6782 27.6772 22.5679 9.89935 7.91825 7.85693 
14.4005 10.823 27.3434 22.0557 9.77282 7.81765 7.78699 
15.7667 10.8311 27.1332 21.867 8.73257 7.9298 7.73965 
15.5381 10.4644 26.4331 23.1485 8.76368 7.8737 7.77862 
15.1884 10.8774 28.2165 21.0904 9.05926 7.80782 7.76028 
16.1188 11.5043 26.8952 20.8731 8.79192 8.00227 7.81456 
16.2852 10.9134 26.3508 22.0494 8.7508 7.8721 7.77825 
16.3618 11.2786 28.7576 19.5864 8.31376 7.87441 7.82748 
15.4364 11.7907 29.8362 19.0992 8.1001 7.88042 7.85696 
16.0239 12.0415 28.7055 18.1875 9.19955 7.92692 7.91519 
17.8453 11.8541 26.1861 19.0937 9.09977 7.96346 7.9576 
17.122 11.5541 27.884 18.7109 9.0515 7.84025 7.83732 
15.1936 10.5389 27.7175 22.1105 8.77745 7.83169 7.83022 
16.0161 10.2523 27.089 21.7082 9.19972 7.86774 7.867 
15.3659 10.3101 27.9258 21.5564 9.28213 7.78002 7.77965 
15.6221 11.405 25.4494 22.7715 9.20188 7.77515 7.77496 
16.0857 10.28 27.6895 21.4209 9.00235 7.76081 7.76072 
17.1645 10.0386 28.2028 20.1699 8.72415 7.76554 7.93441 
16.7218 9.67048 29.5499 19.3873 8.84712 7.86948 7.95392 
17.3887 9.86996 27.7958 20.6311 8.41662 7.9278 7.97001 
17.0567 9.98725 28.532 19.7232 9.08636 7.79665 7.81776 
17.3419 10.4174 27.6559 19.5226 9.28894 7.96612 7.80719 
18.2863 9.75413 28.6881 19.0271 8.66545 7.82921 7.74975 
19.4635 10.0372 27.1554 19.1221 8.60319 7.8292 7.78946 
16.7247 10.0885 27.5637 21.2743 8.84705 7.76075 7.74089 
17.4852 10.6583 26.5889 20.988 8.80949 7.74003 7.73009 
17.1636 10.2414 28.5576 20.1431 8.43983 7.72966 7.7247 
17.5165 9.58807 26.8218 21.9272 8.34363 7.81672 7.98606 
17.693 8.91775 29.3903 19.7265 8.46735 7.86025 7.94492 
17.1211 8.86028 29.4839 19.7224 8.98719 7.97942 7.8457 
18.8036 8.94403 27.2419 19.757 9.35471 7.98277 7.91591 
17.5685 9.97201 28.7876 19.0452 8.67735 7.99138 7.95795 
19.7057 9.08157 28.0457 19.0789 8.26359 7.92061 7.90389 
20.3006 9.5781 29.5079 16.8156 8.04971 7.87821 7.86986 
22.0631 8.64811 28.1768 17.4682 8.0517 7.79817 7.79399 
21.8936 8.97923 28.2263 16.8375 8.33619 7.8646 7.86251 
22.9677 8.84501 29.0957 15.3874 8.17507 7.76505 7.76401 
22.16 8.69297 28.9607 16.4126 8.18006 7.79712 7.79659 
22.2096 9.32987 27.9355 16.3458 8.40897 7.88527 7.88501 
23.2866 9.39221 28.3314 14.9002 8.20448 7.94263 7.9425 
22.8402 9.32931 28.8375 14.5929 8.5424 8.02537 7.83226 
22.0513 9.81416 28.04 14.9377 9.08847 8.16551 7.90284 
24.4943 9.51962 26.7506 14.8489 8.60328 7.95729 7.82596 
24.931 8.98775 28.4488 13.4906 8.34576 8.02276 7.77327 
23.4244 9.45963 29.2929 13.5946 8.4537 7.94974 7.82499 
24.6967 9.18718 28.7937 12.8051 8.87801 7.85084 7.78847 
24.4363 9.35549 29.232 12.6296 8.83461 7.77157 7.74039 
22.9442 8.96818 29.7975 13.7406 8.87275 7.84618 7.83059 
21.3261 8.68117 29.6798 16.1769 8.63346 7.75521 7.74741 
21.7742 8.70566 29.1256 16.4218 8.28498 7.84586 7.84196 
20.4027 9.37013 28.7497 17.5534 8.12173 7.90217 7.90022 
20.6543 9.21468 29.009 17.3133 8.24205 7.78384 7.78286 
21.0666 9.36086 28.4129 17.4595 8.17032 7.76516 7.76467 
20.3159 9.02826 27.6123 19.237 8.07067 7.86809 7.86784 
17.9434 8.49337 30.4151 18.9611 8.18758 8.08629 7.91316 
18.0458 9.98742 28.3557 19.1102 8.35305 8.30241 7.84547 
17.9835 9.65321 26.185 22.0999 8.11918 8.09386 7.86539 
18.4223 9.45294 28.0391 19.7688 8.50799 7.96152 7.84728 
17.4568 9.28787 28.4055 20.0598 9.16627 7.84041 7.78329 
17.187 9.53115 27.9246 20.9322 8.71848 7.86757 7.83901 
17.8677 9.20106 29.0833 19.1354 8.79472 7.96604 7.95177 
17.8624 10.3148 27.5773 19.5677 8.86165 7.91159 7.90445 
18.2566 11.1098 26.8839 19.3077 8.59749 7.92405 7.92048 
19.9717 10.3742 26.8958 17.8868 8.71642 8.17889 7.9763 
20.3307 11.5089 26.4747 16.6062 8.3812 8.30401 8.39428 
19.9032 10.4361 28.0314 16.3555 8.49771 8.64638 8.12973 
18.6388 11.3957 27.3361 16.865 9.26816 8.5703 7.92587 
19.0209 10.7351 26.7278 18.3206 9.11169 8.20306 7.88084 
19.5105 10.0614 27.0374 17.3236 9.24972 8.38724 8.43022 
21.0393 10.2836 28.6938 14.8875 8.90502 8.08467 8.10616 
20.3681 10.6342 29.309 15.2089 8.42978 8.01961 8.03035 
22.012 9.6182 28.2746 15.4897 8.69518 7.95246 7.95783 
22.5445 9.42448 27.2142 16.591 8.19374 8.207 7.82507 
21.7986 9.41149 28.0808 16.0023 8.60815 8.23884 7.8599 
20.7783 10.1493 27.1452 16.0657 9.54601 8.35329 7.96221 
19.4055 10.4025 27.3021 16.8443 9.48612 8.47992 8.07947 
20.0613 10.3805 27.3961 16.5895 8.92633 8.62243 8.0238 
21.8284 9.68465 29.8029 13.7255 8.77028 8.2438 7.94448 
20.8082 9.25929 30.8025 14.4599 8.8021 8.00883 7.85917 
20.7984 9.64756 29.9174 14.936 8.88134 7.94707 7.87224 
20.5879 9.91812 27.4115 17.2793 8.96897 7.9358 7.89838 
22.2541 9.61022 28.4898 15.2842 8.4712 7.95461 7.9359 
20.4677 9.20072 30.179 16.2502 8.2649 7.82346 7.8141 
21.4506 9.1631 27.8271 17.0604 8.31496 8.09424 8.08956 
21.5949 10.3786 27.8628 15.9578 8.14299 8.03263 8.03029 
21.0797 10.2296 27.8427 15.4386 9.11182 8.25018 8.0474 
19.3311 10.0599 28.2071 17.2431 9.31781 7.97125 7.86985 
21.2727 9.13708 27.3178 17.5501 8.94462 7.91419 7.8635 
19.3573 9.02591 27.6124 18.6588 9.31727 8.22066 7.80772 
18.7321 9.86275 26.9749 18.3829 9.80267 8.22556 8.01909 
18.0962 9.89169 27.5748 18.9137 9.46483 8.08103 7.9778 
17.6419 9.82866 28.8264 18.6365 8.83398 7.94677 8.28577 
17.5758 9.58359 28.421 19.0459 8.8917 8.44809 8.03394 
17.9319 9.46106 27.8292 19.8342 8.53145 8.5042 7.90802 
18.3529 9.71137 27.7077 19.8788 8.28871 8.27509 7.78543 
17.8974 10.0882 28.9701 18.8541 8.21412 8.20731 7.76868 
17.1199 10.1025 28.1037 20.322 8.38722 8.18926 7.77539 
17.1997 9.09536 29.1254 20.2713 8.42155 8.13875 7.74799 
18.1998 9.54768 27.1627 20.5356 8.41078 8.06937 8.074 
17.8398 9.85514 29.0285 18.1947 8.67693 8.30298 8.10204 
18.2695 10.2121 26.5061 19.2599 9.21651 8.21653 8.31931 
20.106 9.60246 26.7423 17.3638 10.0039 8.0651 8.11649 
20.5999 10.0747 26.2618 16.6897 10.2754 8.13411 7.9645 
21.0003 9.51204 27.3332 16.3215 9.80696 8.15266 7.8733 
22.5276 9.56702 28.6151 14.0027 9.19901 8.20004 7.88854 
22.905 9.74534 28.4297 13.6807 9.56134 7.91681 7.76106 
22.962 10.1557 27.045 14.9536 8.93161 8.10935 7.8428 
22.9355 10.1688 26.6134 14.9313 9.3749 8.05468 7.9214 
21.7196 9.58078 26.9758 16.2786 9.54356 7.98417 7.91753 
19.1305 9.67761 27.7736 17.9137 9.659 7.93945 7.90614 
19.1438 10.0112 27.1052 18.727 8.85249 8.37586 7.78449 
18.0278 10.1527 28.0747 19.4738 8.47036 8.04822 7.75254 
18.8216 10.2686 27.3066 19.5446 8.27364 8.06257 7.72242 
20.5873 9.8402 27.1827 18.0076 8.64663 7.95286 7.78278 
17.5485 10.2142 28.1011 19.0038 9.22527 7.898 8.00904 
17.7174 10.5949 28.2782 17.4287 9.69394 8.21729 8.06956 
16.4718 11.0588 27.9251 18.3851 9.57948 8.42963 8.15001 
19.2653 10.4926 26.0949 18.7514 9.38533 8.07511 7.9353 
20.159 10.3215 26.3933 17.8343 9.39191 7.98492 7.91502 
20.7633 10.289 27.9402 15.1138 9.39681 8.26597 8.23101 
20.1093 10.0083 29.1452 14.3662 9.75677 8.60769 8.00656 
19.9783 10.5385 27.7406 15.7709 9.2677 8.50232 8.20175 
20.9203 10.33 27.433 15.7802 8.68243 8.7046 8.14946 
23.0541 9.86424 28.5661 13.9051 8.28858 8.29967 8.0221 
20.3617 10.3832 29.3207 14.8473 9.03151 8.0972 7.95842 
20.7869 9.54768 29.8118 15.1888 8.68242 8.02587 7.95648 
20.3171 10.3082 28.2647 16.5639 8.73052 8.02057 7.79503 
22.472 10.0048 29.4309 14.0655 8.28317 7.9282 7.81543 
23.3789 8.93099 29.3583 14.3542 8.24873 7.89267 7.83629 
23.8617 8.77261 29.2859 13.9187 8.43148 7.87892 7.85073 
23.8712 8.49078 29.7549 14.0489 8.13365 7.85737 7.84327 
21.9721 8.98992 30.0234 14.8712 8.44639 7.94328 7.75375 
20.2781 10.0259 28.7285 15.4002 8.86921 8.39642 8.30166 
20.2581 9.97328 27.8563 16.6287 8.9981 8.16646 8.11908 
19.7587 10.5422 29.2985 15.7217 8.38794 7.97212 8.3188 
20.0612 11.0893 28.1038 16.0427 8.19397 8.3497 8.1594 
20.9476 11.2215 27.3707 14.7899 8.4638 8.76 8.44651 
21.3006 11.1226 27.0712 15.4658 8.36576 8.51386 8.16026 
21.3222 11.8854 26.7767 15.0452 8.33308 8.40713 8.23033 
20.4785 11.6505 26.402 14.6002 8.96106 9.22639 8.68137 
21.3946 11.0045 26.1492 15.069 9.0622 8.99567 8.32475 
20.9447 10.6259 27.7389 14.2483 10.0081 8.38476 8.0493 
19.3814 9.85842 29.1422 16.3969 9.00407 8.19238 8.02465 
19.8193 9.91313 28.3975 17.684 8.36055 7.95471 7.87085 
17.5589 9.99388 29.4972 18.5435 8.65789 7.89527 7.85333 
18.857 10.0357 28.3145 18.1865 8.98011 7.8236 7.80264 
19.067 10.0379 28.0127 18.1294 8.90772 7.92787 7.91738 
20.1218 10.5092 29.1044 15.7314 8.76759 7.8855 7.88026 
18.1836 10.6697 29.7146 17.0715 8.53542 7.91387 7.91125 
18.9279 10.6627 28.7917 16.9374 8.57099 8.0553 8.05399 
21.1181 10.0306 28.8696 15.2356 8.79677 7.97502 7.97436 
21.3434 10.1133 28.7485 14.6766 8.90819 8.30123 7.90875 
21.2777 10.4679 27.5777 14.4812 9.216 8.69607 8.28338 
20.0983 10.4463 27.8815 16.507 8.8551 8.20904 8.00269 
19.7965 10.6383 28.3812 16.1957 8.94019 8.07564 7.97247 
19.286 10.2171 27.8641 17.4856 8.95989 8.11945 8.06787 
18.8941 10.6152 26.9276 17.5534 9.1055 8.46501 8.43922 
14 14 14 14 14 14 14 
14.9677 12.5427 17.739 14.6212 14.3903 13.8129 10.9261 
13.4064 13.5607 21.7397 13.3471 17.104 10.8928 9.44938 
14.3421 13.1461 22.7911 14.4282 16.5381 9.84455 8.65988 
13.1994 14.2562 22.0339 16.7886 16.5433 8.82298 8.23065 
13.8914 15.5772 21.2021 16.3804 16.142 8.6939 8.05051 
13.3215 15.7304 21.0037 17.8099 15.901 8.26194 7.94024 
11.1956 17.0513 20.5019 18.4398 16.7877 8.08446 7.92361 
12.2497 16.5079 20.4505 18.5326 16.0435 8.25509 7.95294 
12.6084 16.9353 21.9835 17.8377 14.6152 8.08359 7.93251 
11.8994 17.2772 21.706 18.0855 15.1647 7.97037 7.89483 
10.8909 18.2856 21.0883 18.4545 15.3471 7.98518 7.94741 
12.269 18.084 19.603 18.0508 16.0265 7.99259 7.97371 
10.712 19.6054 18.9564 18.7672 15.9945 7.98691 7.97746 
10.5764 18.1554 20.1511 19.2444 16.0019 7.93777 7.93305 
11.0969 18.8727 20.7817 19.3033 14.0374 7.95522 7.95286 
10.8048 18.7953 21.0319 19.5234 13.9418 7.95197 7.95079 
10.7555 19.9899 20.6526 17.9622 14.7158 7.96232 7.96173 
10.8302 18.3476 19.491 20.582 14.8985 7.92547 7.92518 
9.90947 18.4997 20.0826 21.6393 14.0785 7.89532 7.89517 
11.8152 17.7382 20.0413 21.7499 12.8532 7.90115 7.90108 
11.5492 18.8249 20.1976 20.6095 12.9531 7.93288 7.93284 
9.92206 19.5507 21.9652 19.6365 12.9282 8.1139 7.88347 
10.7172 20.9492 21.7049 18.8476 11.8817 8.00729 7.89207 
10.3114 19.0831 23.4704 19.5653 11.4833 8.24893 7.83755 
10.3814 21.0617 22.8991 18.8088 10.9673 8.0437 7.83801 
10.06 20.1508 25.345 18.0742 10.5905 7.94109 7.83825 
10.1943 19.6998 24.4096 19.4831 10.3422 7.96116 7.90973 
10.6136 19.0048 25.233 18.1923 11.0397 7.97119 7.94548 
11.0075 17.3409 26.0369 19.6662 10.1517 7.90483 7.89198 
9.68037 17.0237 25.787 19.9763 11.7584 7.89036 7.88394 
9.208 17.4774 24.6176 21.2525 11.7413 7.85323 7.85001 
9.72305 16.1196 25.9993 20.5072 11.9421 7.85519 7.85358 
10.5662 16.5609 24.409 20.6563 12.1232 7.84258 7.84178 
11.5627 16.2189 22.868 21.5841 12.1042 7.83124 7.83084 
10.7933 15.3887 24.9185 21.6512 11.5414 7.85357 7.85337 
10.3245 14.9059 24.9592 22.1237 11.9005 7.89313 7.89303 
9.93554 15.4482 24.4128 21.4437 12.8715 8.00384 7.88446 
10.6608 15.3973 23.5925 21.9842 12.0051 8.45737 7.90263 
9.91865 16.6399 22.9727 22.0509 12.2378 8.22868 7.95131 
10.0588 17.897 23.0535 21.1001 11.8403 8.09444 7.95576 
10.5984 17.181 24.3597 21.9302 9.91531 8.04238 7.97304 
10.0208 17.5493 23.8021 22.5874 10.0424 8.01635 7.98168 
10.0596 17.0259 23.8469 22.9932 10.1936 7.94906 7.93172 
10.7061 16.9671 24.0007 21.2792 11.1355 7.96004 7.95137 
9.92038 15.4547 24.9811 21.6973 12.0581 7.94636 7.94203 
9.79111 14.2491 25.6548 20.752 13.6378 7.95869 7.95652 
9.92133 13.5678 25.4563 21.4585 13.5199 8.10306 7.97311 
10.4152 12.8878 25.3255 21.5085 13.6431 8.33724 7.88266 
9.47301 13.4344 24.5111 22.2471 14.4045 8.07857 7.85128 
9.46796 13.239 25.1712 22.2489 13.9797 8.00348 7.88983 
8.60995 12.821 25.6347 22.7523 14.4834 7.87771 7.82089 
8.68286 13.0925 25.7206 21.5144 14.7302 8.43194 7.82749 
9.41955 14.0984 25.3603 22.2155 12.964 8.12222 7.82 
10.347 14.157 23.4645 22.1372 14.0801 7.98268 7.83157 
10.526 13.2143 25.4398 22.0346 13.0453 7.90779 7.83223 
10.1673 14.8607 24.4424 23.0987 11.6662 7.90126 7.86348 
9.99766 14.9242 23.4006 23.9572 11.9756 7.88184 7.86295 
10.5839 14.244 23.4024 22.4839 13.3016 8.06326 7.92083 
10.6219 15.1169 24.0108 21.5211 12.8691 7.96564 7.89443 
9.2251 16.9019 24.1266 21.8717 12.1164 7.89696 7.86136 
10.6021 15.4822 25.0842 21.2223 11.1363 8.63598 7.83693 
11.4866 16.2463 23.7534 21.4359 10.8517 8.31284 7.91331 
12.3649 14.6096 25.6605 20.5828 10.8312 8.07534 7.87557 
12.0491 13.8381 26.4302 20.2914 11.4156 8.03767 7.93779 
12.4901 12.9536 27.4393 19.9158 11.3113 8.04182 7.8482 
11.5018 13.5672 26.5558 20.4714 12.1348 7.93289 7.83608 
12.1221 12.1853 27.1283 21.87 11.0536 7.84456 7.79616 
11.6166 12.7878 27.8092 22.4735 9.51539 7.91089 7.88668 
11.9896 12.9873 27.7782 22.0884 9.29066 7.93896 7.92686 
11.64 12.542 28.1364 23.2754 8.67759 7.86733 7.86128 
11.2367 12.521 26.846 24.2766 9.47768 7.82255 7.81953 
10.9172 12.9181 27.5534 23.6872 8.67906 8.39497 7.84998 
10.9107 13.9059 27.4735 23.1468 8.46187 8.18685 7.91435 
9.97592 12.7064 27.5724 24.4501 9.16244 8.20301 7.92978 
9.95955 13.0293 28.4169 23.7307 8.84258 8.07878 7.94216 
10.4592 13.09 27.6331 23.2352 9.62677 8.01199 7.94368 
10.5629 13.345 28.4832 22.5509 9.08005 8.006 7.97184 
11.7375 13.4033 28.9394 20.4788 9.48508 7.98651 7.96944 
13.0489 14.9262 27.0023 19.3778 9.83392 7.90971 7.90117 
12.5519 16.5042 24.871 19.6889 10.5334 7.92746 7.92319 
14.3404 15.3757 23.5914 20.4627 10.5086 7.86158 7.85944 
12.0749 15.726 24.1935 21.403 10.8401 7.88174 7.88068 
11.9016 15.5791 25.3684 21.1953 10.3583 7.7989 7.79836 
13.6011 13.9371 26.3454 20.5703 9.82398 7.8612 7.86093 
12.9989 13.7178 26.2581 20.3403 10.4216 8.33831 7.92496 
12.4265 15.5215 23.9193 21.8723 10.226 8.12052 7.91385 
11.8024 14.4073 24.6485 22.5676 10.7021 7.98775 7.88442 
11.0482 13.086 26.4419 23.0485 10.4981 7.96447 7.9128 
9.76389 14.1453 26.0864 23.8049 10.366 7.9296 7.90377 
9.03579 13.8419 27.6586 24.0563 9.4907 7.9648 7.95188 
10.4669 13.5782 27.852 22.9347 9.27793 7.94841 7.94195 
11.3082 13.4869 27.1659 22.8381 9.46763 7.86828 7.86505 
12.5255 12.0066 28.2028 21.9453 9.55837 7.88151 7.8799 
14.2627 12.6187 25.7937 21.7419 9.70226 7.94076 7.93995 
14.3921 11.4249 27.4183 21.432 9.47159 7.93077 7.93037 
14.4033 11.1178 27.523 21.8271 9.39045 7.86929 7.86909 
16.0701 12.4397 26.2997 20.0879 9.28238 7.91018 7.91008 
14.0411 11.7754 28.1649 20.7046 9.59615 7.85899 7.85894 
13.7571 11.8757 27.8549 21.4301 9.43879 7.82171 7.82169 
13.3801 10.8914 28.6333 22.1702 9.36336 7.78083 7.78081 
14.0254 11.7331 28.3885 20.9653 9.3224 7.78263 7.78262 
12.4838 12.4015 27.4161 23.4006 8.61257 7.84268 7.84268 
12.8457 12.1756 27.5446 22.5494 9.1805 7.85216 7.85216 
12.772 12.2783 25.9945 23.6556 9.51088 7.89433 7.89433 
13.0825 12.2403 27.4318 22.3933 9.21973 7.81621 7.81621 
13.705 11.3833 27.8972 22.3078 8.99583 7.85548 7.85548 
15.234 10.894 27.9659 21.8475 8.39965 7.82947 7.82947 
15.381 10.5712 27.6476 21.4828 9.01349 8.10728 7.79672 
18.1139 9.683 28.156 19.5362 8.74127 7.96244 7.80716 
16.8451 9.67016 29.3428 20.0485 8.42048 7.8753 7.79766 
18.3338 10.4564 28.5767 18.6041 8.20432 7.93173 7.89291 
18.0778 9.51862 30.1299 18.0479 8.39259 7.92626 7.90685 
18.9226 9.99187 28.5824 17.8902 8.41141 8.3236 7.87784 
18.6096 10.6742 28.1713 17.9357 8.62211 8.10502 7.88214 
17.7423 9.71208 28.4607 20.0616 8.2173 7.95876 7.84732 
15.8973 10.2482 27.9558 21.3053 8.84721 7.90095 7.84523 
17.3446 9.98987 27.9041 20.3842 8.78602 7.80953 7.78167 
16.281 9.8086 28.2378 21.2169 8.89612 7.78675 7.77282 
18.8671 9.22956 26.5756 20.2971 9.29235 7.87262 7.86565 
19.4682 9.28606 28.3397 17.934 9.14444 7.91555 7.91206 
19.9865 9.37489 27.7345 18.5884 8.51544 7.90099 7.89925 
20.6728 10.5127 27.4595 17.5467 8.14122 7.83399 7.83312 
19.3808 11.3997 27.8936 17.1351 8.50747 7.84191 7.84147 
20.9649 10.7652 29.6331 14.4499 8.5021 7.84252 7.84231 
21.628 10.6458 29.6772 13.8813 8.58542 7.79123 7.79112 
22.673 10.6113 28.1399 14.9535 8.13886 7.74177 7.74171 
21.9982 10.2689 27.8567 16.3003 8.11355 7.73118 7.73115 
22.7733 10.2957 28.4445 14.6017 8.25032 7.89785 7.73654 
21.5652 11.5764 27.4365 15.5152 8.2323 7.8775 7.79684 
20.9581 10.8759 28.1042 15.6523 8.67756 7.97384 7.75807 
22.1184 10.0281 27.9865 15.5311 8.60107 7.92134 7.81346 
21.0242 10.084 28.8534 16.1571 8.32152 7.80683 7.75288 
19.4089 10.7359 27.7719 17.3312 9.14296 7.818 7.79103 
18.3687 10.4221 28.6874 17.6909 9.08412 7.88012 7.86664 
18.142 10.0971 28.5131 17.966 9.59092 7.84886 7.84211 
20.281 10.3866 26.1782 18.0577 9.42179 7.83902 7.83565 
21.7091 9.70311 27.4028 16.0877 9.41678 7.84108 7.83939 
22.6825 9.86947 26.9631 15.5707 9.18868 7.86319 7.86235 
23.8413 10.0404 27.9182 13.7713 8.81969 7.80484 7.80441 
22.9907 10.0017 27.0587 15.0037 8.83789 8.33046 7.77675 
22.8441 9.11271 28.332 15.0676 8.69526 8.1126 7.83574 
21.7114 9.05796 28.6354 16.6978 8.20615 7.91482 7.77639 
22.7351 9.13891 29.3886 14.9092 8.18109 7.85812 7.7889 
21.7124 9.22463 29.1771 16.0753 8.05606 7.89458 7.85997 
22.1525 9.42713 28.4774 15.8154 8.47248 7.83618 7.81887 
22.998 9.69577 27.7618 15.0251 8.86257 7.83268 7.82403 
24.127 9.1141 28.386 13.8266 8.86815 7.84125 7.83693 
22.1367 10.4179 27.3798 14.7887 8.64653 8.86568 7.76462 
22.6789 9.70331 28.6712 13.7614 9.00491 8.36543 7.81489 
23.0343 9.25843 29.4203 13.6604 8.73974 8.08102 7.80575 
24.5914 10.1062 26.7243 14.2507 8.61015 7.92743 7.7898 
24.428 9.09724 27.1489 14.2945 9.26831 8.00783 7.75519 
23.4385 8.97039 29.2207 13.9499 8.54572 8.08555 7.78916 
24.5905 8.94064 27.9767 13.9057 8.72831 8.00317 7.85498 
23.915 9.04779 27.5447 14.6993 9.11767 7.87482 7.80073 
24.8556 8.66402 29.5367 12.6044 8.53973 7.9183 7.88126 
24.6794 8.96777 28.3445 13.0903 9.07119 7.93266 7.91414 
24.8397 9.91867 28.4838 12.1611 8.70226 7.95184 7.94258 
23.7102 9.79804 29.4749 11.9945 9.18984 7.91857 7.91394 
23.2497 9.66093 29.1932 13.1401 9.01669 7.87085 7.86853 
24.2528 9.26732 29.7843 12.2015 8.77456 7.86034 7.85918 
24.0667 9.29784 29.2578 12.0709 9.61116 7.84808 7.8475 
24.0526 9.45661 28.411 13.888 8.65173 7.77019 7.7699 
23.3402 9.47283 28.804 13.3309 9.25287 8.08218 7.71707 
22.5092 9.63152 28.9125 14.3577 8.99707 7.88724 7.70469 
22.3867 9.72142 29.5506 13.7826 8.83816 7.90589 7.81461 
21.3974 10.3029 28.2107 14.8845 9.52112 7.86451 7.81887 
22.1951 9.89597 27.9739 15.6539 8.77516 7.76437 7.74155 
22.5521 9.31162 27.2597 16.0088 9.11485 7.88219 7.87078 
21.048 9.86754 27.9621 16.7992 8.62909 7.84989 7.84418 
21.5941 9.17731 28.9257 15.5952 9.11159 7.79948 7.79663 
23.4286 8.62374 29.3751 14.4642 8.59088 7.75939 7.75796 
22.1982 9.79574 30.3327 14.0063 8.16641 7.75066 7.74995 
21.9447 10.5964 28.4017 15.0914 8.31115 7.91945 7.73527 
20.9361 9.64603 28.6936 16.6037 8.32224 7.94523 7.85314 
21.1024 8.74092 28.7125 16.8839 8.8253 7.89053 7.84448 
22.23 8.75002 27.6774 17.566 8.24477 7.77738 7.75436 
22.9367 8.63858 27.986 16.1474 8.77355 7.76466 7.75315 
