5 80000 300 266
14 14 14 14 14 14 14 
15.1606 12.5699 16.456 17.1036 14.9016 11.9223 10.886 
14.4331 14.5337 17.6188 17.3082 16.334 9.89515 9.37702 
13.6268 17.0571 18.25 17.5119 15.7428 8.91028 8.65121 
13.0346 17.6299 19.2632 16.9357 16.3967 8.37219 8.24266 
12.739 16.7335 17.8895 18.5357 17.8138 8.14537 8.0806 
12.1835 17.6691 17.4331 17.7562 18.9069 8.02617 7.99379 
11.5362 17.9457 17.9388 18.2114 18.3423 8.01309 7.9969 
11.7042 16.9637 17.531 18.6948 19.1027 8.00198 7.99388 
10.4692 16.3647 17.9998 19.5951 19.6865 7.94243 7.93838 
9.81049 17.3342 19.3793 18.0565 19.6647 7.87747 7.87544 
10.9972 18.6671 18.4253 18.2236 17.9933 7.84678 7.84577 
11.0021 20.2235 18.5803 18.2453 16.1395 7.90465 7.90415 
10.2574 19.8565 17.2948 18.8674 17.9305 7.89664 7.89639 
9.0613 20.7148 18.0856 18.6472 17.7293 7.88091 7.88078 
8.55239 21.4443 17.5211 18.0193 18.756 7.8535 7.85343 
8.78169 21.4914 17.8814 18.1305 17.9494 7.88279 7.88276 
9.60929 20.6972 18.0426 17.9245 18.0766 7.82489 7.82488 
9.93285 21.1392 19.1709 18.0434 15.9828 7.86544 7.86543 
9.40288 20.6415 19.0579 18.0145 17.1041 7.88955 7.88955 
8.66969 19.7312 18.9394 19.8916 16.9421 7.91303 7.91303 
9.1991 19.1416 17.5014 20.2399 18.0864 7.91579 7.91579 
9.2112 20.6145 17.974 20.1928 16.3248 7.84139 7.84139 
9.48088 20.9648 19.5312 17.9195 16.3256 7.88895 7.88895 
8.65349 20.1563 20.9613 17.9815 16.5324 7.85752 7.85752 
10.1679 21.0595 20.1769 17.7524 15.0419 7.90072 7.90072 
9.63974 19.6414 21.3641 19.0129 14.4686 7.93669 7.93669 
9.9538 18.9725 22.1776 19.5511 13.5959 7.8746 7.8746 
10.2462 19.5565 20.5736 19.0261 14.7605 7.91856 7.91856 
10.9101 18.2273 20.8192 20.277 13.9775 7.89447 7.89447 
10.0109 19.2503 21.2296 20.5029 13.1391 7.93357 7.93357 
9.9452 20.1071 20.0124 19.5286 14.5213 7.94269 7.94269 
9.45536 19.4788 22.1901 18.27 14.8469 7.87939 7.87939 
9.00696 17.8475 22.6942 19.7206 14.9685 7.88114 7.88114 
9.08014 17.1617 23.132 20.6155 14.3492 7.83073 7.83073 
9.76572 16.8944 23.2049 21.8279 12.6378 7.8346 7.8346 
9.51249 16.6648 22.1349 23.9927 11.9902 7.85249 7.85249 
9.3991 16.1895 22.8532 24.0201 11.8284 7.85482 7.85482 
9.34503 15.6742 22.5513 24.6018 12.1489 7.83939 7.83939 
9.55347 15.2181 22.9423 24.0866 12.503 7.84827 7.84827 
10.1055 14.2984 24.0562 23.2678 12.4873 7.89239 7.89239 
10.6734 13.5895 24.5574 22.6409 12.684 7.92746 7.92746 
11.5125 14.0394 22.8488 22.7219 13.1116 7.88297 7.88297 
10.6488 13.4636 24.3122 23.0555 12.761 7.87943 7.87943 
10.1855 13.329 24.1931 23.7962 12.7463 7.8749 7.8749 
9.35067 12.8689 25.9652 23.3336 12.8208 7.83039 7.83039 
11.3673 13.6314 25.4826 21.5153 12.3448 7.82934 7.82934 
11.3979 13.569 26.3777 19.8486 13.1854 7.81077 7.81077 
10.7367 14.593 24.272 21.889 12.8899 7.80967 7.80967 
10.5868 14.5781 22.9369 22.3523 13.9692 7.78833 7.78833 
11.2256 15.5215 22.6065 21.951 12.9168 7.88932 7.88932 
11.1275 16.4617 23.4356 20.5343 12.7084 7.86623 7.86623 
10.6608 15.1483 24.5819 21.3108 12.6649 7.81661 7.81661 
12.3998 12.2014 25.7871 20.4241 13.4019 7.89288 7.89288 
12.6164 12.5172 26.5739 19.2919 13.1174 7.9416 7.9416 
12.3468 12.418 25.3643 20.3948 13.5635 7.95631 7.95631 
11.7724 12.3288 25.3123 21.2651 13.5526 7.8844 7.8844 
12.3256 13.6139 25.0299 20.1022 13.2157 7.85634 7.85634 
13.0593 13.0877 24.4608 21.0117 12.6423 7.86906 7.86906 
13.7436 11.6434 24.7926 22.8193 11.1719 7.91463 7.91463 
11.9335 12.2414 26.1 21.78 12.1292 7.90793 7.90793 
12.2009 13.3726 26.0271 21.577 11.0264 7.89799 7.89799 
12.3345 13.3021 26.4996 21.9844 10.0934 7.89301 7.89301 
12.0114 13.5342 26.3667 21.9013 10.5012 7.84261 7.84261 
13.5187 13.2438 26.9139 21.3134 9.39569 7.80732 7.80732 
13.2811 12.6321 26.6283 21.2705 10.4523 7.86785 7.86785 
13.3791 12.6503 27.4651 21.5517 9.26929 7.84228 7.84228 
13.9281 12.3573 25.9309 22.0359 10.1306 7.80854 7.80854 
13.2633 12.8716 25.9576 21.2542 10.9708 7.84128 7.84128 
14.1248 15.0189 24.8317 19.7551 10.5263 7.87159 7.87159 
13.3124 16.3636 24.2648 20.164 10.2111 7.84205 7.84205 
12.5004 17.9221 22.6519 20.082 11.2094 7.81713 7.81713 
12.406 15.6193 25.2707 20.845 10.253 7.80304 7.80304 
11.6575 15.0824 27.3107 20.6823 9.67193 7.79762 7.79762 
12.6127 14.4507 25.9669 21.0195 10.3636 7.79328 7.79328 
12.7905 13.8536 26.0958 21.4608 10.225 7.78713 7.78713 
13.888 13.2669 24.8635 22.2578 10.1557 7.78406 7.78406 
14.6256 14.5943 24.1636 21.3244 9.68681 7.80264 7.80264 
14.1248 13.5642 25.9782 20.8802 9.74804 7.85227 7.85227 
16.3015 13.9832 24.8098 19.6792 9.49358 7.86635 7.86635 
16.6559 14.2081 26.0647 18.4736 8.74164 7.92802 7.92802 
17.0747 12.5871 25.9566 18.6363 9.9844 7.88046 7.88046 
15.7182 11.7457 27.34 18.2277 11.1092 7.92959 7.92959 
15.6275 11.9463 28.783 18.2947 9.50941 7.9196 7.9196 
14.3891 11.8636 27.6792 20.6542 9.54923 7.9324 7.9324 
14.8976 11.534 27.425 21.6716 8.69618 7.88777 7.88777 
14.3652 12.9716 26.6808 22.075 8.23858 7.83437 7.83437 
14.3255 12.3924 27.3514 21.4771 8.65226 7.9007 7.9007 
14.5803 12.3775 27.5493 20.4913 9.13382 7.93387 7.93387 
16.0573 11.5312 26.7884 19.5607 10.1833 7.93954 7.93954 
17.0314 10.8903 28.0756 18.7831 9.52381 7.84788 7.84788 
17.9096 9.83907 27.9772 18.7855 9.7619 7.86334 7.86334 
16.9723 11.042 28.1285 19.1595 8.96258 7.86753 7.86753 
15.6091 10.5489 28.1704 20.3339 9.64889 7.84438 7.84438 
15.6993 10.83 27.6817 19.8161 10.2338 7.86956 7.86956 
16.1345 9.63013 27.7943 20.9546 9.76806 7.8592 7.8592 
15.5198 9.82861 28.1248 20.7754 10.0331 7.85914 7.85914 
15.6061 9.68354 28.9855 20.8492 9.01654 7.92957 7.92957 
15.508 9.43193 28.755 21.7361 8.77057 7.89921 7.89921 
15.0543 10.3633 28.0139 21.7496 8.93074 7.9441 7.9441 
14.1098 10.7839 28.5728 22.3594 8.38694 7.89362 7.89362 
14.2414 10.5907 29.2711 21.8831 8.169 7.92234 7.92234 
14.4341 10.5192 28.0684 23.1803 8.11435 7.84177 7.84177 
13.7698 10.9576 28.2792 22.9862 8.18823 7.90949 7.90949 
14.6874 10.4151 27.8339 22.1619 9.03042 7.93564 7.93564 
14.9908 9.76638 27.2993 22.8456 9.22109 7.93841 7.93841 
15.4533 8.93725 28.5145 21.7832 9.5655 7.87311 7.87311 
16.1379 8.67423 28.899 21.795 8.83259 7.83063 7.83063 
17.3099 8.46253 27.4858 21.9536 9.03676 7.87571 7.87571 
16.8702 8.19727 29.182 21.3168 8.62603 7.90386 7.90386 
17.3348 9.11482 28.9923 20.6907 8.19651 7.83543 7.83543 
18.9478 8.91878 29.2937 19.2239 7.99234 7.81179 7.81179 
17.3141 9.19312 29.4397 19.6711 8.58197 7.89998 7.89998 
14.9454 8.58429 28.8303 22.5656 9.19896 7.93772 7.93772 
15.4995 8.30552 28.9636 22.654 8.94731 7.81501 7.81501 
15.7302 8.22442 28.1626 23.7049 8.54531 7.8163 7.8163 
15.3726 8.16627 29.5468 22.8134 8.47686 7.81205 7.81205 
15.7305 8.02635 29.9153 21.8168 8.81256 7.84925 7.84925 
16.8866 8.90614 28.872 21.153 8.38182 7.90016 7.90016 
16.0886 9.65185 27.2801 22.9618 8.16644 7.92561 7.92561 
17.263 9.51342 28.015 21.1684 8.14572 8.02531 7.86906 
18.0471 9.13983 28.9426 19.6751 8.45598 7.90876 7.83063 
18.7955 9.13017 29.6179 18.3066 8.46252 7.86317 7.82411 
18.6629 8.71844 29.5054 18.8977 8.38461 7.9252 7.90567 
19.0089 8.83951 28.552 19.1263 8.67259 7.90525 7.89549 
21.1549 9.11231 27.221 18.6246 8.21979 7.83612 7.83124 
21.1279 8.6846 27.372 18.4866 8.54415 7.8936 7.89115 
20.4124 8.73624 28.686 18.0312 8.36298 7.88619 7.88497 
21.621 8.86973 28.6517 17.215 8.04001 7.80162 7.80101 
21.617 8.95099 29.8097 16.1881 7.89097 7.77178 7.77147 
21.0252 9.11946 30.3847 16.1436 7.81546 7.75586 7.7557 
21.9364 9.36105 27.9407 17.1778 7.88124 7.85144 7.85136 
22.9109 8.97989 27.6646 16.7099 7.92151 7.90661 7.90657 
22.5002 8.5198 27.8622 16.2654 9.18464 7.8339 7.83388 
23.1008 9.13003 28.2168 15.4379 8.48842 7.81306 7.81305 
23.6664 8.66058 28.1016 15.7394 8.16913 7.83144 7.83144 
23.5171 8.79764 29.3429 14.3989 8.20827 7.86761 7.86761 
23.8797 8.27088 30.1597 13.9335 8.14454 7.80586 7.80586 
24.3571 8.10895 29.9805 13.7548 8.04578 7.87644 7.87644 
25.8149 8.28645 28.6266 13.6172 7.94139 7.85672 7.85671 
25.8305 8.29707 29.0825 12.9625 7.97069 7.92836 7.92836 
26.7026 8.13525 29.1592 12.1291 7.97206 7.95089 7.95089 
27.2223 7.93859 29.0957 12.1936 7.857 7.84641 7.84641 
25.6917 8.33171 27.9707 14.6538 7.78756 7.78227 7.78227 
24.4897 8.78914 28.8826 14.3475 7.83214 7.82949 7.82949 
24.291 8.685 29.7878 13.1143 8.37151 7.87514 7.87514 
25.0386 8.74502 28.8876 13.4754 8.11657 7.86839 7.86839 
24.9003 8.97568 29.2057 13.0869 8.02654 7.90245 7.90245 
24.2051 8.95804 29.0068 13.9938 7.98678 7.92473 7.92473 
25.7248 8.81339 28.5901 13.1888 8.01816 7.83234 7.83234 
25.3624 9.34496 29.5728 12.15 8.02142 7.77419 7.77419 
25.1812 8.53278 29.4923 13.2441 7.87101 7.93121 7.74739 
26.0389 8.23191 28.7117 13.1738 8.07343 7.93112 7.83921 
24.2611 8.1428 29.7921 14.305 7.89578 7.82462 7.77867 
24.1637 8.63571 27.9666 14.4139 8.30474 8.26916 8.24618 
23.6521 8.86331 28.6527 13.8185 8.49121 8.26681 8.25532 
24.789 9.24647 27.2893 13.9463 8.69005 8.02229 8.01655 
24.7022 8.46939 30.9524 11.7808 8.19118 8.04961 7.85443 
26.7841 8.53023 29.9092 10.8732 8.04748 7.97669 7.8791 
27.2178 9.18936 27.644 11.6866 8.3798 7.96562 7.91682 
25.8089 8.79468 27.822 12.2433 9.1899 8.18281 7.95841 
25.5711 9.06401 24.7999 14.1217 9.03939 8.75807 8.64587 
25.5658 9.24052 25.4044 13.1146 9.004 8.86334 8.80724 
25.0086 9.00898 27.279 13.6106 8.4205 8.35017 8.32212 
25.0511 8.99887 28.2462 13.3596 8.14283 8.10767 8.09364 
26.4932 8.95288 27.6859 12.3478 8.12 8.10242 8.29783 
26.3947 9.10607 28.6578 11.9147 7.94889 7.9401 8.03781 
27.9234 8.49139 29.3974 10.4094 7.9128 7.9084 7.95726 
26.6032 8.39664 31.3025 9.92167 7.91866 7.91647 7.94089 
27.6139 8.65929 29.7776 10.1653 8.04855 7.86158 7.87379 
26.9275 8.93957 30.4916 10.0472 7.92498 7.8315 7.83761 
27.044 8.79077 26.7685 13.0483 8.28348 8.03098 8.03403 
27.401 8.30998 27.4412 12.9298 8.05633 7.93008 7.93161 
25.8364 8.03848 29.2546 13.0992 8.07347 7.84853 7.8493 
26.8526 7.95367 28.7256 12.7791 7.97116 7.85869 7.85908 
25.79 7.97683 28.5446 13.8441 7.98558 7.92935 7.92954 
24.6499 7.96193 28.5107 15.0346 7.9663 7.93818 7.93828 
24.3182 8.03502 28.7824 15.2876 7.86829 7.85423 7.85427 
24.6081 8.09914 26.8402 16.4193 8.01578 8.00875 8.00877 
24.804 7.98793 27.1187 16.2576 7.94624 7.94273 7.94274 
22.4379 8.29504 28.9715 16.3725 8.09499 7.91402 7.91402 
22.7172 8.50292 28.5973 16.7228 7.88025 7.78976 7.78976 
22.3625 8.11246 28.1982 17.8209 7.99418 7.75588 7.75589 
21.9715 8.31155 27.7769 18.3329 7.94846 7.82931 7.82931 
22.5774 8.13501 26.5182 19.0281 7.95347 7.89389 7.89389 
24.3712 8.01016 27.2376 16.6825 7.91939 7.8896 7.8896 
24.0152 7.9483 27.6567 16.3854 8.21837 7.88802 7.88802 
24.0766 7.93967 27.9663 16.1237 8.0747 7.90953 7.90953 
25.311 7.96983 28.7104 14.0619 8.03735 7.95476 7.95476 
26.6048 8.33274 28.1233 13.0092 8.00418 7.96289 7.96289 
25.4335 8.1008 29.1436 12.898 8.59226 7.91587 7.91587 
27.0524 8.07138 29.7816 11.3441 8.14228 7.80409 7.80409 
26.073 8.3428 29.4975 12.4136 8.00372 7.83463 7.83463 
27.0365 8.1714 29.0565 11.7453 8.15571 7.91731 7.91731 
26.4615 8.34102 29.5992 11.901 7.97856 7.85937 7.85937 
25.8158 8.08207 28.9152 13.6036 7.90085 7.84125 7.84125 
25.4896 8.6162 28.5099 13.6645 8.03539 7.84219 7.84219 
24.3935 8.42996 30.2048 13.2839 7.96035 7.86375 7.86375 
25.0038 8.25007 27.9094 15.4139 7.83982 7.79152 7.79152 
24.399 7.98356 28.1026 16.0671 7.9392 7.75428 7.75428 
25.5866 8.34662 28.5674 14.1626 7.84057 7.74811 7.74811 
26.5473 8.0568 28.685 13.392 7.80378 7.75755 7.75755 
26.8606 8.01391 28.6541 12.8554 7.8874 7.86428 7.86428 
26.3432 7.91086 29.0418 13.1845 7.8476 7.83604 7.83604 
26.1087 7.80158 31.1293 11.6622 7.76996 7.76418 7.76418 
26.7667 7.74695 30.6148 11.6839 7.73113 7.72824 7.72824 
26.7481 8.59045 28.6722 12.603 7.79638 7.79494 7.79494 
26.7728 8.2168 28.225 12.8374 8.30996 7.81904 7.81904 
26.1012 8.74757 27.8582 13.4634 8.10687 7.86141 7.86141 
27.3363 8.25577 27.2831 13.564 7.93542 7.81269 7.81269 
26.4928 8.02399 28.9013 13.1132 7.86381 7.80245 7.80245 
26.4297 7.87052 28.7593 13.6305 7.79043 7.75975 7.75975 
26.6424 7.82218 27.9839 14.2358 7.78214 7.7668 7.7668 
25.6265 8.1167 29.2568 13.6599 7.78515 7.77748 7.77748 
25.6039 8.04506 29.0802 13.6406 7.87929 7.87545 7.87545 
24.9595 8.47459 27.8963 15.0395 7.878 7.87608 7.87608 
24.9382 8.224 29.7289 13.3337 7.92571 7.92475 7.92475 
25.9691 8.112 29.0311 13.0002 7.96286 7.96238 7.96238 
26.6209 7.90215 28.3267 13.6679 7.82758 7.82734 7.82734 
27.6182 7.95108 27.2403 13.4493 7.91379 7.91367 7.91367 
25.2126 8.53694 28.8833 13.9177 7.81654 7.81648 7.81648 
26.0546 8.23399 28.5796 13.3381 8.0462 7.87376 7.87376 
25.9305 7.98796 27.8382 14.7336 7.89407 7.80785 7.80785 
25.8308 7.94135 28.2466 14.3843 7.8944 7.85129 7.85129 
27.1326 7.96428 27.8613 13.2625 7.94081 7.91926 7.91926 
26.3609 8.1909 28.4088 13.5336 7.84246 7.83168 7.83168 
27.2477 8.07098 28.2717 12.7301 7.89677 7.89138 7.89138 
25.8057 8.39913 28.8631 13.0923 7.94838 7.94569 7.94569 
26.4934 8.05862 30.2034 11.7475 7.83325 7.8319 7.8319 
27.4212 7.92339 29.8992 11.1697 7.96647 7.81003 7.81003 
27.6977 8.30253 30.2229 10.2472 8.00253 7.76354 7.76354 
29.5747 8.18352 28.2163 9.96232 8.23513 7.91403 7.91403 
26.2159 8.85367 26.251 12.3621 8.87947 8.71892 8.71892 
27.556 8.32294 27.8982 11.3759 8.33584 8.25556 8.25556 
27.1368 8.1691 29.598 11.2223 7.98471 7.94458 7.94458 
28.7259 8.21841 27.988 11.123 8.12622 7.9093 7.9093 
26.6007 8.13018 30.2527 10.9811 8.43374 7.8008 7.8008 
26.715 8.24628 28.1926 13.3302 8.04962 7.73315 7.73315 
27.8264 7.96929 28.5651 11.9765 8.23726 7.71273 7.71273 
25.3715 8.49853 28.5187 13.6271 8.2853 7.84942 7.84942 
27.555 8.17084 27.8214 12.6959 8.06422 7.84628 7.84628 
24.9715 8.00333 29.0227 14.1838 8.13659 7.84105 7.84105 
23.6891 8.15104 29.864 13.9384 8.21767 8.0699 8.0699 
22.742 8.08193 30.3166 14.6615 8.43576 7.88111 7.88111 
24.2012 8.00323 29.3093 14.5006 8.18014 7.90282 7.90282 
23.4812 8.10609 28.6472 16.0189 8.00798 7.86932 7.86932 
23.6891 9.01628 28.1103 14.6271 8.96723 7.79495 7.79495 
24.1189 8.65977 27.7736 15.2558 8.45473 7.8686 7.8686 
24.8913 8.75466 26.0549 14.9288 8.65214 8.35908 8.35908 
20.7406 9.67687 25.2394 17.3722 9.3952 8.78783 8.78783 
19.756 9.61659 26.9542 18.4131 8.62251 8.31883 8.31883 
20.9108 9.50313 26.8574 16.014 9.00609 8.85425 8.85425 
22.57 9.37712 24.8824 16.3771 9.1286 8.83241 8.83241 
22.2882 8.73387 26.5189 17.4118 8.44779 8.2997 8.2997 
24.3687 8.35244 28.1145 14.6842 8.2094 8.13536 8.13536 
22.6713 8.29607 29.6003 15.3945 8.03729 8.00026 8.00026 
22.5536 7.99419 30.0245 15.7101 8.02505 7.84629 7.84629 
25.7929 8.02935 27.9155 14.105 8.2464 7.9554 7.9554 
25.2838 8.74441 26.7956 13.3588 8.85293 8.4822 8.4822 
24.3086 9.58054 27.3561 12.7211 9.0098 8.40777 8.6161 
25.1039 8.92696 29.6853 11.2167 8.64159 8.16072 8.26489 
24.2271 9.53962 26.2639 12.2073 9.39694 9.1565 9.20859 
21.316 10.9048 22.6412 12.8521 10.8334 10.7132 10.7393 
21.5036 9.68033 25.6588 14.1466 10.38 9.2169 9.41375 
21.3518 9.24017 27.8294 14.8733 9.38998 8.60845 8.70687 
23.128 9.02621 27.5162 15.4826 8.52641 8.13564 8.18485 
23.9434 8.69317 27.7453 15.6191 8.12172 7.92634 7.95095 
14 14 14 14 14 14 14 
13.2323 15.9235 17.7649 16.3484 13.7989 10.966 10.966 
12.7286 17.1305 18.2956 17.9542 14.6011 9.39498 9.39498 
13.5234 16.1789 20.6251 16.818 15.2551 8.67476 8.67476 
13.5337 16.2158 21.5992 17.7769 14.1738 8.28772 8.28772 
13.4019 16.8757 22.411 17.7747 13.3665 8.05381 8.05381 
12.27 19.2127 21.1329 18.4515 12.8576 8.02206 8.02206 
11.3731 19.7254 21.0426 19.4639 12.5002 7.9396 7.9396 
10.6394 20.5938 20.7807 19.2838 12.9718 7.86131 7.86131 
10.3086 21.3834 19.1487 21.2827 12.0291 7.92179 7.92179 
10.1432 21.5564 19.1087 20.9518 12.3339 7.95202 7.95202 
9.06163 21.5014 20.4022 19.4534 13.6482 7.96604 7.96604 
9.44348 22.5411 20.1356 18.0237 14.0294 7.91315 7.91315 
10.772 20.9737 22.5107 16.5461 13.2932 7.95201 7.95201 
10.9668 22.1042 20.8226 16.3596 13.822 7.96234 7.96234 
10.5739 20.4412 21.6104 17.6821 13.8115 7.94044 7.94044 
10.5208 19.352 22.1638 18.4179 13.81 7.86777 7.86777 
11.8663 17.8765 22.3575 19.1178 12.9414 7.92022 7.92022 
11.3322 17.2716 22.5637 19.3007 13.6303 7.95072 7.95072 
11.1707 16.8927 23.0938 19.2834 13.8106 7.87444 7.87444 
10.9665 17.7513 22.4213 20.1798 12.9591 7.86099 7.86099 
9.90186 17.9454 20.7456 21.6015 14.0377 7.88398 7.88398 
10.0672 16.182 21.5356 22.0798 14.3444 7.89548 7.89548 
10.6807 16.9145 20.2972 22.5693 13.6428 7.94774 7.94774 
10.6595 18.741 20.1959 21.6866 12.968 7.87458 7.87458 
11.4618 18.9224 21.1828 19.6876 13.0878 7.8288 7.8288 
10.7309 18.5309 23.0333 19.3787 12.5904 7.86789 7.86789 
9.92153 18.4944 22.1475 19.6193 14.0055 7.90591 7.90591 
9.19606 18.306 22.3679 20.9861 13.238 7.95295 7.95295 
9.35993 16.9762 22.9753 20.357 14.4421 7.94473 7.94473 
10.3943 18.25 20.1781 19.5833 15.7925 7.90094 7.90094 
9.55954 19.0802 19.3732 19.7469 16.5092 7.86546 7.86546 
9.68408 18.1526 20.4521 19.2036 16.7474 7.8801 7.8801 
9.71443 17.3129 22.175 19.4626 15.5663 7.88436 7.88436 
9.81004 19.2697 21.229 18.5756 15.4482 7.83369 7.83369 
9.04128 19.0022 20.4685 19.8718 15.9966 7.80979 7.80979 
10.3962 18.6025 19.9117 19.6133 15.8324 7.82195 7.82195 
11.3324 17.2874 21.067 19.0659 15.5551 7.84616 7.84616 
11.8555 16.8961 19.5141 20.2126 15.9086 7.80657 7.80657 
11.1121 17.319 21.7386 20.4749 13.7147 7.82034 7.82034 
11.1898 16.0539 21.1979 21.7398 14.017 7.90078 7.90078 
10.5949 15.9339 21.5292 22.0327 14.1015 7.90388 7.90388 
9.33334 16.8235 22.648 21.6666 13.7772 7.87571 7.87571 
10.4671 16.6484 22.6929 21.9702 12.4571 7.88217 7.88217 
10.8161 18.2757 21.9047 21.5433 11.811 7.82458 7.82458 
10.7298 17.3061 21.4722 21.9103 12.8362 7.87269 7.87269 
11.4625 17.4336 23.0532 19.6137 12.7596 7.83878 7.83878 
11.7361 17.2952 22.556 20.3461 12.3847 7.84096 7.84096 
10.0444 17.8123 23.343 20.3818 12.6889 7.8648 7.8648 
9.62269 16.4122 22.9306 21.9343 13.2452 7.92756 7.92756 
11.105 16.2481 22.8872 22.1559 11.7508 7.92648 7.92648 
10.2242 15.8261 23.8173 23.3254 11.0522 7.87738 7.87738 
10.6677 14.8575 24.6612 23.4051 10.7028 7.85283 7.85283 
11.6908 15.1304 24.4333 22.216 10.8526 7.8384 7.8384 
10.6248 14.1829 25.3294 23.2404 10.941 7.84077 7.84077 
11.1114 16.2409 23.6183 22.7027 10.4963 7.91523 7.91523 
10.7868 15.5414 25.5561 22.0569 10.3576 7.85056 7.85056 
11.579 15.8892 25.0203 21.2089 10.4623 7.92012 7.92012 
12.5905 14.2419 23.4673 22.1913 11.7803 7.86434 7.86434 
11.2457 14.6704 25.1 22.4818 10.7169 7.89257 7.89257 
10.7826 13.3549 26.3092 22.7888 11.0095 7.87749 7.87749 
10.862 12.9115 26.7678 23.2265 10.4666 7.88276 7.88276 
11.5886 12.3671 25.8223 23.6822 10.7752 7.88227 7.88227 
11.0163 12.0582 28.577 22.5461 10.0873 7.85758 7.85758 
11.9217 12.4427 27.2466 22.3987 10.2793 7.85549 7.85549 
10.9227 12.9644 26.3459 23.6675 10.3559 7.87177 7.87177 
11.203 14.6162 24.2974 23.5563 10.5607 7.88325 7.88325 
10.4765 13.9331 24.5237 24.6531 10.5304 7.94163 7.94163 
10.0294 15.6889 24.0555 24.8573 9.56494 7.90202 7.90202 
11.2309 14.7363 24.0548 24.9962 9.24193 7.86993 7.86993 
10.4014 14.547 24.8737 25.3445 9.15497 7.83925 7.83925 
10.3421 13.4432 25.5474 25.7828 9.0762 7.9042 7.9042 
10.6848 13.4885 25.4303 24.9215 9.80126 7.83681 7.83681 
9.8997 14.5568 25.2152 24.4399 10.2392 7.82466 7.82466 
9.20243 16.299 25.2365 23.689 9.75876 7.90717 7.90717 
10.8512 14.0089 25.6391 23.0424 10.7388 7.85984 7.85984 
11.316 12.6209 25.6962 23.713 10.8488 7.90252 7.90252 
13.5527 11.1581 27.2526 22.2443 10.1336 7.82938 7.82938 
13.9929 12.4089 26.384 22.3335 9.06162 7.90953 7.90953 
14.9416 10.725 26.2057 22.2626 10.0103 7.92737 7.92737 
14.7113 11.1002 27.8569 20.6942 9.78655 7.92543 7.92543 
14.0839 12.0145 27.6488 20.9012 9.51069 7.9205 7.9205 
13.7181 11.6891 26.7505 22.8085 9.15875 7.93752 7.93752 
13.4873 13.6255 25.479 22.0671 9.6226 7.85925 7.85925 
13.319 12.8402 24.5203 22.8144 10.7017 7.90223 7.90223 
12.6988 12.8808 25.4624 23.6263 9.56434 7.8837 7.8837 
13.9494 13.107 25.5312 22.6131 8.9155 7.94185 7.94185 
12.8813 12.7348 25.8151 23.2571 9.40281 7.95444 7.95444 
12.8175 12.4544 26.9655 22.2083 9.77387 7.89026 7.89026 
13.1143 12.4954 26.8938 22.7659 8.96857 7.88099 7.88099 
12.6905 11.8477 26.7802 23.1163 9.68428 7.9405 7.9405 
11.8854 12.8491 26.825 23.331 9.41278 7.84836 7.84836 
14.1029 11.7658 27.2107 21.9029 9.45416 7.78175 7.78175 
14.6692 11.2846 28.4253 21.3393 8.7437 7.76899 7.76899 
14.4575 10.2512 29.1568 21.9825 8.5618 7.79511 7.79511 
15.08 9.25784 28.628 22.4237 8.82635 7.89205 7.89205 
15.8009 9.84631 28.6618 20.922 9.05086 7.85907 7.85907 
15.6512 10.2423 28.7686 20.6434 8.93272 7.8809 7.8809 
17.8551 11.0209 26.7737 20.0562 8.44866 7.92275 7.92275 
17.0736 10.1453 29.2576 19.1573 8.57826 7.89396 7.89396 
19.4064 10.2566 28.0067 18.2743 8.46973 7.79313 7.79313 
19.4923 9.64636 28.7624 18.1733 8.30113 7.81223 7.81223 
21.7889 9.85367 27.3385 17.1659 8.11398 7.86953 7.86953 
19.2278 10.4328 26.6157 19.4461 8.67009 7.80381 7.80381 
16.6202 10.3119 29.0722 19.5956 8.63441 7.8828 7.8828 
17.2607 9.32263 29.0423 19.2114 9.56412 7.79942 7.79942 
16.6194 8.65581 28.433 21.3137 9.18977 7.8942 7.8942 
16.2978 9.06163 28.5656 21.4557 8.7369 7.94118 7.94118 
16.6105 8.99235 28.2828 20.4201 9.75306 7.97059 7.97059 
16.4058 9.10512 30.0632 19.5676 9.06648 7.89591 7.89591 
16.5106 8.55256 28.8777 20.3992 9.76401 7.94796 7.94796 
15.7706 8.72413 28.5493 22.1628 8.86973 7.96171 7.96171 
16.117 9.24011 27.232 21.5997 9.92267 7.94427 7.94427 
16.6842 9.88322 27.2125 21.0338 9.3473 7.9195 7.9195 
18.708 10.277 26.8684 19.6632 8.63707 7.92317 7.92317 
18.4031 9.43297 27.698 19.9543 8.61301 7.94931 7.94931 
17.3554 9.02417 28.4644 20.5925 8.6142 7.97466 7.97466 
18.9261 9.01519 28.2074 19.7683 8.34437 7.86932 7.86932 
18.6403 8.77975 28.186 20.4854 8.12788 7.89035 7.89035 
17.7286 9.64513 28.3572 20.6031 7.96784 7.84908 7.84908 
16.964 8.87241 30.8453 19.8031 7.878 7.81862 7.81862 
17.6793 9.9546 29.135 19.4333 8.28683 7.75546 7.75546 
20.8397 9.52275 27.8402 17.8985 8.14341 7.87773 7.87773 
21.2479 8.74227 29.5252 16.5926 8.0526 7.91976 7.91976 
22.4295 8.36419 28.3043 16.9768 8.01935 7.95293 7.95293 
21.3814 8.51543 28.9855 16.9884 8.17634 7.97647 7.97647 
19.4681 8.64643 30.1667 16.9582 8.94711 7.90673 7.90673 
20.2795 8.86867 29.6288 16.8427 8.47355 7.95336 7.95336 
21.1195 8.31947 30.0171 16.1916 8.12191 8.36857 7.86182 
21.0075 9.08511 27.9936 17.9466 8.09081 8.06488 7.81151 
20.7205 8.72212 29.1671 17.7968 7.91537 7.90241 7.77572 
19.9629 9.65907 28.4908 17.8388 8.26232 7.92472 7.86137 
20.8095 9.60661 28.4174 17.1997 8.11205 7.94325 7.91158 
20.5871 9.66653 28.9503 16.9585 8.00739 7.92299 7.90716 
21.0427 9.06779 28.4817 17.7626 7.91249 7.87029 7.86237 
21.9968 8.79619 28.3392 17.242 7.89067 7.86957 7.86561 
22.22 8.65946 29.2264 16.1494 7.92261 7.91206 7.91008 
20.6641 8.31062 29.7406 16.9919 8.4199 7.93692 7.93593 
22.0454 8.00146 28.5067 17.7617 8.05611 7.81461 7.81412 
23.4469 7.94013 28.1927 16.6081 8.11896 7.8467 7.84645 
24.4786 7.88163 28.5521 15.4469 7.97105 7.83492 7.83479 
22.5671 8.20311 29.358 16.248 7.91995 7.85188 7.85182 
23.3045 8.9796 29.4874 14.9184 7.79273 7.75869 7.75866 
23.4673 8.42816 29.4697 15.1647 7.83472 7.8177 7.81769 
24.0471 8.31856 28.914 15.2316 7.83527 7.82676 7.82675 
24.0154 8.63082 29.2944 14.1199 7.98268 7.97842 7.97842 
25.309 8.16157 30.0318 12.9894 7.83749 7.83536 7.83536 
25.552 7.96771 28.9735 13.9152 7.98235 7.80461 7.80461 
24.9609 8.18553 29.4027 12.6299 8.61302 8.10398 8.10398 
23.9804 8.59277 30.0347 12.9816 8.30651 8.05199 8.05199 
23.7003 8.75735 28.4002 14.1116 8.8001 7.92934 8.30109 
22.5512 8.80672 28.7758 15.7274 8.27459 7.83921 8.02508 
23.7305 8.37448 27.7453 16.1669 8.10841 7.89072 7.98366 
23.4972 8.52752 28.9768 15.0279 8.04726 7.93842 7.98489 
23.5703 8.91492 29.4109 14.2969 8.0934 7.84518 7.86841 
25.4948 8.48972 28.4151 13.3985 8.07896 8.15646 7.96646 
24.7749 8.19675 28.4687 14.2594 8.33501 8.03012 7.93512 
24.6281 8.24775 27.7198 14.3911 8.52435 8.16444 8.32441 
24.6545 8.3792 27.2642 14.2168 8.73026 8.33754 8.41752 
23.0655 8.21644 28.9005 15.4977 8.22419 8.02783 8.06782 
25.2708 8.10183 28.0285 14.4581 8.10571 8.00752 8.02752 
25.4513 8.20254 27.5522 14.6298 8.20448 7.97488 7.98488 
26.059 8.06952 26.792 15.0927 8.07049 7.95569 7.96069 
26.6658 7.97416 26.8808 14.6675 7.97464 7.91724 7.91974 
25.5322 7.93897 30.2789 12.4884 7.93921 7.91051 7.91176 
26.4949 7.86779 29.8852 12.1764 7.86791 7.85356 7.85419 
27.7842 7.9275 28.8404 11.6793 7.92757 7.92039 7.9207 
26.3456 7.8671 29.4759 12.717 7.86713 7.86354 7.8637 
24.6622 8.40163 29.6316 12.5287 8.40165 8.18709 8.18717 
25.6324 8.20723 30.8414 11.3925 8.04698 7.9397 7.93974 
26.6426 7.96213 28.604 13.2525 7.88201 7.82837 7.82839 
25.6869 7.92372 29.1766 13.4363 8.06287 7.85684 7.85685 
23.4778 8.06634 29.1405 15.4868 8.13591 7.84633 7.84633 
25.0385 8.41027 29.3851 13.4673 8.10836 7.79522 7.79522 
26.0424 8.11973 28.9274 13.3173 7.96877 7.8122 7.8122 
25.2259 7.99687 31.196 11.7768 7.92139 8.03996 7.84311 
24.8279 7.90723 30.4188 12.8916 8.19522 7.92877 7.83035 
26.953 7.85432 29.3938 12.1196 7.99832 7.8651 7.81588 
26.2765 8.32716 28.4969 13.0598 7.99916 7.93255 7.90794 
25.6382 8.2077 29.1382 13.5152 7.85987 7.82657 7.81427 
25.7223 7.97482 29.7304 13.2092 7.8009 7.78425 7.7781 
27.6 7.90532 28.8577 12.2016 7.81836 7.81004 7.80696 
25.3385 9.21582 29.0038 12.5785 7.95776 7.9536 7.95206 
24.1579 8.4914 30.0359 13.7326 7.86238 7.8603 7.85953 
24.1293 8.20254 29.2266 14.78 7.88802 7.88698 7.8866 
24.4784 8.06679 29.2685 14.459 7.90953 7.90901 7.90882 
25.9335 8.01428 28.647 13.5989 7.93566 7.9354 7.9353 
24.338 7.8533 29.3737 14.9934 7.81398 7.81385 7.8138 
23.9969 8.40693 28.4861 15.5612 7.84964 7.84958 7.84955 
22.724 8.30441 29.385 15.8248 8.02577 7.86801 7.86799 
24.6196 8.12948 27.9501 14.7306 8.74773 7.91128 7.91127 
25.1005 8.13451 29.4789 13.373 8.24984 7.83161 7.8316 
23.8002 8.65059 28.9061 13.7699 8.29158 8.08247 8.49914 
23.9463 8.45071 30.2946 12.9905 8.10619 8.00163 8.20996 
24.1725 8.17724 28.893 14.7427 8.00498 7.95271 8.05687 
26.6432 8.30803 26.6828 13.7005 8.2219 8.19576 8.24785 
26.1085 8.74418 26.948 13.8994 8.20931 8.03231 8.05835 
25.7919 8.36449 29.2534 12.463 8.09705 8.00855 8.02157 
25.0113 8.41301 28.4729 14.1161 8.08699 8.04274 7.85694 
25.6636 8.71778 29.0861 12.3212 8.3668 7.96874 7.87584 
26.1784 8.34296 26.4952 14.5271 8.36667 8.16764 7.92198 
26.017 8.16387 27.1259 14.4879 8.17573 8.07621 7.95339 
25.4016 9.21014 26.5972 13.4405 8.57504 8.52529 8.2502 
26.1029 8.55696 28.4189 12.2185 8.41123 8.21453 8.07699 
21.98 9.63562 26.4543 14.2725 9.30766 9.20931 9.14054 
21.6382 9.44744 25.9586 14.7752 9.51494 9.46576 9.1999 
23.5889 8.86041 27.188 14.2221 8.7143 8.68972 8.73664 
25.2799 8.78705 27.7019 12.5052 8.714 8.49424 8.5177 
21.2709 10.3459 23.3747 13.6931 10.9046 10.1995 10.2112 
21.2124 9.98065 23.4662 13.0965 11.7023 10.1478 10.3941 
21.2932 10.3338 26.4278 12.2735 11.1947 9.08155 9.39551 
22.7405 9.31854 26.7518 14.44 9.56845 8.51189 8.66887 
23.1463 8.90638 27.0825 14.3628 9.41743 8.50305 8.58154 
22.8459 9.18046 28.2685 14.0905 9.07235 8.25153 8.29077 
24.1643 8.83733 28.42 13.9951 8.59023 7.98677 8.00639 
23.71 8.68223 29.7139 13.5867 8.55868 7.86935 7.87916 
24.5174 8.88657 29.792 12.6375 8.50012 7.83078 7.83569 
25.7479 8.40012 29.6442 12.254 8.20689 7.87222 7.87468 
25.2827 8.21466 29.0557 13.9737 7.93556 7.76823 7.76946 
26.9271 8.68608 28.081 12.6645 8.18024 7.73027 7.73088 
24.6648 8.8885 29.9496 12.9881 7.98622 7.76124 7.76154 
22.7158 8.43786 29.6713 15.4397 7.98672 7.87423 7.87438 
21.1884 8.28673 28.056 18.9063 7.89167 7.83542 7.8355 
19.3821 8.08276 30.5431 18.3925 7.88523 7.8571 7.85714 
21.9427 8.01489 28.6822 17.64 7.91612 7.90206 7.90208 
23.5639 8.08152 29.1559 15.6718 7.84695 7.83992 7.83993 
21.6585 8.0531 30.01 16.9409 7.7815 7.77798 7.77799 
21.4711 8.41844 29.1942 17.5921 7.77589 7.77413 7.77413 
23.4092 8.20228 27.4443 17.303 7.881 7.88012 7.88012 
24.5171 8.00739 27.9409 15.9952 7.84675 7.84631 7.84631 
25.2585 8.67036 27.1371 14.9976 8.09004 7.92315 7.92316 
24.6568 8.28707 28.6888 14.5435 7.99691 7.91347 7.91347 
24.2479 8.0135 28.4311 15.7857 7.86842 7.8267 7.8267 
25.2996 7.89189 29.925 13.4672 7.81935 7.79849 7.79849 
24.6431 8.33784 29.9963 13.6593 7.79481 7.78438 7.78438 
26.3683 8.01507 29.3794 13.0169 7.74356 7.73834 7.73834 
25.1903 8.26285 28.3675 14.7151 7.82315 7.82054 7.82054 
24.84 8.04299 28.9797 14.6705 7.82314 7.82183 7.82183 
23.8308 8.58581 30.05 13.3518 8.06095 8.06029 8.06029 
24.9589 8.33017 29.7766 13.1977 7.91246 7.91213 7.91213 
25.8415 8.90647 26.5262 13.7109 8.48209 8.26641 8.26641 
27.1484 8.92478 26.4745 12.5465 8.50934 8.19825 8.19825 
26.6853 9.35128 25.015 12.7177 8.69911 8.76579 8.76579 
25.5804 8.87144 28.2418 12.3029 8.54536 8.22905 8.22905 
25.0074 9.18685 28.148 11.5813 8.79757 8.63941 8.63941 
25.5289 9.00519 27.0992 11.8831 9.02063 8.73147 8.73147 
24.6926 8.91436 28.9091 12.4775 8.43188 8.2873 8.2873 
26.1761 8.35789 29.8801 11.3806 8.11665 8.04436 8.04436 
25.6412 8.64703 27.0677 13.3499 8.73918 8.2775 8.2775 
25.9785 8.70948 27.9198 12.8153 8.58011 7.9984 7.9984 
25.4435 8.20089 28.4288 13.3673 8.86881 7.84535 7.84535 
26.7489 8.62533 25.5266 13.0185 9.18554 8.44756 8.44756 
25.3114 9.0424 25.6011 12.8156 9.54772 8.72829 8.95351 
23.8322 9.22708 28.0947 12.8784 9.28367 8.28571 8.39832 
22.8536 9.82187 24.2036 14.2517 10.1106 9.35119 9.4075 
22.2293 11.0838 19.2006 14.5333 11.2281 10.8484 10.8766 
21.9673 9.99925 23.9414 14.0496 10.8466 9.68778 9.50806 
23.2605 9.68713 26.4796 12.1587 9.8876 9.30818 9.21832 
22.0469 10.7959 21.5731 13.5198 10.8962 10.6065 10.5615 
20.7081 11.4791 22.4983 13.9671 10.8535 10.2582 10.2357 
21.5129 10.6751 26.6998 12.3484 9.93319 9.42094 9.40971 
22.4752 10.2204 28.9749 11.6429 9.45878 8.61672 8.6111 
22.9397 9.36551 27.6789 13.9066 8.98471 8.56368 8.56087 
23.8032 8.84942 27.3395 14.9533 8.49235 8.28184 8.28044 
24.1196 8.37208 27.5795 14.9954 8.75746 8.08829 8.08759 
26.0221 8.1483 28.5067 12.9694 8.34099 8.00641 8.00606 
27.7268 7.92031 28.9691 11.5014 8.18387 7.84936 7.84918 
14 14 14 14 14 14 14 
13.9444 14.0833 17.4167 14.6389 16.7222 11.3056 10.8889 
12.8475 16.5141 19.8594 15.7127 15.5554 9.60961 9.40128 
12.6153 17.3692 20.911 15.9171 15.488 8.77677 8.6726 
13.6163 16.9213 20.4323 17.3553 14.9366 8.3327 8.28062 
13.4975 18.0978 18.6062 17.4078 16.0851 8.1346 8.10856 
12.6578 18.0262 18.0531 18.4766 16.6789 8.04457 8.03155 
12.1642 17.1367 19.324 17.4763 18.0648 7.91245 7.90594 
10.917 16.823 18.6243 18.29 19.6456 7.84773 7.84448 
10.6472 16.0766 19.0999 18.8148 19.7285 7.81538 7.81375 
9.61252 17.8577 19.2565 17.7596 19.7965 7.85803 7.85721 
10.2293 18.2564 19.4981 17.2312 19.1173 7.83357 7.83316 
10.6583 19.576 18.0646 18.2105 17.7676 7.86135 7.86114 
11.3151 17.6518 17.483 19.6686 18.0387 7.92128 7.92118 
10.2134 18.7348 16.7142 20.1988 18.2449 7.94697 7.94692 
9.409 20.1814 16.8455 20.4482 17.262 7.92698 7.92695 
9.59086 18.9543 16.4909 20.565 18.5174 7.94076 7.94075 
8.69154 19.8668 18.2022 19.5899 17.9167 7.86648 7.86648 
8.84923 19.0558 17.8771 20.9959 17.5034 7.85934 7.85934 
9.49218 19.4378 19.1863 18.606 17.5355 7.87111 7.87111 
8.86636 18.0708 20.0608 19.2139 18.1219 7.83311 7.8331 
8.58116 18.1161 21.1291 20.033 16.46 7.84032 7.84032 
8.46691 18.9188 19.0332 21.3854 16.4667 7.86448 7.86448 
9.16465 20.4686 18.5762 19.6377 16.4902 7.83132 7.83132 
9.6282 19.982 17.4303 20.5986 16.7313 7.81474 7.81474 
8.92369 20.7216 17.5051 20.345 16.699 7.90281 7.90281 
9.4272 21.6772 18.3369 19.4104 15.3934 7.8775 7.8775 
9.97061 21.5863 18.1638 18.7005 15.7574 7.91071 7.91071 
10.134 20.9762 18.1208 18.7324 16.3455 7.84552 7.84552 
10.3302 19.8702 19.7011 18.8628 15.6098 7.81292 7.81292 
9.91046 20.3518 18.2996 19.7323 16.0225 7.84164 7.84164 
9.68964 20.5685 18.5032 19.7969 15.748 7.84692 7.84692 
9.86765 21.5856 18.0415 18.8025 15.8649 7.91889 7.91889 
9.02261 20.9564 19.1843 20.0321 14.9418 7.93141 7.93141 
8.62089 19.9531 20.0944 20.975 14.4344 7.96114 7.96114 
8.68833 19.7692 20.0703 20.5105 15.1665 7.89762 7.89762 
8.301 19.4769 19.9872 20.9267 15.4969 7.90564 7.90564 
8.617 20.6566 18.9266 21.2574 14.6963 7.92305 7.92305 
8.99234 20.2814 19.6506 20.8161 14.3739 7.94279 7.94279 
9.87 20.4211 18.9375 20.922 13.9627 7.94336 7.94336 
8.89771 18.8353 20.8906 20.3678 15.1398 7.93438 7.93438 
8.65558 18.0715 20.7819 19.9195 16.7045 7.93354 7.93354 
9.14 18.6602 18.959 20.5231 16.803 7.95738 7.95738 
9.26483 18.1329 19.8081 20.7076 16.148 7.9693 7.9693 
8.97514 18.3387 18.2374 20.7998 17.6984 7.97526 7.97526 
8.63449 19.2405 18.7159 19.5231 18.0909 7.89758 7.89758 
9.49401 16.9435 19.3327 21.504 17 7.86293 7.86293 
10.3026 17.4841 21.2713 20.6285 14.5494 7.88208 7.88208 
10.6537 17.4741 21.76 20.721 13.6144 7.88841 7.88841 
10.0714 18.4694 21.3423 20.7011 13.7415 7.83715 7.83715 
9.55829 18.9081 21.7264 20.7777 13.4034 7.81305 7.81305 
9.01855 19.8032 20.8383 20.8627 13.6843 7.89655 7.89655 
9.17128 19.6918 20.6755 21.7367 12.9027 7.91098 7.91098 
9.08564 19.0959 20.7128 21.3683 13.8264 7.95549 7.95549 
10.0584 18.181 21.8672 20.3964 13.6278 7.93458 7.93458 
9.97844 17.2123 21.5935 21.4926 13.9205 7.9013 7.9013 
9.86422 18.2312 22.5467 20.9963 12.4603 7.95065 7.95065 
9.90723 18.4439 22.5918 21.1947 11.9515 7.95542 7.95542 
10.6934 16.3648 22.2653 21.8218 12.9911 7.93179 7.93179 
12.5427 15.6266 23.1674 21.2087 11.5824 7.93612 7.93612 
12.5064 15.8469 24.5333 19.3573 11.9063 7.92489 7.92489 
11.636 16.5359 23.8695 20.3246 11.8144 7.90982 7.90982 
12.3231 14.9006 25.2001 20.1113 11.647 7.90899 7.90899 
11.8654 16.0668 24.736 21.0993 10.5565 7.83799 7.83799 
11.9229 14.5126 26.4267 20.4519 11.024 7.83098 7.83098 
11.8596 15.4333 25.1436 20.6817 11.2761 7.80289 7.80289 
11.9751 14.7695 26.2998 21.5499 9.7942 7.80573 7.80573 
11.7128 13.11 26.7631 21.3348 11.3857 7.84688 7.84688 
11.8149 13.0317 26.3349 21.8073 11.3923 7.80945 7.80945 
12.3246 12.6656 25.7343 22.401 11.3111 7.78173 7.78173 
13.0391 13.2096 25.0448 22.9483 10.2401 7.75906 7.75906 
12.803 13.0219 26.2925 22.7041 9.6655 7.75654 7.75654 
13.7584 11.8243 28.2688 21.0251 9.4649 7.82922 7.82922 
13.015 11.7868 27.4503 21.6091 10.4766 7.83106 7.83106 
13.2754 11.5564 26.8467 21.8543 10.9013 7.78293 7.78293 
13.1822 11.5374 26.6433 22.3146 10.6862 7.81817 7.81817 
13.1845 10.7137 28.2942 22.421 9.60136 7.8926 7.8926 
12.9415 10.9124 28.036 23.1153 9.16576 7.91455 7.91455 
12.5588 11.9329 27.619 23.4747 8.72796 7.84329 7.84329 
12.8011 11.1295 28.3476 22.3352 9.66289 7.86186 7.86186 
11.9712 12.2224 26.402 23.5317 10.1304 7.87115 7.87115 
12.3889 11.9695 26.6888 22.9375 10.2423 7.88653 7.88653 
12.1773 11.8252 26.3073 23.7195 10.1069 7.93187 7.93187 
11.863 12.6055 26.5395 23.802 9.38416 7.90294 7.90294 
11.2412 11.0225 27.1341 24.5854 10.1493 7.93377 7.93377 
10.7097 11.7454 26.7986 24.5064 10.4182 7.91091 7.91091 
12.0038 11.0588 26.6972 24.3543 9.99632 7.94481 7.94481 
13.3465 11.1791 27.0491 23.6178 8.95296 7.92721 7.92721 
13.6957 11.0671 28.1313 22.6235 8.68996 7.89619 7.89619 
13.6855 11.2316 26.3164 24.1323 8.76094 7.9367 7.9367 
12.2405 11.2976 27.3627 24.4241 8.78388 7.94562 7.94562 
12.8345 9.6488 28.5385 23.7835 9.24908 7.97281 7.97281 
15.0799 9.99157 27.3392 22.2261 9.48776 7.93777 7.93777 
16.2294 9.83909 27.6297 21.0846 9.30229 7.95749 7.95749 
16.4004 9.91955 26.672 22.2566 8.794 7.97875 7.97875 
15.7883 9.29582 27.6991 21.9684 9.41055 7.91891 7.91891 
16.753 9.15241 27.5132 21.6449 9.20978 7.86336 7.86336 
15.9479 8.86192 29.1852 21.251 8.74775 8.07454 7.93168 
14.9768 9.89315 28.8783 21.83 8.57555 7.95884 7.88741 
14.1744 9.45239 27.8112 24.5778 8.2122 7.90384 7.86812 
13.8321 9.71153 28.4218 24.1657 8.06504 7.91086 7.89301 
13.7981 9.63105 28.6772 23.7402 8.38645 7.88802 7.87909 
14.7859 10.1727 28.6243 22.7332 8.06227 7.81306 7.80859 
14.2443 9.31374 28.7436 24.0488 7.967 7.84239 7.84016 
13.9597 10.9247 28.047 23.278 7.9721 7.9098 7.90868 
13.5326 11.4452 28.9808 22.1803 7.97466 7.9435 7.94294 
15.4141 11.6975 27.069 21.6247 8.38984 7.90257 7.90229 
16.3058 10.4666 27.388 21.7996 8.17581 7.93218 7.93204 
16.1585 11.694 26.8963 20.8717 8.58229 7.89867 7.8986 
17.3168 12.8851 27.0845 18.3538 8.54334 7.90828 7.90825 
16.9917 11.2671 28.4545 19.2646 8.21904 7.90151 7.90149 
16.0716 10.482 28.7727 20.8444 8.04891 7.89015 7.89014 
17.1861 9.48939 29.419 20.2261 7.94603 7.86664 7.86664 
15.4528 9.31786 29.9534 21.546 7.93643 7.89674 7.89673 
16.0842 8.61788 28.6131 22.7965 8.07379 7.90731 7.90731 
16.3233 9.15269 27.2753 23.5857 7.94314 7.85991 7.85991 
14.9799 9.44647 27.4363 24.2929 8.19235 7.82606 7.82606 
15.4771 9.67531 26.977 23.8078 8.24953 7.90664 7.90664 
15.6333 10.1008 27.73 22.1206 8.76873 7.82329 7.82329 
15.0421 10.1082 28.3158 22.621 8.2861 7.81338 7.81338 
15.4158 10.0077 27.935 23.0752 8.01302 7.77666 7.77666 
15.9919 10.4772 26.0977 23.6678 8.00059 7.88241 7.88241 
16.5099 11.7402 26.9807 21.1218 8.02506 7.81118 7.81118 
17.285 10.3851 27.0355 21.5977 8.19313 7.75174 7.75174 
18.2037 9.11106 28.8783 20.2032 8.01506 7.79437 7.79437 
19.1689 8.75016 28.7009 20.0009 7.86659 7.75624 7.75624 
20.8345 8.75008 29.3504 17.6567 7.83955 7.78437 7.78437 
22.1194 8.63036 27.7958 17.5163 8.3524 7.7929 7.7929 
22.752 8.31518 27.2825 17.6812 8.1762 7.89645 7.89645 
23.591 8.39212 27.4849 16.8211 7.99689 7.85702 7.85702 
24.3362 8.10485 27.2604 16.5539 8.07011 7.8373 7.8373 
22.9351 8.6247 28.8219 15.5041 8.31234 7.90095 7.90095 
23.21 8.8578 28.0473 15.896 8.13344 7.92775 7.92775 
23.358 9.40898 27.5695 15.1193 8.44919 8.14714 7.94794 
24.2566 8.58648 27.6046 15.6342 8.10658 7.95556 7.85596 
24.2905 8.34729 28.3669 15.3246 7.9572 7.88168 7.83188 
26.0987 8.16036 28.6353 13.3101 7.96531 7.92755 7.90265 
25.7977 8.05369 28.7216 13.6087 7.95616 7.93729 7.92484 
25.9619 7.93075 28.7752 13.5611 8.03214 7.87255 7.86632 
26.8611 7.90859 29.2141 12.3011 7.95929 7.87949 7.87638 
27.3194 7.94735 29.7112 11.0116 8.14631 7.9328 7.93124 
28.2681 8.19054 29.464 9.72269 8.59123 7.88206 7.88129 
25.7577 9.07682 31.1527 9.28939 9.09266 7.81557 7.81518 
27.357 9.25222 29.7178 9.52685 8.58673 7.77984 7.77964 
28.7092 8.61384 27.5889 11.0518 8.2811 7.87765 7.87755 
27.4875 8.26262 28.9843 11.2221 8.25447 7.89452 7.89447 
27.651 8.27038 29.2273 10.9091 8.10075 7.92077 7.92075 
26.4858 8.46211 30.7995 10.743 7.89653 7.80654 7.80653 
26.1608 8.18242 30.2934 11.7545 7.89963 7.85464 7.85463 
27.6074 7.97635 28.998 11.9583 7.83495 7.81245 7.81245 
27.069 7.89974 30.6555 10.9111 7.82904 7.81779 7.81779 
26.5648 8.64684 30.6308 10.1525 8.30846 7.84829 7.84829 
26.4403 8.76421 30.118 10.6684 8.26607 7.87151 7.87151 
26.5535 8.24175 29.445 12.1763 7.99269 7.79541 7.79541 
27.245 8.08913 29.9606 11.0088 7.9646 7.86596 7.86596 
27.3107 8.03696 28.6685 12.1584 7.97469 7.92537 7.92537 
27.6046 8.36631 29.0082 11.1517 7.97285 7.94819 7.94819 
27.4847 8.06829 28.5244 12.3326 7.87156 7.85923 7.85923 
28.1236 8.21475 28.8107 11.5175 7.78193 7.77577 7.77577 
27.3577 8.60176 30.1357 10.4404 7.82355 7.82047 7.82047 
27.7473 8.48339 29.5165 10.5434 7.90417 7.90263 7.90263 
28.0006 8.20995 29.2027 10.8272 7.92034 7.91957 7.91957 
26.6217 7.98847 29.4881 12.3716 7.84366 7.84328 7.84328 
27.4652 8.406 27.6117 13.1711 7.78213 7.78193 7.78193 
27.0772 8.08813 28.164 13.3423 7.7762 7.7761 7.7761 
25.8719 8.3774 30.082 12.0045 7.8881 7.88805 7.88805 
26.5425 8.28706 27.8279 13.7072 7.87848 7.87845 7.87845 
27.416 8.0909 28.0587 12.7746 7.88661 7.88659 7.88659 
27.4507 7.99282 28.0644 12.8201 7.89067 7.89067 7.89067 
27.8733 7.85493 28.0194 12.8409 7.80386 7.80385 7.80385 
27.0695 7.88316 28.4084 13.066 7.85762 7.85762 7.85762 
26.0755 7.85038 29.8394 12.7219 7.83761 7.83761 7.83761 
27.4127 7.83144 29.2947 11.986 7.82505 7.82505 7.82505 
28.3838 8.43185 28.357 11.4769 7.78349 7.78349 7.78349 
28.5669 8.12217 28.866 11.0509 7.798 7.798 7.798 
27.1648 8.12888 30.0262 11.2882 7.7973 7.7973 7.7973 
27.7997 8.05805 28.7511 11.7144 7.89226 7.89226 7.89226 
27.8157 7.91252 28.2914 12.4915 7.82963 7.82963 7.82963 
27.2026 7.85799 28.5966 12.8931 7.81655 7.81655 7.81655 
