5 80000 300 266
12 12 12 12 12 12 12 12 
13.1285 14.2329 12.7269 11.0201 13.6305 8.91165 8.91165 15.4378 
14.6151 13.5571 15.6007 12.8829 12.6627 7.42192 7.42192 14.8375 
14.715 14.6489 16.8744 14.96 12.7202 6.67393 6.67393 12.2336 
13.5732 14.5457 16.5725 17.0778 13.1243 6.26201 6.26201 12.3325 
13.3355 14.5493 17.8497 16.751 14.7742 6.45741 6.04161 10.1164 
11.1775 15.8041 17.7484 17.101 15.2302 6.56204 5.96198 10.3523 
9.72183 15.2609 18.4508 20.1432 14.5708 6.20441 5.90438 9.71244 
9.1379 16.6936 17.0665 20.3567 15.9412 6.05536 5.90535 8.82771 
9.02239 16.1403 15.3146 22.3241 16.4726 5.9629 5.8879 8.86729 
8.08262 15.6098 17.8756 22.67 15.28 6.05685 5.92014 8.50111 
8.65053 14.9191 19.4588 22.2568 14.9546 6.03444 5.86588 7.85777 
9.17375 16.1464 18.6183 21.2294 14.346 6.35055 5.86223 8.27232 
7.99113 17.5413 18.5645 20.4019 14.7262 6.68591 5.90984 8.17871 
8.69224 17.9683 19.1648 19.8879 14.7995 6.37623 5.89034 7.22047 
8.88241 17.7543 19.7639 19.5205 14.4562 6.21231 5.86856 7.54169 
8.72386 16.3718 20.0532 19.6104 14.4015 6.42521 5.93214 8.48176 
9.90608 14.8594 19.9856 19.1481 15.517 6.49803 5.94348 8.14232 
8.99559 15.9403 19.9928 18.8294 15.4181 6.22774 5.95046 8.64563 
8.21329 16.6751 19.3382 19.2873 15.777 6.08627 5.94763 8.67526 
8.44549 15.0524 21.446 17.4949 16.6695 6.65884 5.96968 8.26325 
8.07713 18.0187 21.0014 15.9209 16.1506 6.75554 5.9827 8.09308 
9.14061 18.6012 21.215 15.6135 14.1977 6.54104 5.95053 8.74042 
9.28918 18.6379 19.5432 16.7425 14.7294 6.68417 5.88691 8.48667 
10.8017 17.7054 21.0243 14.7407 14.3711 6.63296 5.91586 8.80809 
10.6136 18.9591 20.7249 14.0725 14.3132 7.03988 5.93665 8.34022 
9.93644 19.459 20.3419 15.2667 14.0496 6.81212 5.95186 8.18245 
9.60398 19.1114 19.9943 17.4567 12.7643 6.93807 5.95606 8.17511 
9.45567 19.8371 20.6032 16.6288 12.8757 6.49934 5.90011 8.20011 
8.62257 19.6027 21.0385 17.9986 12.9641 6.40756 5.89742 7.46848 
7.95154 20.508 19.5128 18.0999 13.0131 6.84404 5.94657 8.12396 
8.37829 19.688 19.7145 18.5888 14.3682 6.35703 5.9083 6.99699 
7.65671 19.5755 20.4836 19.9208 13.0007 6.53422 5.86243 6.96606 
8.24646 19.3783 21.6642 18.15 12.7503 7.14642 5.8407 6.82355 
8.7624 17.2149 21.76 19.7967 11.736 7.38764 5.91004 7.43239 
8.64559 18.2023 20.5815 18.2139 12.9042 7.8516 5.94009 7.66076 
9.40938 17.7592 21.5461 19.0637 12.0798 7.17256 5.89212 7.07713 
8.53401 18.07 20.2917 20.4727 12.0574 6.75914 5.90011 7.91493 
9.54718 17.1169 21.0295 19.9347 11.2011 7.4744 5.85954 7.83678 
9.29848 15.4589 22.2794 19.1302 12.3879 7.35711 5.87095 8.21703 
9.79147 15.9351 21.9712 19.7402 11.8832 7.07024 5.88952 7.71902 
9.47996 16.0699 21.7532 21.1707 11.6985 7.05324 5.92984 6.84458 
9.67117 15.6038 22.6885 20.4477 11.6979 6.50827 5.94657 7.43605 
9.82342 14.9795 22.5365 21.2944 11.2017 6.2955 5.89299 7.97593 
10.7487 13.9875 23.2726 20.3388 10.8872 6.45171 5.92006 8.39325 
10.2369 14.9219 22.63 20.106 11.469 6.71423 5.91986 8.00212 
10.152 14.1724 24.1785 20.1201 10.768 6.71282 5.86821 8.02791 
10.233 14.0369 24.6453 20.2619 10.7652 7.16807 5.8489 7.04086 
10.7199 12.7296 24.9304 20.5835 11.0938 6.92455 5.83393 7.18422 
10.4161 13.5558 24.6 20.1794 11.502 6.94542 5.83832 6.9629 
10.0646 12.9589 23.3375 21.1272 12.815 7.33585 5.89929 6.46158 
9.83998 13.4239 22.4594 20.82 13.993 7.3004 5.9411 6.22224 
10.1261 13.7618 22.0757 20.2799 13.2872 7.12092 5.89897 7.44952 
9.92264 15.1963 21.513 20.0751 13.2311 7.55614 5.86525 6.64053 
9.13715 18.2575 21.3059 17.9497 13.5386 6.96488 5.89966 6.94664 
9.08325 19.1739 20.6981 16.0854 14.1056 6.98131 5.88437 7.98799 
9.41691 18.0903 21.5736 15.8658 14.0823 6.4385 5.89003 8.64252 
9.54716 19.2602 23.2599 15.7824 12.9551 6.12248 5.84824 7.22449 
9.69161 20.2859 21.2318 17.1418 12.3324 5.98864 5.85152 7.47641 
10.2634 19.8495 21.3383 16.923 11.8095 6.04172 5.8603 7.91428 
9.66659 19.5759 20.0877 18.3452 12.3001 5.92784 5.83713 8.25946 
10.6369 18.9397 21.9858 17.0967 12.4001 5.97731 5.82035 7.14313 
11.4527 17.2245 20.8309 17.2289 13.1445 6.34514 5.80369 7.96971 
11.0597 18.0567 22.3043 16.8367 11.9056 6.72812 5.90185 7.20708 
11.4389 17.3238 21.6067 17.6229 12.0891 7.00043 5.90547 7.01263 
10.3172 17.1676 20.5735 18.9264 13.6308 6.48872 5.94124 6.95459 
8.81991 16.7074 21.3851 19.8751 13.566 6.21919 5.94545 7.48187 
9.44428 15.5619 21.6765 19.0909 14.2201 6.42767 5.94755 7.6311 
9.12312 15.8494 20.7405 19.4476 14.0782 7.12582 5.90776 7.72753 
9.48326 13.965 23.4575 19.9028 13.6387 6.91861 5.86216 6.77204 
9.28708 13.1909 23.2587 21.9248 13.0278 6.56352 5.92443 6.82283 
9.56345 14.3758 23.1854 20.0013 12.578 7.17192 5.93704 7.18716 
8.68081 14.8714 23.4046 20.0924 12.8257 7.14101 5.95017 7.03395 
9.07341 14.1104 22.746 19.5122 11.3886 8.06079 5.88771 9.22086 
11.0389 14.3422 23.9291 19.9579 9.50594 7.28152 5.85865 8.08576 
12.3034 15.4626 22.5173 19.2754 9.65247 7.4096 5.81877 7.56047 
12.3002 14.3438 24.5997 18.8024 9.93064 6.83705 5.80962 7.37652 
11.8679 16.0527 23.9787 18.4037 10.0748 7.06816 5.82452 6.72962 
10.85 16.2997 24.5793 18.4344 9.71366 7.25111 5.90986 6.96193 
10.303 16.6864 24.8506 17.5099 10.3446 7.40604 5.88176 7.01755 
9.86167 15.3481 24.3818 19.8661 9.52014 8.05085 5.83943 7.13196 
9.80019 14.0873 25.1363 21.0969 8.56055 7.94466 5.88884 7.48522 
10.1568 14.2564 27.3603 19.1059 8.559 7.02857 5.8784 7.65459 
11.4614 12.8019 27.3917 19.7184 8.53482 7.06038 5.89428 7.13699 
10.8829 12.0216 26.8106 20.7492 9.77092 6.57469 5.87454 7.31557 
10.8362 11.9318 25.9053 21.4272 10.2802 6.57682 5.96359 7.07884 
11.3005 12.6155 25.6125 20.3044 10.3831 6.35746 5.92297 7.50361 
11.26 13.0151 27.0745 20.0302 9.58178 6.34946 5.88831 6.80059 
13.63 12.6252 26.949 19.1916 8.90854 6.46885 5.88533 6.34147 
14.1941 12.9284 25.8155 19.7739 8.14384 6.41509 5.86888 6.8603 
14.886 13.625 25.7218 18.9322 8.09202 6.09699 5.82388 6.82211 
15.0985 12.5541 25.7796 18.9159 8.35223 6.15854 5.90237 7.23881 
14.4546 13.5661 25.5496 18.793 8.14031 6.40408 5.89236 7.19997 
13.9875 14.4361 25.0197 18.4526 8.78954 6.39082 5.87985 7.04386 
13.128 14.6255 24.7784 19.0643 9.14014 6.43615 5.83345 6.99415 
11.8009 14.42 24.7333 19.8813 9.30823 6.83403 5.90924 7.11304 
13.0433 13.3324 26.1422 17.8488 9.75615 6.73334 5.88829 7.2555 
12.1451 12.4119 27.6188 18.4598 9.6458 6.30066 5.87813 7.53973 
11.5863 12.4716 26.466 19.8816 9.33418 6.28316 6.0719 7.9052 
11.2336 10.64 27.2226 21.2102 10.1075 6.50946 6.01522 7.06141 
11.8835 10.3866 26.5447 21.4051 9.98709 6.58806 5.94095 7.26404 
13.0283 10.9676 26.2645 20.9388 10.1117 6.18117 5.85761 6.65039 
13.2709 10.4838 26.916 20.8748 9.78556 6.46896 5.90178 6.29817 
13.0622 10.6404 27.5968 20.8487 9.64856 6.19078 5.90719 6.10538 
13.5772 11.5532 27.0775 20.4515 8.88932 6.21192 5.93462 6.30472 
14.0688 11.8206 28.3739 18.7422 8.56554 6.2653 5.85193 6.3117 
13.8526 10.3221 29.1602 19.6652 7.8924 6.20752 6.00083 6.89917 
13.6971 11.9319 27.9916 19.7284 7.46182 6.22876 5.99521 6.96521 
13.0986 11.3826 27.7458 19.8642 8.17536 6.5866 5.91427 7.2326 
14.7482 10.3956 27.717 19.4751 8.11994 6.51911 5.91412 7.11093 
14.4393 10.4967 27.7172 20.0636 8.27192 6.24868 6.08206 6.68046 
14.0849 10.5592 28.1073 19.6173 8.15151 6.10362 6.02031 7.35578 
15.6224 9.2737 28.1069 19.1282 8.06984 6.75003 5.96873 7.08025 
14.7126 10.9749 26.0253 20.4092 7.97858 6.33276 5.94211 7.62463 
15.4343 9.52644 26.9402 20.3717 9.00322 6.09117 5.89585 6.73711 
13.7516 9.93563 26.9759 20.6744 9.24299 6.35018 5.82149 7.24786 
12.97 9.12294 28.3079 20.8635 9.33064 6.6377 5.81933 6.94803 
12.6678 9.80341 27.7292 22.1253 8.42876 6.41025 5.86665 6.96864 
11.8094 10.5213 28.7061 21.4373 8.10487 6.66334 5.81517 6.94253 
12.654 10.2193 28.4026 21.8757 8.04692 6.49971 5.80015 6.50157 
13.4699 11.1744 28.2175 21.0457 7.52751 6.48436 5.86503 6.21574 
13.7662 11.0559 26.6087 21.5905 8.58146 6.36718 5.92731 6.10266 
13.9837 10.7055 27.8014 21.0024 7.98896 6.58596 5.92223 6.00991 
14.4148 10.1146 29.4469 19.6048 7.91605 6.51427 5.90229 6.08619 
16.8541 10.8997 27.9028 19.1774 6.94715 6.24626 5.94028 6.03222 
15.4471 10.0344 27.705 19.4741 8.63117 6.27499 6.122 6.31124 
16.8145 9.70927 28.8085 17.6549 8.71441 6.07005 6.14018 6.08817 
16.8842 9.16498 30.4962 17.1608 7.94916 6.05227 6.08733 6.20501 
18.2089 9.24721 29.2423 17.0352 7.76467 5.94158 6.10489 6.45527 
19.8397 9.03537 29.327 15.4294 7.70586 6.05903 6.14068 6.46293 
20.0355 9.57549 29.6924 14.2176 7.89917 5.91969 6.10502 6.55516 
20.7514 9.67905 29.2484 14.4457 7.21046 5.94897 6.04164 6.67432 
20.894 8.95538 28.6486 14.9973 8.02596 6.02327 6.0696 6.38594 
20.3858 8.91194 28.6974 14.6852 8.29433 6.22264 6.0929 6.70979 
20.519 9.75488 29.0226 14.4078 7.5439 6.10045 6.17145 6.4799 
19.5491 8.83919 29.402 15.8105 8.00692 6.05569 5.95458 6.38202 
19.0008 8.88388 27.4986 18.1731 7.7237 6.15285 5.95348 6.61363 
17.6173 8.82506 28.522 17.8528 7.59562 6.48551 6.38583 6.71591 
17.7372 9.47205 28.6955 18.3014 7.07162 6.21895 6.16911 6.33414 
16.7718 9.09086 29.3478 17.6991 7.24549 6.49657 6.47165 6.87675 
16.5704 10.2002 28.0667 17.7781 7.6406 6.37329 6.36082 7.0098 
16.2671 10.2206 28.7924 17.0216 8.18777 6.19869 6.34306 6.96876 
16.6843 8.73348 29.4687 17.6412 7.862 6.57761 6.07008 6.96264 
15.4418 8.89846 29.538 19.8478 7.25426 6.30995 6.05619 6.65353 
16.1825 8.29538 29.3844 20.3854 6.8579 6.2319 6.10502 6.55753 
17.3018 8.24126 28.8735 20.1342 7.08392 6.03993 6.12268 6.20274 
17.4388 8.21154 29.4367 18.855 7.48135 6.05027 6.39468 6.13167 
17.683 7.74723 27.8836 20.3519 7.66225 5.96631 6.13851 6.56724 
16.7854 7.92346 28.8951 19.989 7.41368 6.25418 6.18452 6.55465 
17.6235 7.80788 28.1399 20.3022 6.93761 6.20401 6.16918 6.81578 
16.9277 9.55612 28.2728 19.5714 6.80214 6.14549 5.98314 6.74123 
16.9847 10.5658 26.8374 18.3066 7.42036 6.28818 6.20701 7.38991 
17.4625 10.1002 26.0433 18.1234 7.69689 7.1308 6.42576 7.01721 
17.7635 9.08236 24.6345 17.6101 9.00974 6.9525 6.43869 8.50861 
16.674 8.92429 29.6874 14.9739 8.40097 6.88534 6.62843 7.82573 
18.7945 8.22032 28.7326 15.9837 7.63186 6.71064 6.74559 7.18084 
18.4334 8.77883 28.8241 17.3292 7.12918 6.36737 6.53545 6.60247 
18.0582 8.04795 29.0462 18.4207 6.91825 6.23247 6.77382 6.50245 
17.3353 9.2357 28.5296 17.6794 7.36792 6.37356 6.80711 6.67142 
17.6229 8.6477 29.4887 18.3919 6.81829 6.17186 6.38863 6.47004 
17.6686 8.32385 31.3158 17.3388 6.69486 6.08593 6.33717 6.23502 
17.1676 7.6102 31.0315 19.3016 6.79571 5.91653 6.04215 6.13475 
18.4129 7.36635 29.7607 19.7648 6.67421 5.94972 6.01253 6.05883 
17.8271 7.41881 28.8172 21.0893 6.49802 6.13578 5.87983 6.33401 
16.5192 8.0756 28.9156 20.9672 7.47436 6.02564 5.89766 6.12475 
16.5929 7.75804 29.0411 20.9003 7.45742 6.13782 5.92502 6.18738 
18.3574 7.69 28.6974 19.444 6.92993 6.11769 6.01129 6.75222 
18.5443 7.16826 29.9076 19.0876 6.78823 6.07999 6.02679 6.39726 
18.6179 7.16668 29.1283 19.2011 6.97667 6.15526 6.12866 6.62542 
16.8325 7.50184 29.2977 20.2589 6.93661 6.21243 6.19913 6.76099 
16.6008 7.17354 29.381 20.6949 7.18854 6.0824 6.07575 6.80311 
16.0291 7.21453 28.8861 21.3885 7.22203 6.19578 6.19245 6.87159 
15.202 7.35726 29.443 20.8505 7.51727 6.53539 6.22123 6.87329 
16.0602 7.15295 29.8273 20.8482 6.93084 6.4399 6.13176 6.60885 
15.1056 7.66453 29.379 20.6442 7.239 6.3646 6.68223 6.92078 
15.0681 7.51324 30.7938 20.7516 6.68699 6.24979 6.4086 6.52787 
15.2264 7.29508 29.8584 21.7604 6.88195 6.20182 6.43507 6.34086 
15.5383 7.24985 29.4825 22.1194 7.18738 5.98275 6.09938 6.34046 
16.4508 7.1619 29.2107 20.3845 6.96989 6.20681 6.26512 7.35029 
18.7759 7.09777 28.8255 19.0607 7.00177 6.16151 6.19067 6.88616 
18.5056 7.22536 29.1187 19.2362 7.03029 6.02193 6.03651 6.82543 
18.9359 7.83803 29.3481 16.6604 7.21233 6.53209 6.53938 6.93384 
19.224 7.27267 30.985 16.1046 6.95982 6.31483 6.62335 6.5157 
20.7714 7.25953 31.2896 15.7334 6.37846 6.05596 6.21023 6.30133 
20.5898 7.27408 30.9509 16.9046 6.10468 5.94343 6.02056 6.21189 
20.5359 7.85391 29.4815 17.4885 6.36559 5.98377 6.02233 6.2686 
20.9822 6.92695 30.1693 17.4585 6.1828 5.99188 6.01117 6.27715 
19.1212 6.47718 31.386 18.8662 6.24208 5.87265 5.88229 6.15228 
19.8091 6.81002 29.6682 18.5946 6.38191 6.04192 6.04674 6.64757 
18.7281 6.81058 30.6236 18.2756 6.44173 6.11693 6.11934 6.88415 
19.7687 7.01801 30.9187 17.2303 6.83358 5.94864 5.94985 6.33225 
18.4558 7.1598 30.0625 18.4564 7.22631 6.14892 6.14953 6.34073 
17.4298 7.20766 27.6496 21.3733 7.39865 6.22904 6.22934 6.48267 
17.9457 7.44998 28.7479 19.4559 7.08394 6.34529 6.19159 6.7798 
16.3258 7.31976 29.8968 19.5319 7.30014 6.44062 6.36377 6.82127 
18.0741 7.21018 30.4809 18.6417 6.90451 6.17889 6.14046 6.36921 
18.9191 6.55494 30.1372 19.6453 6.40211 6.0393 6.02008 6.28195 
20.7864 6.83734 28.8227 17.5897 6.76092 6.25589 6.24629 6.70085 
19.6408 7.33717 29.3016 17.8857 6.82874 6.26274 6.25794 6.48522 
20.0441 7.02322 29.3473 17.5691 6.769 6.32626 6.32386 6.59724 
20.256 7.02038 28.8549 17.9951 7.03947 6.3795 6.08591 6.3688 
22.2085 8.37596 26.1724 16.3801 7.04323 6.54546 6.39866 6.87567 
22.1182 7.68448 27.5967 15.0082 7.01812 6.76923 6.69583 7.10917 
24.1094 7.45859 28.2638 13.0073 7.12541 6.52927 6.49257 7.0137 
21.7907 8.51478 28.1583 13.7644 7.19307 6.56497 6.54662 7.46725 
21.1384 8.25044 28.8361 13.653 7.24237 6.7547 6.74553 7.37946 
20.7331 8.05965 28.8443 15.0232 6.89987 6.65604 6.65145 7.13235 
19.4575 7.96922 29.2706 17.0571 6.78327 6.35832 6.35603 6.74799 
18.6284 8.19173 28.713 17.9136 6.78969 6.41541 6.57607 6.77206 
18.3906 7.75828 29.0062 18.3517 6.7388 6.39242 6.63199 6.72998 
19.5668 7.90391 29.209 16.6062 6.62017 6.29218 6.72157 7.08016 
19.1878 7.87045 29.1813 16.6103 7.07184 6.28089 6.49558 7.30183 
18.3967 7.45635 27.9709 17.4601 7.05705 6.66157 6.76892 8.22838 
18.3033 8.20348 28.0287 17.9893 7.07791 6.41721 6.47088 7.50925 
19.7577 7.80545 27.9874 16.5704 7.24266 6.57561 6.60244 7.45833 
18.6037 7.42621 28.7588 16.8423 7.48039 6.64351 6.65693 7.58823 
19.398 7.399 28.1615 16.2737 7.7466 6.52688 6.8541 7.64027 
21.2375 8.77643 27.1576 15.2138 7.8733 6.34036 6.50398 6.89706 
20.5502 8.66903 28.3049 14.285 8.04624 6.59484 6.67665 6.87319 
20.5844 8.11459 27.7263 15.2181 7.63137 6.73385 6.77475 7.21666 
20.7374 7.99565 27.9043 14.9721 7.41157 6.79158 6.98326 7.20422 
21.9966 8.15065 27.5734 13.9644 7.36027 6.71805 6.98 7.2566 
24.2229 8.24199 27.0113 11.5112 7.30332 6.98221 7.11319 7.61381 
23.3055 8.59861 28.0579 10.4198 7.38301 7.22245 7.28794 7.72481 
22.291 8.20001 28.3907 11.4156 7.94682 7.15732 7.19007 7.40851 
21.5696 8.69365 28.683 11.7148 7.68366 7.11223 7.1286 7.4145 
23.4391 7.74188 29.1563 12.1846 7.08257 6.64254 6.65072 7.10231 
23.7677 7.636 28.7348 13.1706 6.70394 6.33332 6.33741 7.31622 
22.5635 8.02512 29.7396 13.2196 6.75003 6.4029 6.40495 6.89435 
22.8202 8.3025 31.142 12.2311 6.33359 6.16003 6.30898 6.70161 
21.0987 8.47651 29.4118 14.074 6.80001 6.54022 6.78771 6.81102 
21.6958 7.5822 31.5849 12.6103 6.74396 6.45483 6.57857 6.74946 
22.0724 7.70267 29.738 13.1079 6.94341 6.62877 6.86071 6.94616 
21.1925 7.75758 29.4003 14.2102 6.9092 6.43939 7.02411 7.06683 
20.5311 7.29899 28.5438 16.3885 6.71193 6.47702 6.76938 7.27934 
19.3883 7.3337 27.9561 16.4399 7.74193 6.74728 7.0689 7.32388 
19.8581 7.27341 27.9125 17.2363 7.14965 6.65233 6.97707 6.94063 
17.4108 7.46882 29.4672 16.8298 7.58943 6.9758 7.13817 7.11995 
16.744 7.43216 30.0069 17.7397 7.49246 6.70333 6.78452 7.09695 
18.9398 8.13248 28.7259 16.5985 7.37399 6.97943 6.54683 6.70305 
19.0262 7.64986 26.479 18.5382 7.61191 6.90268 6.68639 7.10579 
18.8988 7.40855 27.7446 17.9722 7.38957 6.86431 6.75616 6.96586 
18.3898 7.51222 30.0975 16.602 7.00604 6.74341 6.8549 6.79419 
18.5303 7.55358 30.0804 17.32 6.82581 6.53626 6.59201 6.56165 
19.2021 7.08909 30.4976 17.3351 6.56748 6.42271 6.45058 6.4354 
18.0978 7.30272 29.3011 18.9617 6.71511 6.47933 6.49326 6.64907 
19.2027 7.18982 29.2659 18.4039 6.43448 6.47043 6.32355 6.70915 
17.7139 7.56842 29.8648 18.639 6.5285 6.54647 6.47304 6.66583 
17.7795 7.82461 29.7472 17.5687 7.1363 6.64024 6.60352 6.69992 
17.5928 7.49592 28.5255 18.3407 7.32242 6.73309 6.71473 7.27487 
17.7311 7.35621 27.8366 19.3078 7.09763 6.80297 6.79379 7.07386 
19.003 7.62999 27.1486 17.9013 7.15706 6.83791 7.17696 7.14518 
19.2953 7.76689 27.32 17.0263 7.18678 6.85538 7.19673 7.35266 
20.4093 7.52583 28.064 15.7979 7.07021 6.73895 6.90962 7.48428 
20.1697 7.95872 27.6683 15.9409 7.03161 6.86598 6.95132 7.41347 
17.908 8.06099 28.1199 17.8344 7.2573 6.83435 6.87702 7.10809 
16.0309 8.64588 30.0599 18.4557 7.01327 6.4941 6.51543 6.78482 
16.7613 7.9533 29.2214 19.1288 6.97198 6.54738 6.55805 6.85775 
17.2733 7.66793 29.0402 19.1282 6.84169 6.62939 6.63473 6.78458 
17.5363 7.23202 29.245 17.9783 7.14253 6.55094 7.03905 7.27579 
19.3218 7.76826 27.2523 16.9476 7.20448 6.73568 6.97973 7.79014 
20.4523 7.48125 27.4751 15.8479 7.19936 6.96496 7.08699 7.49219 
22.2765 8.05717 28.126 12.4204 7.1968 7.0796 7.14062 7.70293 
23.4386 8.18194 28.5998 11.0025 7.27252 6.73469 6.7652 8.00482 
25.0299 7.67459 26.7572 11.9859 7.39053 6.78031 6.79557 7.58603 
25.4907 7.98954 27.9115 10.1452 7.32848 6.85036 7.031 7.25322 
25.6847 7.50915 28.812 9.3857 7.8176 6.77981 6.71039 7.30073 
12 12 12 12 12 12 12 12 
14.5249 14.5249 9.44828 12.8008 13.567 8.96935 8.96935 15.1954 
14.5462 15.2291 9.8076 16.0362 13.5362 7.4437 7.4437 14.9573 
15.6355 15.1929 10.6529 16.816 13.6496 6.68352 6.68352 14.186 
16.8324 16.087 11.7206 15.5359 13.6382 6.27677 6.27677 13.3823 
15.3634 15.7735 13.3945 14.813 14.3534 6.07381 6.07381 14.0297 
13.32 16.3974 15.3143 15.0661 14.7299 6.01563 6.01563 13.0787 
11.9854 17.4689 17.2232 16.9019 14.6628 5.96639 5.96639 9.79378 
10.7137 17.4254 18.161 17.4638 14.9494 5.88019 5.88019 9.51062 
9.06821 17.888 18.6681 17.3917 15.9283 5.92979 5.92979 9.1883 
9.91385 16.6444 18.0893 17.6621 15.981 6.55139 5.91848 9.2355 
9.53209 17.4725 17.9771 17.6546 15.5069 6.21687 5.90042 9.73758 
9.2129 18.0638 18.6415 15.4433 16.3218 6.57915 5.87862 9.85794 
10.0231 17.8861 17.7582 16.4717 16.5984 6.72708 5.85598 8.67897 
9.92788 17.2066 18.2933 16.4994 17.7134 6.92002 5.85686 7.58216 
10.0895 17.7037 18.0379 16.8271 17.3295 6.38888 5.8573 7.76598 
10.2171 17.1277 17.7546 17.609 16.9406 6.18295 5.91716 8.2508 
10.8497 16.1839 19.4201 17.6771 16.4035 6.01423 5.88133 7.57008 
10.0785 16.9664 19.775 17.1719 15.6693 6.14564 5.86274 8.33049 
11.1445 17.22 18.9401 16.6912 13.9399 6.8623 5.87874 9.32314 
10.505 17.3544 19.4476 17.7626 13.248 6.57016 5.85417 9.25798 
10.9936 16.4016 20.8929 17.5452 13.8265 6.4166 5.84984 8.07367 
10.1941 17.3866 20.2586 16.1839 15.7859 6.65298 5.84768 7.69028 
8.9014 17.9324 19.6945 17.8745 14.6321 6.69605 5.85862 8.41036 
8.17877 18.6153 21.0315 18.4767 13.566 6.4182 5.88984 7.8236 
8.50749 18.2516 20.9683 18.0746 14.2184 6.87289 5.8544 7.25232 
9.59896 17.1436 20.9519 17.0551 15.3497 7.11128 5.82252 6.96692 
9.71401 17.1188 22.0144 16.0062 14.7261 6.76077 5.90271 7.75696 
10.4986 17.7408 21.9585 15.8571 14.0002 6.36711 5.93808 7.63954 
10.162 17.8224 22.988 16.9897 12.677 6.34949 5.91664 7.09488 
10.0486 17.2265 22.4011 17.3501 13.6819 6.52248 5.87409 6.89517 
11.4975 15.7561 21.9148 17.1572 14.207 6.83267 5.83883 6.7958 
10.6485 16.4527 20.6456 18.3782 13.2282 7.09117 5.81474 7.74088 
10.7122 16.5237 21.2064 18.6718 13.1874 6.8861 5.81685 6.99544 
9.67575 16.1452 22.2663 19.0551 13.3972 6.79078 5.82419 6.84545 
10.1912 16.5309 22.268 18.4141 13.4438 6.82152 5.90995 6.42059 
10.1065 15.8907 22.2451 19.5556 12.7132 6.78766 5.89615 6.80506 
9.88841 13.9893 25.1885 19.3383 11.4115 6.58065 5.91511 7.68825 
10.0844 13.6535 24.0428 20.4168 11.5469 6.21088 5.87812 8.16655 
10.0303 15.0215 22.7103 21.1348 11.4742 6.19333 5.90818 7.52746 
10.1017 16.7099 22.5023 19.7665 10.6072 6.45164 5.87617 7.98451 
9.16046 16.3458 21.6393 19.8148 12.2671 6.76463 5.90612 8.10184 
9.9798 17.1362 22.4827 18.0067 11.6411 6.83804 5.86883 8.0466 
10.6066 18.2597 21.0431 18.695 10.6664 6.72298 5.90798 8.09819 
10.216 17.9727 20.0194 19.1728 11.2284 6.74577 5.90159 8.74342 
9.36087 18.1817 20.6993 20.1611 10.4418 6.82116 5.9393 8.3947 
9.55331 17.1417 21.7903 19.9323 10.7294 6.80041 5.93575 8.11684 
10.1176 16.9799 20.8952 20.1934 10.4783 7.03657 5.92242 8.3766 
8.7971 16.4339 20.4943 22.0126 11.1971 6.78931 5.88177 8.39391 
9.71529 15.0043 21.7856 20.961 11.7071 6.78832 5.88206 8.15623 
10.4854 15.619 21.066 20.5455 11.5895 6.96559 5.86311 7.86599 
10.7038 16.3047 20.4844 19.496 12.1054 7.24493 5.84418 7.81649 
10.9687 16.192 22.1365 18.6687 11.1188 7.36696 5.89566 7.65274 
11.8335 15.2388 22.8596 18.6314 11.115 7.3116 5.89567 7.11435 
10.9616 16.8122 23.4253 16.939 10.8265 7.69167 5.86264 7.48094 
10.4692 17.5709 23.7776 16.8222 11.4458 7.44212 5.83155 6.6407 
9.72038 18.1946 21.7356 18.9144 11.5216 7.7692 5.86982 6.2744 
8.52767 18.5105 20.5255 19.9706 11.5065 8.16333 5.8689 6.92693 
9.19805 16.9307 21.9952 19.6344 12.1129 7.04219 5.89497 7.19154 
9.50974 16.1662 24.7253 18.0761 11.86 6.98092 5.84927 6.83237 
10.3352 16.1188 22.7421 18.7479 12.738 7.17349 5.82642 6.31797 
10.7911 15.2721 23.7182 18.1759 12.4815 6.52073 5.8472 7.19322 
10.87 15.9086 24.2679 17.7254 12.6884 6.18007 5.84331 6.51632 
11.7304 15.5814 22.6666 19.0322 12.5186 6.47987 5.82722 6.16373 
11.583 13.0218 23.1338 20.9516 12.0987 6.64626 5.83332 6.7315 
11.3087 12.7178 23.406 21.2804 11.1068 6.65646 5.90517 7.61862 
12.0445 12.0764 24.259 21.5146 10.0377 6.57935 5.86738 7.62097 
12.1565 12.1725 24.6295 20.2481 9.87997 6.53042 5.82721 8.55586 
11.7889 12.5583 25.0051 19.1342 10.3968 6.6916 5.83239 8.59265 
10.9288 14.4027 24.6307 19.8646 10.1183 6.32063 5.89102 7.84324 
10.6496 14.2384 25.7721 19.4385 9.99744 6.61711 6.03193 7.25495 
9.17094 13.8791 25.59 20.908 10.5931 6.92161 5.92972 7.00743 
9.15168 14.1313 24.8955 19.8148 10.8902 6.99962 5.9329 8.18408 
10.6935 14.5951 23.036 19.4368 11.4451 6.44098 5.90762 8.44498 
11.0286 15.1258 23.3867 17.7992 11.2781 7.2609 5.85785 8.26289 
12.2053 14.9838 22.5206 19.2402 10.8702 7.15843 5.84863 7.17281 
12.0659 15.6341 22.4988 19.1385 11.5131 6.56087 5.90597 6.68274 
13.3896 14.4255 23.5936 18.7962 11.1181 6.39764 5.9455 6.33389 
12.4818 14.8517 24.0653 20.0462 10.3044 6.20808 5.86627 6.1762 
12.8659 15.5508 23.9076 19.5231 9.52722 6.22904 5.93314 6.4631 
12.4897 15.2496 22.7786 18.7822 10.8203 6.46504 5.93049 7.48413 
11.2067 15.004 24.3664 19.0603 10.6264 6.92209 5.89145 6.92273 
11.3578 15.814 23.82 17.2028 11.9628 6.91373 5.8869 7.04193 
12.0186 14.7252 23.9913 18.0512 10.8857 6.44729 5.93388 7.9468 
11.6243 14.1808 23.2256 19.7208 11.4589 6.29851 5.90812 7.58303 
11.9063 14.0156 24.4937 18.7246 10.1616 6.88887 6.13965 7.66963 
10.6725 14.7884 25.6397 19.0562 10.693 6.37811 6.0035 6.76849 
10.5994 13.4468 25.9777 20.0544 11.136 6.21537 5.89649 6.67372 
11.816 13.1144 25.8961 20.6788 9.95396 6.1152 5.83045 6.595 
12.8732 15.0149 24.2665 19.419 9.9521 6.04268 5.9003 6.53133 
13.7699 14.3075 23.9999 18.9095 10.3094 6.22134 5.88348 6.599 
13.1176 13.1094 25.7119 19.2886 10.4179 6.01926 5.85033 6.4851 
13.5509 12.7552 25.7847 19.9345 9.43056 5.912 5.82754 6.80455 
12.6348 13.2787 27.4757 19.8631 8.23091 6.081 5.90856 6.52728 
13.1595 13.2183 26.8957 19.9315 7.79966 6.46155 5.84902 6.68469 
13.3183 11.7304 24.9034 23.0385 8.2125 6.60005 5.88947 6.30731 
14.7777 11.6642 24.1785 22.6017 8.1011 6.39281 6.16638 6.11757 
14.1663 10.9472 26.7951 20.8917 8.65413 6.13758 6.02437 6.38359 
14.226 10.4601 26.7399 21.3623 8.10065 6.57283 5.97714 6.56107 
12.5297 11.6189 26.5644 21.2367 8.49477 6.61975 5.90524 7.03053 
13.2354 10.7693 26.1508 21.3422 8.53693 6.79513 5.90168 7.26862 
12.3439 11.9489 26.2039 19.889 9.15673 6.33053 6.02347 8.10358 
13.5938 11.8338 25.9926 19.7101 9.00545 6.16005 6.00652 7.69762 
12.6708 11.6476 25.8903 21.1731 9.37378 6.37516 5.86859 7.00067 
11.6875 12.021 24.6353 22.2767 8.48971 6.9904 5.89204 8.00738 
11.57 11.0384 25.7255 21.8925 9.41245 7.12648 5.87898 7.35565 
10.6422 10.6621 26.7199 22.3748 9.56337 6.84896 5.93949 7.24925 
10.2956 10.6882 26.3701 23.815 8.99087 6.61325 5.90342 7.32361 
9.83098 10.716 27.2347 24.4419 8.48992 6.61241 5.84427 6.82985 
9.39728 12.3608 26.7826 23.9857 7.88642 6.66755 5.86331 7.05638 
10.8415 11.8947 27.8199 21.9928 7.94321 6.47663 5.93166 7.09962 
12.5017 10.4271 28.2163 21.401 7.72883 6.41751 5.856 7.45154 
12.6203 9.51292 27.0062 22.0063 8.80072 6.39347 6.11271 7.54743 
13.8238 8.99143 26.7545 22.8884 7.95227 6.33881 5.92521 7.32563 
13.0289 8.3521 27.473 23.1463 8.76337 6.09494 5.88814 7.25324 
14.4168 8.19904 27.2422 22.7801 7.82996 5.92103 5.96131 7.64961 
13.7755 8.27862 28.0987 22.7333 8.24334 5.94559 5.96573 6.95913 
14.2842 8.57718 27.363 22.9051 7.96782 6.37516 5.94144 6.58608 
14.8694 8.3795 27.4694 22.6647 7.77179 6.21788 6.15254 6.47486 
15.3786 8.39536 27.1303 22.5473 7.77998 6.22421 6.19154 6.35269 
14.4342 9.03639 28.0813 21.6842 8.14219 6.04465 6.17495 6.40215 
14.3387 10.4529 27.097 20.6344 8.6705 6.43479 6.05483 6.3168 
16.4231 8.51004 28.3246 18.9739 8.66361 6.20247 6.16174 6.74049 
16.4973 7.25502 28.7337 20.9155 7.47466 6.10123 6.08087 6.94167 
16.2368 8.06538 29.1598 20.2211 7.43556 6.30506 6.14694 6.42942 
14.8669 7.5603 30.0707 21.3069 7.24539 6.22001 6.14096 6.58894 
16.0272 7.53015 29.4103 20.0284 7.52894 6.39126 6.19548 6.88822 
16.5892 7.54414 27.3505 21.6421 7.25284 6.684 6.15006 6.78713 
16.835 8.27518 26.7187 21.5353 7.19785 6.44759 6.18062 6.80972 
15.7191 8.89949 27.6451 20.2915 7.88464 6.3984 6.26491 6.89692 
14.9592 7.62195 30.2878 20.5687 7.26558 6.52246 6.15361 6.62067 
15.5292 7.37135 28.6114 21.7395 7.34796 6.6668 6.17278 6.56111 
15.4918 7.01901 30.3663 20.8697 7.31034 6.3637 6.26821 6.31086 
16.0251 7.40561 28.3325 21.1492 7.55128 6.59094 6.38086 6.56452 
15.9813 8.3903 28.385 20.1058 7.99439 6.42047 6.31543 6.40726 
17.6732 8.16341 26.7322 19.7355 8.28291 6.54357 6.33232 6.53696 
16.541 8.16975 29.5611 18.83 7.44334 6.41644 6.31081 6.7276 
15.9628 7.93103 30.1651 19.5111 7.08706 6.41335 6.36053 6.56893 
15.8667 8.98344 26.0145 21.0459 7.66539 6.7909 6.7645 6.86869 
15.9829 8.82608 27.0939 21.3589 7.08347 6.49143 6.47822 6.68512 
14.9682 9.0642 27.5005 22.3073 7.17546 6.15269 6.14609 6.68558 
16.0778 8.9071 27.5002 20.8412 7.33773 6.3576 6.19804 6.78029 
15.2736 8.47284 29.345 20.2277 7.04507 6.555 6.47523 6.60558 
15.6636 8.2498 29.0538 19.4784 7.20146 6.78921 6.74932 6.8145 
15.9399 8.3291 28.9413 20.0995 7.20434 6.39761 6.37766 6.71055 
15.3417 8.65173 29.2142 19.8254 6.96755 6.40393 6.39396 7.20143 
16.7031 7.71296 29.9297 18.7837 6.87087 6.42777 6.42279 7.1491 
17.7362 7.70264 28.6572 18.6226 6.66621 6.44466 6.44216 7.7284 
17.2014 7.84437 28.2175 18.3391 7.32616 6.69455 6.86691 7.51003 
17.5751 7.60808 29.3331 18.1439 6.86821 6.5524 6.79884 7.1204 
18.7224 7.71284 27.8587 17.7039 6.8543 6.53353 6.65675 7.95759 
20.6407 8.06517 27.3974 15.5859 6.79415 6.63377 6.69538 8.18755 
21.0586 7.89165 28.6316 13.6655 6.92057 6.84037 6.70339 8.28841 
21.1306 7.74329 28.0816 15.0606 7.09952 6.74297 6.51625 7.62522 
22.0918 7.29844 29.3056 14.0723 6.82079 6.48675 6.52915 7.39516 
21.6568 7.50774 30.0869 13.467 7.42969 6.45881 6.48001 6.91302 
20.9951 8.0872 28.7101 14.4002 7.54818 6.56274 6.74001 6.95651 
21.3808 8.14455 29.1816 13.8247 7.87503 6.43594 6.52458 6.63283 
21.4287 8.09912 29.3559 12.9526 7.96436 6.57368 6.61799 7.00769 
22.561 7.53388 28.6152 12.9223 7.64072 6.77116 6.79332 7.16238 
21.8156 7.78032 28.02 13.4846 8.00096 6.89729 6.90836 7.0929 
21.4783 8.75593 28.7751 12.6148 7.69176 6.80435 6.80989 7.06994 
23.0258 8.13223 27.6981 12.6214 7.4295 6.81514 6.81791 7.45988 
24.3554 7.83324 27.3765 12.1326 7.31064 6.83223 6.83361 7.32583 
22.6862 7.81492 27.2476 14.0324 7.38413 6.80594 6.80664 7.22224 
22.0327 7.70057 27.2445 14.2576 7.65758 7.02366 6.85159 7.23181 
22.9765 8.16922 26.4129 13.4411 8.14773 7.16632 6.74806 6.93816 
22.7735 8.15984 27.4698 12.9901 7.99236 6.71795 6.66556 7.23084 
21.9828 7.72231 28.6356 12.7865 7.96969 6.67024 6.64404 7.58893 
20.5659 7.40725 28.1476 14.372 8.24016 7.05852 6.86812 7.34056 
22.4451 7.75768 27.7562 12.9292 8.00522 6.90764 6.98136 7.21758 
21.6466 7.76577 26.2456 14.9452 8.06621 6.98739 7.02425 7.31904 
21.4072 8.26245 26.8089 14.0419 7.86522 7.14333 7.16176 7.30915 
20.9554 8.08806 26.8937 14.3951 7.70959 7.16879 7.178 7.61141 
20.8944 8.50831 26.8397 15.5309 7.72384 6.70939 6.714 7.07952 
19.5834 9.07143 28.0378 14.5761 8.01475 6.67696 6.67926 7.36036 
18.4059 8.84283 25.4421 17.2131 7.93996 7.27106 7.08495 7.80003 
19.8 8.74977 26.4524 16.8155 7.40281 6.76986 6.52755 7.4821 
19.0873 8.61517 27.3605 16.535 7.41165 6.9185 6.79734 7.27462 
19.2311 7.90133 27.4302 17.7987 7.29958 6.58425 6.52367 7.23106 
21.1042 7.83416 25.851 17.4754 7.6951 6.52837 6.49808 7.01359 
21.3546 8.23807 28.6663 15.2192 7.08829 6.35061 6.33546 6.74753 
20.7783 7.82274 27.9695 15.8588 7.4162 6.54231 6.53473 7.07747 
19.6607 7.38819 29.051 16.3731 7.35048 6.58241 6.57863 7.01556 
19.6434 9.6131 29.1672 14.5728 7.41356 6.56223 6.40458 6.62304 
20.1158 8.89152 28.6359 15.4564 7.30155 6.54909 6.47026 6.5795 
21.0947 8.62636 28.3648 14.9188 6.99526 6.61903 6.57961 6.80145 
23.0474 7.7854 27.3768 14.2302 7.14346 6.78174 6.76203 6.87295 
24.2414 7.72545 28.671 10.9479 7.5787 6.87519 6.86533 7.09501 
24.4518 7.41002 29.3693 10.7104 7.50557 6.81597 6.81105 6.92588 
26.1869 7.43878 28.808 10.3877 6.99954 6.81708 6.65228 6.7097 
26.0682 7.51686 29.9103 9.94067 6.98078 6.5731 6.4907 6.5194 
24.9233 7.34149 30.4275 10.5078 6.91059 6.54388 6.50268 6.84276 
25.9232 7.5169 28.515 11.6642 6.66042 6.47707 6.45647 6.78677 
23.3275 8.48406 28.7392 12.2345 7.44606 6.28731 6.42945 7.05192 
24.8394 8.12716 29.0656 10.6781 7.27033 6.52204 6.5931 6.90434 
24.9197 8.06358 27.6994 11.839 7.30183 6.59435 6.62989 6.95217 
22.9694 9.4458 28.1809 12.1297 7.1541 6.48189 6.49966 7.1385 
23.2088 9.03325 27.7112 12.2718 7.19774 6.86163 6.6981 7.01753 
22.5259 7.92959 27.8488 13.8151 7.18249 6.84379 6.76202 7.09238 
23.0184 8.04003 29.5984 12.3934 7.03952 6.55669 6.51581 6.83773 
21.9523 7.97571 29.5144 13.7916 7.159 6.4429 6.42246 6.74165 
22.4239 7.85991 28.3935 13.7982 7.45155 6.7568 6.57823 6.73783 
20.9189 7.59296 27.5667 14.9577 7.75508 7.04141 6.95212 7.21507 
20.8429 8.26932 28.1604 15.4661 7.07243 6.71559 6.67095 6.80242 
21.2322 8.18872 26.4113 16.3479 7.25243 6.73617 6.71385 7.11743 
21.1896 8.03701 26.8257 15.5216 7.21044 6.95232 6.94116 7.32215 
22.0855 7.74521 26.6116 15.9906 7.48721 6.58175 6.57617 6.92195 
22.4064 7.60637 28.0785 13.5148 7.80205 6.8623 6.53484 7.19474 
21.8304 8.50702 27.8023 13.2034 7.73378 6.91547 6.75174 7.25591 
23.6659 7.6919 27.9413 13.6218 7.01875 6.32307 6.2412 7.49615 
23.3714 7.37159 29.3553 13.5416 6.7145 6.36666 6.32573 6.9532 
22.1953 6.87051 29.3273 15.3695 6.54197 6.52728 6.34758 6.82055 
21.9041 7.30622 27.7282 15.9106 7.30324 6.65074 6.3996 6.79737 
20.523 8.43859 27.3954 16.0411 7.447 6.79071 6.50013 6.86403 
18.9863 8.07836 27.2883 17.5843 7.41478 6.75106 6.77355 7.12329 
19.0495 7.96409 28.3199 16.8126 7.29101 6.7885 6.79975 6.97461 
19.4626 7.70875 28.7562 17.2572 6.90637 6.49984 6.50546 6.90346 
20.2576 7.96622 28.1939 16.6878 7.07161 6.53939 6.54221 6.7412 
20.2955 7.98311 27.2636 16.8439 7.5358 6.60303 6.60444 6.8706 
20.2785 8.40332 28.6645 14.9579 7.52607 6.56949 6.57019 7.03007 
19.0618 7.90536 28.3053 16.9066 7.29839 6.65175 6.6521 7.21874 
20.0487 7.67436 27.5831 16.8675 7.53269 6.56212 6.5623 7.16924 
19.8182 7.44543 28.2245 16.1657 7.54641 6.71749 6.71757 7.36469 
19.5757 7.38938 27.1123 17.2495 7.43987 6.69208 6.69212 7.84901 
19.9574 7.593 28.3019 15.9129 7.44875 6.73587 6.73589 7.31434 
17.8018 8.21827 28.7768 17.3102 7.12574 6.76929 6.76931 7.2286 
17.286 8.45696 26.6555 20.1458 6.97902 6.49024 6.49024 7.49629 
18.8097 8.39515 27.1611 17.9062 6.98951 6.74512 6.57845 7.41481 
20.8774 8.30716 26.9367 16.1449 6.91941 6.79722 6.71388 7.3033 
20.096 9.138 26.7082 16.4837 6.8865 6.51387 6.9395 7.2342 
21.3383 8.92384 26.2573 15.6612 7.31422 6.48274 6.69555 7.32678 
21.2247 8.72118 28.3139 12.8306 7.546 6.94508 7.05148 7.36709 
21.5019 7.8882 29.1876 13.4705 7.30061 6.54002 6.59323 7.5179 
20.6879 8.3605 28.7894 15.2526 6.96261 6.42459 6.45119 7.07125 
20.3768 8.12762 27.8815 16.6724 6.93525 6.50177 6.51507 6.98957 
21.2817 7.44002 28.0887 16.8571 6.68306 6.46632 6.47297 6.71022 
20.1161 9.25937 27.8927 16.0087 7.56893 6.29438 6.29771 6.56211 
20.7609 9.26227 27.2052 15.8318 7.1391 6.34208 6.34374 7.11492 
22.1837 8.89343 27.2091 14.3094 7.17611 6.44973 6.45056 7.32795 
24.0769 8.77507 27.4852 13.4233 6.87164 6.20994 6.35961 6.7983 
24.3761 8.1213 28.0283 12.8805 7.16958 6.35172 6.42656 6.64591 
24.7283 8.24072 29.1267 11.7457 6.80023 6.3913 6.42871 6.53839 
26.1572 7.88211 29.6104 10.1048 7.00513 6.33044 6.34915 6.56073 
28.1949 7.57478 30.0668 9.12218 6.40954 6.0722 6.08155 6.47804 
26.3978 7.46151 30.8481 8.71445 7.67761 6.23099 6.23566 6.43391 
26.2758 7.11537 30.6548 10.2034 7.06958 6.19242 6.19476 6.29388 
25.4186 6.48166 30.9707 12.1192 6.89736 6.02019 6.02135 6.07092 
25.7934 6.97915 29.9713 11.5113 6.87547 6.12536 6.43747 6.30649 
26.4481 7.22789 28.8486 11.5189 7.17605 6.17794 6.334 6.26851 
24.3686 7.52961 30.2375 12.0848 7.05188 6.10102 6.17905 6.44751 
23.1935 7.43453 29.1861 13.9934 7.04276 6.10861 6.14763 6.89348 
23.2891 7.56342 27.5161 15.4583 7.05984 6.13123 6.15074 6.83135 
22.261 7.3776 30.1964 13.2086 6.95458 6.49027 6.67126 6.84033 
21.7688 7.79214 28.776 14.811 7.27668 6.28465 6.37514 6.91561 
20.4313 8.265 28.3039 16.467 7.0364 6.37857 6.42382 6.69405 
20.4197 8.04407 29.288 14.8661 7.08963 6.59065 6.61327 7.08852 
21.0123 8.1887 27.144 15.9207 7.40284 6.38174 6.54738 7.40229 
20.6023 8.26102 28.6361 14.6911 7.70783 6.55626 6.47882 7.06653 
19.3771 7.92589 29.0045 16.0914 7.48428 6.57846 6.53974 6.99861 
19.234 9.11446 27.381 16.5306 7.53002 6.31953 6.30017 7.59021 
18.8233 8.04929 28.4524 16.5193 7.57453 6.33437 6.64215 7.60463 
18.8393 8.2334 27.6942 16.8455 7.99602 6.53419 6.68808 7.16932 
18.9267 8.34205 26.3471 16.8734 8.57548 6.78822 6.86517 7.28184 
19.5305 8.03009 28.442 14.9803 8.31458 6.74982 6.78829 7.16441 
20.9336 8.13875 28.4822 14.0194 7.76554 6.81133 6.83057 7.01863 
21.4865 8.18122 27.7279 14.411 7.66566 6.69514 6.70476 7.12774 
12 12 12 12 12 12 12 12 
12.3017 12.3017 14.8843 11.8884 11.1653 8.99587 8.99587 17.4669 
14.2941 12.6655 17.5399 14.3318 11.0387 7.42953 7.42953 14.2709 
16.171 12.318 18.9909 15.8215 11.5967 6.66136 6.66136 11.2791 
14.8705 12.944 20.247 17.8273 11.5395 6.35782 6.25343 9.71054 
13.868 12.5149 21.4296 18.8552 12.0076 6.10289 6.05069 9.0463 
12.1423 11.9866 21.3398 19.8442 12.9829 6.59311 5.94201 9.10648 
11.514 13.0966 20.5407 21.7302 12.58 6.24858 5.92304 8.33553 
11.4154 14.1615 21.0728 21.4618 12.4629 6.10783 5.94506 7.35707 
11.3094 15.7944 20.4949 20.067 12.248 7.20329 5.87709 6.99803 
11.146 18.1092 20.0741 19.4747 11.4227 6.87718 5.92506 6.96723 
9.71442 18.6505 20.3401 19.0303 12.378 6.46889 5.89182 7.52402 
9.45972 18.9487 19.6889 18.8248 13.825 6.26792 5.87478 7.10929 
9.03848 17.4904 22.3695 18.23 13.8263 6.03977 5.8432 7.16186 
9.94957 16.9419 21.1233 18.9511 13.9828 5.9912 5.89291 7.16699 
9.31822 18.673 20.6626 17.8594 13.5571 6.22792 5.87575 7.82592 
10.2608 17.2203 22.9869 16.1911 13.9362 6.01853 5.84244 7.54367 
10.6414 14.9228 21.6137 16.9132 16.0863 6.21568 5.82703 7.77985 
10.4143 14.8418 21.5137 18.9556 14.1762 6.22634 5.82412 8.04793 
10.3428 16.4326 21.7065 19.3615 12.9021 6.11705 5.81904 7.31854 
9.51024 18.3402 21.0805 18.3584 12.4428 6.36431 5.90539 7.99811 
9.2157 17.6763 19.3577 19.034 14.2089 6.70913 5.85726 7.94096 
8.87224 16.4075 19.0605 19.3251 16.2729 6.33964 5.9137 7.80844 
9.51012 17.4004 18.8326 18.0135 16.3817 6.12965 5.91668 7.81542 
10.738 15.8583 19.0317 18.0879 16.631 6.26995 5.94979 7.43335 
9.63727 16.4657 18.6622 18.5968 16.5472 6.69189 5.92205 7.47684 
9.90338 16.6015 19.9243 19.5738 14.4177 6.31205 5.92713 7.34011 
10.0581 16.3859 19.5366 19.0422 14.762 6.77304 5.94229 7.49984 
9.37686 17.6132 19.9132 19.9766 13.9028 6.69915 5.86969 6.64847 
8.70078 17.7572 19.7303 19.3504 14.9761 6.74464 5.91839 6.82218 
9.03789 17.7328 20.0735 18.5294 14.4672 7.22649 5.87586 7.05692 
9.96766 15.4903 21.7889 18.2391 14.178 6.81837 5.92938 7.58829 
10.4795 15.5038 22.1013 16.1238 14.9554 6.53419 5.87417 8.42777 
11.0338 16.7648 22.4241 14.4997 15.7395 6.48598 5.83408 7.21817 
10.8853 16.9087 22.2647 15.9867 14.3961 6.40088 5.86441 7.2933 
10.4116 16.0113 23.1406 16.9996 13.3057 6.72011 5.83076 7.5804 
10.1414 15.3018 21.8707 18.371 14.5928 6.57894 5.81237 7.33097 
11.0961 15.8961 22.0347 17.8536 13.956 6.56643 5.86602 6.73102 
10.5264 17.3637 22.381 17.693 12.7139 6.63819 5.85509 6.82872 
11.0527 16.4713 23.6116 16.2149 13.6201 6.58225 5.87491 6.57225 
12.0157 17.7037 22.976 14.5968 13.725 6.80176 5.91618 6.26485 
12.0816 17.2033 21.4663 15.5414 14.1293 7.08852 5.88651 6.60314 
11.304 18.7069 20.7332 17.2444 12.4331 6.91268 5.89062 6.77525 
11.7257 18.681 21.7549 17.5159 11.4226 6.71014 5.87373 6.31604 
11.1145 16.7803 21.8184 18.8236 11.2912 6.74675 5.89091 7.53439 
10.6312 16.6354 23.3827 19.137 10.6139 6.54462 5.90529 7.14986 
11.1472 16.3091 23.6784 19.3957 10.5985 6.29607 5.86841 6.70668 
11.4246 16.4524 23.2222 18.3149 10.1929 6.76506 5.91293 7.71504 
10.7784 16.4861 23.175 18.4085 11.0436 6.68649 5.93003 7.49188 
10.2244 17.9134 23.3457 17.1164 11.4559 6.74984 5.93205 7.26242 
10.8234 18.8705 20.9401 17.3944 12.409 6.2844 5.87551 7.40276 
9.76437 17.9174 22.0772 19.1883 12.3429 6.04399 5.83954 6.82638 
9.70281 17.8152 21.8009 20.1322 12.1131 6.27311 5.83457 6.32799 
9.46679 17.479 21.9994 20.2859 11.3313 7.0926 5.88432 6.4607 
8.23449 17.9299 22.2688 20.9745 11.1361 6.93799 5.89621 6.62203 
7.85656 19.1145 20.4293 21.7052 10.6963 6.67412 5.93956 7.58452 
7.14027 20.478 21.0283 20.5956 10.5944 7.40558 5.96764 6.79012 
7.64253 19.4019 21.487 19.8001 10.7271 7.54895 5.92499 7.46746 
7.94274 18.3777 21.2641 20.5291 12.088 7.24519 5.89091 6.66215 
8.26322 17.9872 22.4346 20.8869 11.0869 7.16337 5.84245 6.33536 
8.63805 17.7919 22.698 19.0271 12.0885 7.44434 5.81822 6.49386 
9.16137 17.5671 22.385 19.0856 11.6749 6.98794 5.83704 7.30099 
11.2168 17.708 22.863 16.8655 11.5583 6.58321 5.89335 7.31182 
10.6318 17.0316 24.282 17.1944 10.8025 6.79628 5.86723 7.39423 
10.7625 16.3589 25.9754 17.4207 10.63 6.33932 5.87479 6.63829 
10.9611 17.4792 25.898 16.1502 10.8949 6.12371 5.89145 6.60142 
10.7317 16.2739 24.9353 17.3217 11.4977 6.94313 5.91376 6.3829 
10.422 15.4403 24.8272 18.8856 10.9174 7.29179 5.87823 6.33752 
10.5989 16.0176 23.836 17.2014 11.8164 7.09417 5.8486 7.58686 
12.5936 14.95 23.2121 17.3066 12.1435 7.19414 5.86547 6.73461 
12.212 14.3946 24.7757 17.1354 11.4289 6.94529 5.83452 7.27355 
12.7493 13.9572 25.2084 17.8917 10.3765 6.50295 5.83101 7.48293 
11.539 15.8988 23.0502 17.3966 11.6436 6.42049 5.84978 8.20156 
10.9951 16.6192 22.2139 16.5368 12.7102 6.77319 5.89401 8.25755 
10.7849 15.0912 22.4863 18.4983 12.3321 6.94981 5.93551 7.92188 
9.69869 15.0815 24.1618 19.297 10.9507 7.54189 5.95819 7.31022 
9.77723 14.3917 25.903 18.7831 11.0042 6.65556 5.86371 7.62146 
11.6356 13.7019 24.1563 20.4759 10.9238 6.21935 5.82342 7.06374 
11.3997 13.9768 24.5485 19.3828 12.2315 6.07879 5.88083 6.50099 
10.8521 14.2484 24.4522 19.6446 11.1509 6.66937 5.86782 7.11466 
9.64441 14.4443 24.7571 20.6163 11.2826 6.80863 5.91158 6.535 
9.04756 14.6165 24.5851 22.6321 10.4535 6.45596 5.89006 6.31914 
10.2381 13.3797 24.6735 22.1494 10.5839 6.32322 5.92122 6.731 
9.09631 14.1898 24.7231 21.0747 10.7465 6.34343 5.91516 7.91095 
9.58594 13.1403 25.7117 21.6205 10.2851 6.69816 5.8543 7.10409 
9.56624 12.1787 26.3403 22.7434 9.67715 6.69037 5.91045 6.89333 
9.47795 11.7232 27.6068 20.9961 10.2376 6.5142 5.88949 7.55465 
11.0353 11.2937 27.5071 21.1153 9.81018 6.22006 5.90771 7.11066 
11.0323 12.2645 27.479 21.342 9.1943 6.05121 5.89503 6.7416 
11.3474 11.4672 26.0224 23.0779 9.06365 6.12734 5.92518 6.96882 
10.723 11.6449 26.3117 22.869 8.84217 6.6351 5.91826 7.05584 
