5 80000 300 266
20 20 20 20 20 
19.2757 21.6264 19.5934 20.2287 19.2757 
17.9366 21.8782 20.5851 21.2485 18.3516 
18.2276 21.6093 20.0809 23.8518 16.2305 
18.1004 21.5121 19.0271 24.2586 17.1018 
16.2883 23.7084 19.8945 23.8436 16.2652 
16.6441 22.0542 25.4472 20.8218 15.0326 
15.8879 21.0052 28.9517 20.7179 13.4374 
15.9526 20.0264 29.6274 21.3979 12.9957 
14.7505 19.9057 30.19 21.1291 14.0247 
14.2913 19.8168 27.68 23.9432 14.2686 
12.7612 20.9235 28.2029 22.8787 15.2337 
12.7614 20.0852 28.2228 24.4101 14.5206 
11.3385 19.9582 29.1958 25.6017 13.9059 
10.6261 19.6774 28.0677 26.5939 15.0348 
10.2443 17.9809 31.2357 26.0263 14.5128 
11.3019 17.3051 29.9999 27.2828 14.1103 
11.3527 18.6306 29.9122 26.1414 13.9631 
11.2685 17.9776 29.6491 28.3119 12.7929 
10.5816 17.0941 30.5088 28.3665 13.4491 
11.043 16.6222 30.7411 29.2275 12.3661 
10.419 18.6756 28.6963 30.5591 11.65 
10.9434 19.3149 27.0775 30.8759 11.7883 
10.8445 20.5127 28.3414 29.473 10.8284 
11.6418 21.8417 25.878 29.8585 10.78 
11.0782 21.4354 26.6974 29.2469 11.5421 
10.441 22.3735 27.9456 27.4775 11.7624 
11.1099 20.4415 26.9536 28.4022 13.0927 
11.0482 20.871 27.1539 29.2235 11.7033 
10.4801 19.4663 29.6563 28.4884 11.9089 
10.3376 18.3015 31.314 28.4524 11.5944 
10.391 17.373 31.657 29.2262 11.3527 
11.1427 15.2944 32.2382 30.1417 11.183 
13.175 15.3661 31.2113 28.4349 11.8127 
12.2747 15.6214 31.8379 28.9094 11.3566 
12.4469 15.5488 31.7523 29.0976 11.1545 
11.9927 15.5869 31.5011 28.2507 12.6686 
11.4151 17.0299 28.3121 31.3667 11.8762 
10.884 16.2797 30.7443 30.3892 11.7028 
11.3802 16.4534 31.2866 29.9215 10.9583 
12.0471 17.0286 28.4795 30.9754 11.4694 
11.312 16.9278 29.384 31.1127 11.2635 
11.5517 15.9469 30.3383 31.0892 11.0739 
10.7287 17.6433 28.2587 32.054 11.3153 
10.5013 19.0956 26.8006 32.0088 11.5937 
10.7413 18.8936 29.0545 30.6072 10.7034 
10.3707 18.7151 27.576 31.6451 11.6932 
10.4547 19.0765 28.0737 31.3963 10.9988 
12.0007 18.0358 27.83 31.3385 10.795 
10.9885 19.2317 28.6418 30.7524 10.3856 
10.4008 20.4803 28.6901 30.0958 10.333 
10.6122 19.6519 30.345 29.2832 10.1077 
10.2444 19.3321 28.6293 30.1972 11.597 
11.5699 18.5468 27.575 30.1837 12.1246 
12.7921 16.5181 28.7519 28.8686 13.0694 
12.6751 17.4451 28.4457 28.8529 12.5812 
12.8326 18.1588 29.0513 28.7647 11.1926 
12.6954 16.9864 31.6187 28.1033 10.5963 
11.4079 18.4932 31.3515 27.1842 11.5632 
11.8314 19.9084 30.2591 26.4597 11.5414 
13.9926 17.9029 31.027 25.2811 11.7963 
13.4684 17.454 30.8688 27.1076 11.1012 
13.7367 16.958 32.6334 25.9617 10.7103 
13.3954 18.3312 31.3413 26.6508 10.2813 
14.7288 17.4558 30.308 26.9264 10.581 
15.5462 17.0396 29.9592 27.2294 10.2256 
13.992 17.3506 31.5219 26.9232 10.2123 
13.6792 15.606 31.7263 27.5705 11.418 
14.6027 17.2767 28.6263 27.3379 12.1564 
14.4092 17.5844 30.122 26.414 11.4703 
15.5176 16.9829 31.9314 24.943 10.6251 
14.9193 18.368 30.1632 26.1752 10.3743 
15.5748 17.6919 30.3958 26.1766 10.161 
16.1004 18.5036 30.1123 25.3132 9.97046 
15.6296 17.9315 31.1931 25.1261 10.1197 
14.7627 18.6432 30.1127 25.2181 11.2633 
14.8497 17.676 31.8918 24.128 11.4544 
15.63 16.9149 32.0997 24.2435 11.1118 
16.1483 19.7075 28.5499 25.0384 10.5559 
15.9244 20.361 28.1638 25.3211 10.2297 
15.2793 19.3946 29.5291 25.8042 9.99287 
14.9173 16.9749 30.6675 27.4574 9.98296 
14.5099 16.0516 30.462 28.9851 9.99148 
13.4555 14.4902 31.194 30.9833 9.87701 
12.9777 12.9849 33.3266 30.6702 10.0405 
12.9533 13.4845 31.0433 31.694 10.825 
12.5068 13.2749 32.2302 31.6761 10.312 
11.6938 13.7618 32.6954 31.7707 10.0783 
10.8847 14.1857 33.6021 29.8652 11.4623 
12.7368 14.9178 32.9814 28.7257 10.6383 
11.9695 15.1092 32.2011 30.4831 10.2372 
11.8138 16.881 30.8674 30.397 10.0409 
11.4043 16.163 30.6169 31.8215 9.99426 
11.3322 16.5265 31.9305 30.2539 9.95692 
11.0137 16.151 34.147 28.7633 9.92498 
12.0003 13.9196 34.0865 30.0959 9.89756 
14.6023 12.8738 32.9035 29.6985 9.9219 
13.6571 12.6516 33.6834 30.1035 9.90445 
13.4039 12.3532 33.554 30.8052 9.88373 
12.969 11.2175 35.8506 30.1165 9.8465 
14.5889 12.4769 34.9583 28.1077 9.8683 
15.8542 11.5373 34.1911 28.5919 9.82546 
16.4531 12.9941 31.4019 29.3248 9.82602 
18.6254 12.3375 29.946 29.1923 9.89877 
17.0387 11.5623 30.7164 30.7769 9.90565 
16.2527 10.7145 31.6249 31.5218 9.88616 
16.0872 11.6422 32.4326 30.0067 9.83135 
16.9261 10.8354 32.1189 30.3329 9.78673 
17.8732 10.3334 30.3853 31.599 9.8091 
16.344 10.2593 30.9334 32.6205 9.84282 
15.6579 11.6268 31.0034 31.4232 10.2886 
16.4599 12.361 30.3827 30.7414 10.055 
15.8101 13.1776 32.2467 28.7818 9.98379 
16.9051 13.8745 31.1234 28.1052 9.99189 
18.0621 13.0934 29.6758 29.2178 9.9509 
15.5207 12.4464 31.6521 30.5381 9.84271 
18.2219 12.0694 31.0568 28.1921 10.4598 
17.3006 11.6381 31.764 28.8949 10.4023 
17.7155 11.3431 32.5959 28.1868 10.1587 
17.4163 11.3773 32.6643 28.5078 10.0343 
16.0945 10.6602 34.9401 28.3164 9.98874 
17.9044 12.3301 33.6129 26.1582 9.99437 
17.9342 11.2549 34.4711 26.4025 9.9373 
18.0848 11.3627 34.2944 26.2895 9.96865 
20.5454 10.7427 33.4049 25.4147 9.8923 
19.3922 11.8179 32.1112 26.8583 9.82036 
20.1191 12.5555 32.6719 24.7584 9.89508 
18.5444 11.5808 33.9117 26.0156 9.94754 
20.0084 10.6984 32.9068 26.5047 9.88174 
22.6168 10.3041 33.1201 24.0632 9.89583 
21.0468 10.3846 32.2577 26.4211 9.88977 
23.0234 10.1265 30.1091 26.8619 9.8791 
22.3267 9.9222 31.3555 26.5971 9.79848 
21.9418 10.2006 32.4442 25.574 9.83936 
20.8546 10.0422 34.6814 24.5603 9.86154 
19.9289 10.0055 33.5401 26.6103 9.91519 
21.0092 10.3759 33.3372 25.3947 9.88297 
20.6561 10.1879 32.1231 27.0913 9.94149 
21.0876 9.99904 29.6692 29.2102 10.034 
21.2693 9.88911 30.4497 28.4852 9.90661 
19.582 11.0849 32.067 27.4005 9.86558 
20.7141 11.5425 32.0335 25.8541 9.85587 
21.9558 10.6302 32.3177 25.3095 9.78687 
23.3962 10.217 31.5183 25.073 9.7954 
24.2394 11.0491 30.9407 23.9227 9.84819 
23.4049 10.3835 33.3387 23.0899 9.78303 
24.4413 10.2873 33.0706 22.373 9.82782 
25.0496 10.0779 33.4761 21.5483 9.84812 
25.3961 9.98942 32.5796 22.1603 9.87456 
23.9358 9.8807 33.0651 23.2951 9.82327 
25.1898 9.80357 31.7301 23.5017 9.77486 
27.659 9.86974 30.7689 21.847 9.85538 
24.4064 10.0631 33.1729 22.462 9.89564 
25.4845 10.0315 32.8365 21.6997 9.94782 
25.4005 9.92083 30.9752 23.8245 9.87897 
25.0379 9.83055 32.3707 22.9512 9.80962 
23.8042 9.77421 33.7402 22.9176 9.76374 
23.2728 9.87153 30.733 26.2563 9.86629 
24.5932 9.91915 31.4795 24.0916 9.91654 
22.7617 9.94296 34.0122 23.3415 9.94166 
23.6732 9.95487 30.4612 25.9565 9.95422 
22.6303 10.2155 32.5322 24.7243 9.89774 
22.6055 10.1078 32.879 24.4589 9.94887 
21.4356 10.0373 32.3863 26.1829 9.95782 
21.6856 10.0186 32.9674 25.3495 9.97891 
21.5461 9.90228 32.8445 25.8246 9.88242 
20.9642 9.88745 33.9382 25.3327 9.87752 
21.8239 9.8958 33.1033 25.2862 9.89084 
21.8495 9.9479 31.2391 27.0181 9.94542 
20.2307 9.86354 32.3388 27.7046 9.8623 
19.8873 9.81776 31.4789 28.9989 9.81714 
20.7717 10.3229 31.8222 27.2383 9.84488 
20.8859 10.1614 31.4111 27.6191 9.92244 
21.6317 9.97583 32.4888 26.0473 9.85632 
23.6583 9.95367 31.4841 25.01 9.89392 
24.5251 9.83577 30.7891 25.0442 9.80589 
24.4619 9.9007 30.8585 24.8932 9.88576 
22.1982 9.85231 33.2397 24.8649 9.84484 
22.1751 9.83122 33.2338 24.9325 9.82748 
23.4273 9.88356 31.04 25.7675 9.88169 
22.8787 9.95796 31.3776 25.9906 9.79521 
21.5032 9.93106 31.5035 27.2125 9.84968 
21.3523 9.91252 30.4161 28.4473 9.87184 
20.3045 9.85491 32.6067 27.3993 9.83457 
20.6024 9.91138 32.7021 26.8829 9.90121 
24.0643 9.83374 29.7657 26.5077 9.82865 
22.5955 9.84645 31.08 26.6341 9.8439 
25.3547 9.90543 31.1984 23.6373 9.90416 
23.3553 9.86797 35.0907 21.8187 9.86733 
24.3736 9.79292 34.003 22.0379 9.7926 
24.8878 9.88038 32.2748 23.0768 9.88022 
25.1062 9.81032 33.8322 21.441 9.81024 
25.0146 9.82824 32.3007 23.0282 9.8282 
23.7253 9.88207 31.535 24.9756 9.88205 
24.3227 10.3723 31.9017 23.5102 9.8931 
23.9994 10.1706 30.9041 24.995 9.93097 
22.9372 10.0853 31.3896 25.6225 9.96549 
23.2809 9.89702 32.3614 24.6235 9.83711 
26.1829 9.85047 31.7036 22.4425 9.82052 
26.3222 9.84831 31.5441 22.452 9.83334 
25.1352 9.77852 32.1151 23.2001 9.77104 
24.6244 9.8538 31.8377 23.8341 9.85006 
24.7683 9.83918 31.7083 23.8469 9.83731 
22.4524 9.8684 33.2603 24.5514 9.86746 
21.2262 9.9342 34.1302 24.7757 9.93373 
23.4894 9.8166 32.7841 24.0935 9.81636 
23.5545 9.81627 32.8031 24.01 9.81616 
23.0189 9.77391 32.8445 24.5889 9.77385 
23.4521 9.82326 33.4605 23.4409 9.82323 
25.3063 9.8499 31.5451 23.4489 9.84989 
26.1344 9.87376 30.6189 23.4992 9.87375 
26.473 9.82818 32.1573 21.7134 9.82818 
29.9032 10.5281 31.8681 17.8742 9.82637 
28.9376 10.1592 30.6194 20.4756 9.80829 
29.8272 10.0284 31.8626 18.4289 9.85295 
28.2686 9.90019 33.6837 18.335 9.81247 
29.6031 9.95009 31.8419 18.6987 9.90623 
28.6002 9.84518 32.4794 19.252 9.82325 
28.216 9.77696 33.5536 18.6875 9.76599 
28.108 10.1192 32.7768 19.1899 9.80607 
26.3804 9.92074 32.3606 21.5741 9.76415 
27.1773 9.94429 32.2575 20.7549 9.866 
29.4617 9.89278 30.7319 20.06 9.85363 
29.1168 10.5604 32.0326 18.451 9.8391 
29.6747 10.2636 33.2921 16.8667 9.90294 
30.0832 10.0498 32.8755 17.1219 9.8695 
30.0886 9.88385 32.7387 17.4951 9.79368 
31.4481 9.83152 31.9845 16.9494 9.78643 
30.2855 10.3544 32.1326 17.4221 9.8055 
29.7329 10.0952 32.7876 17.5635 9.82078 
28.0158 9.91773 33.2769 19.009 9.78052 
28.3161 9.83308 33.6196 18.4668 9.76447 
29.3421 9.82452 32.454 18.5892 9.79021 
28.8883 9.86433 31.8819 19.5183 9.84718 
28.1428 9.89792 31.3519 20.718 9.88934 
28.6139 9.85092 31.3622 20.3263 9.84663 
27.6849 9.94218 30.3968 22.2033 9.77281 
27.9408 9.88912 31.5919 20.7738 9.80444 
25.6653 9.85982 32.2366 22.4208 9.81747 
25.6725 10.0659 32.7346 21.6334 9.89363 
27.8363 10.0329 31.0447 21.1393 9.94682 
28.544 9.94844 31.5088 20.0934 9.90538 
26.981 9.82372 33.4801 19.9129 9.80219 
25.8699 9.89578 33.2996 21.0497 9.88502 
28.5298 9.93181 31.28 20.3319 9.92643 
26.9797 10.1205 30.5885 22.3653 9.94603 
26.8562 10.5058 31.3008 21.4137 9.92351 
28.185 10.114 31.6226 20.2554 9.82287 
27.4823 9.97226 33.2689 19.4498 9.82669 
27.3775 9.97147 33.2034 19.5489 9.89868 
27.5689 9.87532 33.3209 19.3959 9.83893 
27.5831 9.80779 34.5176 18.3019 9.7896 
29.0513 9.93636 32.1939 19.0535 9.76493 
27.2216 9.82712 32.8681 20.3418 9.7414 
27.8736 9.88151 32.2994 20.1068 9.83865 
27.8346 9.89283 33.7216 18.6796 9.8714 
27.1723 9.81219 32.6326 20.5814 9.80147 
26.1264 10.2116 32.0719 21.7055 9.88466 
27.5683 10.0546 31.9063 20.5797 9.89113 
26.4486 9.9615 31.4137 22.2964 9.87978 
24.93 9.83025 32.262 23.1884 9.78939 
23.965 10.4151 32.7977 22.9275 9.89469 
23.4579 10.4535 31.4808 24.7424 9.86538 
24.6683 10.658 30.7564 24.0326 9.88477 
25.6793 10.6671 29.9689 23.7601 9.92459 
27.8216 12.0122 30.6884 19.6418 9.83594 
25.462 12.1117 31.5158 21.042 9.86847 
20 20 20 20 20 
18.6298 19.2885 21.0013 20.8037 20.2767 
20.363 18.2845 20.8406 20.6001 19.9117 
24.2463 16.3587 21.6869 19.7257 17.9824 
23.3603 16.5299 23.4208 20.7907 15.8984 
21.448 17.1624 25.4435 20.8402 15.1059 
20.4549 15.517 26.5934 22.4284 15.0064 
19.6344 17.1655 27.4071 20.0077 15.7854 
17.129 16.7548 29.1874 20.864 16.0647 
16.8461 16.659 29.9146 21.4051 15.1752 
17.4166 15.3959 27.9123 23.6576 15.6176 
16.2246 17.0661 30.296 22.9399 13.4733 
14.307 17.4932 29.6392 24.7443 13.8163 
14.3607 19.67 27.9953 23.183 14.791 
13.7414 20.2423 27.7985 23.0168 15.2009 
13.9359 20.1211 26.8341 25.2041 13.9048 
12.1442 20.3029 28.395 26.2584 12.8995 
11.5045 19.7967 29.7186 26.7656 12.2147 
10.8609 18.7027 31.0549 26.535 12.8465 
11.0472 19.1531 29.5143 27.4745 12.8109 
13.0353 18.7315 27.5506 28.526 12.1566 
13.6444 19.6599 28.2549 26.9327 11.5082 
13.2995 19.489 29.0138 26.1936 12.0041 
12.7766 18.8255 29.9336 26.2259 12.2384 
13.2849 17.2791 31.1306 25.7207 12.5847 
11.7912 17.6785 32.8422 24.6453 13.0429 
13.0384 20.3348 30.8184 23.1485 12.6599 
13.0552 20.1892 30.5508 23.5568 12.648 
13.1004 20.4232 27.5994 25.7456 13.1315 
13.8561 20.828 27.8408 26.0006 11.4744 
13.0955 22.859 27.3565 24.6743 12.0148 
13.7074 22.6971 25.8848 26.539 11.1717 
12.6008 22.1531 25.4711 29.2465 10.5284 
11.3566 22.0878 28.803 27.4323 10.3204 
10.5781 22.0684 29.6576 26.7451 10.9508 
13.3575 21.3031 28.7652 25.4752 11.0989 
14.2445 21.0682 28.4177 24.9087 11.3608 
12.6778 22.2239 27.982 25.0701 12.0462 
11.5265 24.0259 27.4568 24.1244 12.8663 
11.786 23.7175 29.0693 23.6531 11.7741 
11.5452 22.837 28.9912 24.6527 11.974 
12.8148 22.0993 29.0496 24.5329 11.5034 
12.9742 21.1879 26.852 27.3586 11.6273 
11.407 19.6328 28.3001 28.2102 12.4498 
12.0166 18.9073 29.5541 28.3728 11.1491 
12.3865 18.5653 30.4946 26.8288 11.7249 
12.0827 15.8932 31.2329 28.9192 11.8721 
12.7234 14.5134 32.3215 29.2061 11.2356 
12.7662 16.5826 30.8799 28.5357 11.2358 
13.308 18.1504 29.5244 27.4134 11.6038 
14.2055 16.3979 27.8057 28.352 13.239 
13.1178 17.3468 25.557 29.4642 14.5142 
13.3926 17.6711 26.2181 28.6273 14.0908 
12.1487 17.5363 28.4223 27.8867 14.006 
11.9985 15.4032 28.6661 29.7017 14.2305 
11.3983 16.2697 29.4739 30.2264 12.6317 
10.6992 16.203 30.8733 30.5678 11.6567 
10.3013 15.1063 31.4995 31.1051 11.9878 
10.116 15.4054 30.7613 31.026 12.6914 
9.98588 17.3181 31.0056 30.4169 11.2736 
10.511 17.8933 32.0569 28.7219 10.817 
10.9664 17.921 32.6951 27.7642 10.6532 
10.971 19.4483 31.2256 28.0285 10.3266 
10.4267 19.7242 30.554 28.9554 10.3398 
11.4941 17.7438 30.0553 30.6107 10.096 
11.4401 16.0501 30.1267 31.5182 10.8648 
10.8172 18.2192 29.5051 30.3222 11.1363 
10.3012 19.0142 29.9077 29.9582 10.8187 
10.6762 18.2672 29.2396 31.4212 10.3959 
11.7737 16.9306 31.4515 29.572 10.2722 
11.4839 15.8036 32.7655 29.3382 10.6087 
12.0871 15.516 33.2609 28.8823 10.2536 
12.0338 15.3375 33.1341 28.4998 10.9948 
11.7585 15.085 33.5527 28.9628 10.6409 
12.2322 15.1896 34.6587 27.6579 10.2616 
12.911 14.7743 32.9704 28.5725 10.7718 
11.8609 13.6525 34.9127 29.274 10.2999 
12.133 12.649 34.6715 30.4598 10.0867 
12.031 12.5428 33.7063 31.7273 9.99257 
12.2036 13.3258 33.1898 31.334 9.94678 
12.6841 12.8655 34.3164 30.2239 9.9101 
11.3289 12.8632 34.7435 31.1225 9.94193 
12.2707 12.3901 34.8588 30.5871 9.89324 
15.4229 12.1747 34.2233 28.2707 9.90845 
15.8568 12.6036 33.0264 28.421 10.0921 
16.0649 13.126 33.0487 27.7276 10.0329 
16.523 13.7058 33.1011 26.667 10.003 
17.2325 13.845 32.9094 26.1303 9.88276 
17.5836 14.8029 31.9438 25.8369 9.83268 
16.8563 14.7939 31.9665 26.4937 9.88946 
16.0282 14.3303 30.9166 28.8469 9.87806 
13.8249 14.1922 32.2151 29.8288 9.93903 
14.3059 12.3592 34.278 29.2001 9.85673 
15.12 11.6741 33.2104 30.122 9.87342 
14.2176 10.7284 35.8987 29.3273 9.82802 
15.5058 10.326 37.0333 27.2591 9.87584 
15.5335 11.0304 36.2462 27.2775 9.91241 
14.7404 10.5152 38.1231 26.6651 9.9562 
15.5669 10.5855 36.9577 26.9937 9.89614 
16.375 11.3491 33.9718 28.0039 10.3002 
16.0124 11.1122 33.8294 28.9887 10.0573 
16.6839 12.1677 33.1682 27.993 9.9873 
16.9055 11.8849 31.5012 29.7423 9.96603 
14.3187 12.3671 32.231 31.212 9.87128 
13.2404 12.3997 32.7371 31.6871 9.93564 
12.7249 11.4324 34.6825 31.2505 9.90968 
13.1471 11.3209 33.5655 32.1444 9.8221 
14.7607 10.7774 32.1336 32.4465 9.88181 
13.2716 12.0352 32.5321 32.2353 9.9258 
13.0918 11.6495 32.6122 32.7385 9.90795 
12.5631 11.9852 32.925 32.7016 9.82504 
14.6389 10.8917 32.889 31.7687 9.81165 
14.568 10.9192 32.7167 32.0086 9.78748 
16.9046 10.7442 32.754 29.8254 9.77179 
17.6591 10.3296 32.9492 29.2187 9.8434 
15.774 10.8592 33.9746 29.4704 9.9217 
16.2982 11.5044 32.2521 30 9.94527 
16.41 10.6797 32.213 30.7971 9.90017 
16.1822 10.753 33.7703 29.3587 9.93584 
17.2503 11.2323 32.5008 29.0937 9.92288 
18.0617 11.8134 33.7152 26.5187 9.89102 
17.7086 10.8654 35.0394 26.4825 9.90419 
16.8543 11.5755 33.8054 27.8127 9.95209 
16.7129 11.9306 33.1884 28.1921 9.97605 
16.5167 12.0484 32.4696 29.0812 9.88417 
16.2886 11.4787 32.2954 29.9951 9.94208 
18.1146 10.9477 31.3263 29.7297 9.88176 
18.469 10.4739 32.4278 28.6884 9.94088 
18.4831 11.1618 31.6763 28.7951 9.88373 
19.0603 10.5658 31.3971 29.0501 9.92676 
21.1866 11.4179 30.4225 27.1017 9.87136 
20.6543 11.3492 30.4551 27.7277 9.81373 
21.8545 10.5737 30.9336 26.8321 9.806 
19.6992 10.55 32.1335 27.7436 9.87376 
20.0266 10.1423 32.2909 27.7361 9.80414 
19.7694 10.1016 33.8284 26.5205 9.78012 
20.1526 9.96152 33.2832 26.8019 9.80077 
22.0941 10.0253 33.2588 24.8253 9.79653 
21.5576 9.96759 31.6444 26.9772 9.85322 
21.5724 9.90443 32.0127 26.6632 9.84724 
21.3208 10.4554 34.5598 23.8662 9.79784 
20.5133 11.11 34.1917 24.286 9.89892 
21.0591 10.4933 33.2995 25.2603 9.88773 
23.9167 10.4079 30.3594 25.3721 9.94387 
23.3646 10.3602 31.8985 24.4048 9.97193 
23.0885 10.4926 32.3555 24.0774 9.98597 
22.4138 10.8364 32.6374 24.1505 9.96193 
24.8287 10.3861 30.1007 24.7355 9.94891 
25.223 11.2116 30.1738 23.4789 9.91273 
25.9561 11.518 30.9653 21.7056 9.85501 
26.8758 11.35 31.9363 19.9583 9.87958 
30.6457 10.5451 32.0396 16.9596 9.80992 
31.5524 10.1906 31.7575 16.6765 9.82299 
29.9756 10.0802 33.4014 16.6464 9.89639 
30.0968 10.0245 32.277 17.669 9.93262 
28.3713 9.8712 33.8501 18.0822 9.82524 
29.8999 9.85623 31.8457 18.5649 9.83326 
27.6562 10.2086 31.9294 20.3385 9.86712 
26.6446 10.0094 32.4204 21.087 9.83863 
25.6898 10.305 32.6413 21.4976 9.86631 
27.8799 10.2225 31.8801 20.1893 9.82826 
25.837 10.5775 32.9818 20.7056 9.89805 
24.4445 10.1589 34.3481 21.2294 9.81916 
25.9477 9.98139 32.6969 21.5624 9.81154 
26.8979 9.89576 31.3801 22.0154 9.81083 
25.5849 9.80225 31.3858 23.4672 9.75979 
25.7795 9.77125 31.9267 22.7726 9.75002 
27.5655 9.83443 31.3217 21.4546 9.82382 
26.3235 9.80321 32.7618 21.3136 9.7979 
25.7863 9.88499 32.3278 22.1186 9.88234 
25.8126 9.97605 31.4323 22.972 9.80694 
24.7484 10.4157 31.6701 23.3281 9.83768 
22.5653 10.1441 31.7586 25.6768 9.85515 
20.8144 9.92157 34.274 25.213 9.77707 
22.2534 9.88386 33.4447 24.6065 9.81161 
22.96 9.94193 31.389 25.8032 9.90581 
27.8469 9.82708 32.0614 20.4556 9.80902 
29.7731 9.8155 32.3706 18.2343 9.80647 
30.2964 9.82578 31.923 18.1336 9.82127 
30.3359 9.8617 32.685 17.2579 9.85944 
31.9524 9.87784 31.8902 16.4028 9.87672 
30.3532 9.891 33.3573 16.5081 9.89043 
28.964 9.92889 32.9577 18.2208 9.92861 
26.2943 9.81881 33.9546 20.1137 9.81867 
26.3779 9.83248 31.9004 22.0568 9.83241 
24.5308 10.1878 33.3623 22.0508 9.86828 
26.1062 9.93819 34.3282 19.8489 9.77843 
26.5088 9.86206 34.1366 19.7104 9.78218 
28.9079 10.0982 31.8099 19.4297 9.75431 
27.5853 9.93126 32.4033 20.3209 9.75931 
28.1271 9.91443 30.5361 21.5939 9.82846 
25.2599 9.86519 32.2926 22.7601 9.82221 
23.5624 9.91652 31.5804 25.0457 9.89503 
23.5868 10.1666 32.2832 24.1548 9.80862 
25.7357 10.0512 31.8468 22.4941 9.87226 
26.1691 10.1538 31.1477 22.6252 9.90408 
26.9735 9.93802 30.1572 23.1182 9.81315 
27.7959 9.90322 30.5391 21.9209 9.84079 
27.1568 9.90369 31.4037 21.6633 9.87247 
28.7727 9.89884 31.0729 20.3723 9.88323 
26.4612 10.0515 32.2031 21.4106 9.87359 
25.7306 9.95994 32.5489 21.8895 9.871 
26.2203 9.86596 33.7012 20.391 9.8215 
26.5653 9.91637 31.8008 21.8234 9.89414 
28.5076 9.80248 30.0872 21.8114 9.79136 
29.69 9.9348 30.8154 19.7983 9.76145 
31.9359 9.87649 31.2259 17.1719 9.78982 
32.0276 9.90513 31.507 16.6985 9.8618 
31.3059 10.1072 31.7329 16.9403 9.91372 
32.6742 10.0181 33.7742 13.612 9.9214 
31.7608 9.92432 34.5142 13.9246 9.87595 
31.4465 9.83638 35.0244 13.8806 9.81219 
32.443 9.85449 33.1173 14.7428 9.8424 
31.4846 9.83953 33.4008 15.4416 9.83348 
27.9645 9.8404 34.7956 17.5621 9.83738 
26.079 9.9202 34.9785 19.1036 9.91869 
26.2502 9.8096 33.2083 20.923 9.80884 
25.3325 9.7543 31.3199 23.8394 9.75392 
24.0081 10.3085 31.1551 24.6993 9.82904 
23.1527 10.0529 32.6384 24.3429 9.81317 
24.6121 10.0264 29.5335 25.9214 9.90658 
23.9727 10.0132 30.9334 25.1274 9.95329 
24.1024 10.2967 31.1664 24.5091 9.92545 
27.6762 10.0095 30.5137 21.9768 9.82384 
28.1479 9.88689 31.0818 21.0894 9.79407 
27.7994 9.84541 33.6781 18.878 9.799 
28.3478 9.79283 33.2352 18.8546 9.76963 
28.8513 9.89642 33.5531 17.8144 9.88481 
30.7196 9.90028 32.4315 17.0542 9.89448 
30.275 9.8654 32.3174 17.6796 9.8625 
32.325 9.79381 32.999 15.0898 9.79236 
31.014 9.8474 31.681 17.6109 9.84667 
31.2391 9.90812 33.1302 15.8148 9.90776 
30.1958 9.86932 33.6838 16.382 9.86913 
28.891 9.93466 32.3591 18.8806 9.93457 
30.1989 9.93308 33.4741 16.4609 9.93304 
29.3852 9.88718 34.991 15.8495 9.88715 
28.7113 9.92801 33.5391 17.8936 9.928 
29.2041 9.96401 31.618 19.2498 9.964 
28.8878 9.90264 31.5233 19.7836 9.90264 
30.8672 9.87833 31.2726 18.1035 9.87832 
33.3726 9.901 32.8119 14.0136 9.90099 
34.5096 9.84009 32.0211 13.7891 9.84009 
33.6908 9.76433 32.4465 14.334 9.76433 
32.7213 9.80917 35.5663 12.094 9.80917 
33.3675 9.83656 34.79 12.1695 9.83656 
32.2601 10.2142 34.3732 13.2498 9.9027 
31.2913 10.4297 33.9608 14.3669 9.95135 
31.5853 10.0806 32.2488 16.2438 9.84145 
31.5303 9.95834 31.2064 17.4662 9.83876 
29.5985 9.97917 33.4365 17.0664 9.91938 
30.3548 9.91022 32.4326 17.4221 9.88032 
30.6726 10.2267 32.6699 16.5385 9.89224 
31.0195 10.0823 31.8629 17.1202 9.91506 
32.5201 10.024 33.2854 14.2302 9.94035 
33.7177 9.92723 32.5749 13.8948 9.88543 
32.9416 9.89992 33.1664 14.113 9.87902 
32.746 9.81573 34.3685 13.2645 9.80528 
31.9552 9.87362 33.965 14.3378 9.86839 
28.844 10.3114 33.9206 17.1037 9.82019 
27.7132 10.3772 34.9983 17.0962 9.81516 
28.2766 10.0475 34.8973 17.012 9.76651 
29.4344 9.95798 33.4026 17.3876 9.81747 
29.1582 9.94794 32.6951 18.3211 9.87768 
28.0342 9.95736 32.6266 19.4596 9.92223 
27.606 9.85673 30.2506 22.4476 9.83916 
26.303 9.79849 32.6578 21.451 9.78971 
20 20 20 20 20 
19.5174 22.9357 18.9142 19.9196 18.7131 
20.2715 21.7883 17.9186 21.947 18.0745 
21.6931 21.9597 16.5003 22.5309 17.3159 
21.0059 20.442 19.8039 23.118 15.6301 
18.4667 21.1081 21.0915 24.563 14.7707 
15.7356 22.3254 23.2139 24.3891 14.336 
15.7207 21.6001 25.9211 22.9302 13.828 
14.8169 22.3218 26.1127 22.8781 13.8705 
14.4748 24.9724 26.7609 20.2185 13.5734 
13.8968 24.0583 27.9001 20.5896 13.5553 
13.8301 24.1797 28.8963 21.3701 11.7239 
14.6599 22.2265 29.824 22.0746 11.215 
14.521 20.7762 30.9794 23.1721 10.5513 
14.4853 20.3652 30.9714 23.1686 11.0096 
12.663 19.9171 30.0874 25.1905 12.142 
13.1965 20.0272 29.9179 24.0369 12.8216 
11.9593 20.9545 30.8233 24.1629 12.1001 
12.3602 20.106 30.4928 26.0025 11.0384 
12.2371 20.3856 28.4293 27.3718 11.5762 
11.919 21.2137 26.9757 28.1871 11.7046 
11.5531 20.0817 28.6705 28.3629 11.3317 
10.992 18.8844 29.528 29.3742 11.2214 
11.6302 18.8172 31.6621 27.3028 10.5876 
12.6333 18.6191 32.3382 25.972 10.4373 
14.65 19.3096 29.9786 25.8431 10.2187 
13.2969 18.3199 31.7341 25.8021 10.847 
11.9178 19.4644 29.9185 27.3039 11.3954 
11.8342 17.8857 30.6667 28.6399 10.9735 
12.4839 18.505 33.0753 25.1495 10.7863 
13.0865 18.0692 31.7349 26.1478 10.9616 
12.9503 17.9542 33.3297 25.3855 10.3803 
12.6523 17.7184 32.9819 26.5622 10.0853 
12.5761 17.2342 31.7409 27.5311 10.9176 
13.0766 16.0583 31.9279 28.387 10.5502 
13.5313 16.4208 31.4651 27.9464 10.6364 
12.203 16.6028 30.6262 30.0488 10.5191 
12.5807 15.8809 31.45 29.9388 10.1495 
12.8498 15.7375 30.7003 30.6872 10.0253 
12.9153 13.7582 31.2155 32.1705 9.94052 
11.4213 14.143 30.2567 34.2451 9.93394 
10.6102 14.3579 31.3344 33.8311 9.86647 
10.4022 14.3392 31.0798 33.7845 10.3944 
10.129 12.6984 32.2466 33.3586 11.5674 
10.3914 13.371 32.9514 32.4178 10.8684 
11.5787 13.8959 31.4875 32.6392 10.3988 
12.0234 13.0548 30.6293 33.7496 10.5429 
11.2684 13.0066 30.8403 33.8675 11.0172 
12.9002 12.4146 29.5827 33.9288 11.1736 
13.7672 15.1098 29.6694 30.8668 10.5868 
12.3699 14.288 31.917 30.7701 10.655 
13.8873 13.0187 31.6243 31.1814 10.2883 
13.3006 12.6218 33.0493 30.9941 10.0341 
12.7628 13.8904 33.1506 30.0447 10.1515 
13.1483 14.7146 32.4901 29.4334 10.2136 
13.4087 14.7914 32.7918 28.6256 10.3826 
14.6312 15.0786 32.6154 27.4835 10.1913 
16.9064 14.5726 33.3154 24.995 10.2107 
14.8602 15.5777 34.8738 24.6834 10.0049 
16.0794 15.3718 32.8397 25.7303 9.97874 
17.1306 15.2617 30.8138 26.8803 9.91361 
16.54 14.7194 32.2423 26.6047 9.89351 
15.2254 15.8899 31.213 27.7381 9.93363 
13.0834 16.8508 31.6371 28.3728 10.0559 
15.1493 14.1216 32.0211 28.4902 10.2178 
14.4921 15.92 30.695 28.8082 10.0846 
13.8013 16.7004 32.1855 26.872 10.4408 
16.1007 17.0169 29.8261 26.9027 10.1537 
15.8961 15.8223 30.4716 27.4141 10.396 
16.198 15.9111 29.1108 27.707 11.073 
15.612 17.5411 28.8041 26.6774 11.3655 
15.7487 18.2757 26.6416 28.3126 11.0213 
16.4203 18.5766 28.1167 26.4012 10.4851 
17.099 17.6834 29.8608 25.1759 10.1808 
17.6787 16.426 31.2226 24.6666 10.0062 
17.1281 17.8386 29.3813 25.7023 9.9496 
17.3204 17.5488 29.4115 25.7953 9.92404 
16.8292 15.8166 30.4804 26.9822 9.8916 
16.3876 14.6651 30.9159 28.0857 9.9458 
17.345 14.0965 30.7099 27.9686 9.88006 
17.3741 14.3687 31.7914 26.5533 9.91241 
17.3827 15.2006 31.6566 25.9125 9.84751 
17.6832 14.4123 30.4059 27.6702 9.82839 
17.3051 15.0187 31.3488 26.4653 9.86211 
15.6796 16.6985 30.4041 27.2867 9.93105 
13.7922 16.8149 31.7365 27.7968 9.85971 
15.4596 15.7279 30.7854 28.1249 9.90223 
14.6743 16.3362 31.3649 27.6736 9.95111 
13.2511 16.0982 32.2147 28.4873 9.94868 
14.0668 14.9682 33.9925 27.0374 9.93517 
15.4573 14.821 33.7082 26.1546 9.85889 
15.0038 14.4211 32.9917 27.7598 9.82363 
15.328 12.5729 33.5973 28.6625 9.83935 
17.4955 11.2022 33.5121 27.9549 9.8354 
18.1494 10.5868 32.4256 28.9347 9.90346 
18.0178 11.12 32.744 28.2885 9.82978 
17.201 11.2097 34.0273 27.7036 9.85839 
15.723 10.5906 35.9595 27.8119 9.91495 
17.0282 10.8509 34.7853 27.3782 9.95748 
18.3259 11.205 33.9249 26.5923 9.95186 
18.2539 10.5878 34.2645 26.9325 9.96127 
19.7415 10.1822 33.892 26.3154 9.8689 
18.7993 11.5471 34.8032 24.9709 9.87951 
18.164 11.8081 33.4935 26.7096 9.82481 
19.8396 11.5101 32.3528 26.3851 9.91241 
19.3044 11.755 32.4841 26.5772 9.87928 
19.4414 13.7088 29.6457 27.2946 9.90952 
20.0237 13.6726 29.2168 27.1322 9.95476 
18.0927 13.7387 30.0966 28.2125 9.85953 
19.6713 14.2131 28.3296 27.8563 9.92977 
18.3617 12.4534 31.7948 27.512 9.87818 
17.3237 11.941 32.4688 28.3274 9.93909 
18.0821 13.0719 30.4373 28.5115 9.89708 
18.3534 12.4099 31.2645 28.1526 9.8196 
19.3511 11.1468 30.8939 28.7565 9.85166 
20.5451 10.7908 31.389 27.4217 9.85337 
19.3369 10.5124 34.4079 25.8454 9.89744 
18.6899 10.6079 34.6352 26.2254 9.84169 
18.6437 10.4869 33.4761 27.5944 9.79889 
19.5259 10.4912 34.5223 25.6048 9.85571 
21.0389 11.1803 32.9882 24.9686 9.824 
21.1704 10.4718 34.3935 24.1707 9.79366 
22.0558 10.2359 32.932 24.8795 9.89683 
21.929 10.6412 33.9079 23.6316 9.89027 
20.5919 10.2896 33.8794 25.3251 9.91408 
21.124 10.0811 33.9779 24.9237 9.89335 
20.3143 9.9941 34.1716 25.6197 9.90023 
18.3076 10.6397 33.857 27.3867 9.80905 
19.7692 10.2429 32.7746 27.3856 9.8276 
18.0577 10.0894 34.8168 27.1544 9.88175 
19.4518 10.7849 32.3631 27.4745 9.92577 
21.3677 10.3178 32.0024 26.4238 9.88826 
20.3412 10.6106 33.1352 25.9845 9.92855 
20.2345 10.2574 32.0628 27.529 9.91635 
20.9606 10.5504 31.694 26.8669 9.92806 
20.0258 10.2752 33.4228 26.3122 9.96403 
20.7272 10.1065 31.9288 27.2866 9.95096 
19.566 10.268 30.9951 29.2874 9.88345 
17.9335 10.3064 32.2687 29.6907 9.80066 
17.7718 10.4991 31.5432 30.4114 9.77454 
17.4475 10.2153 31.6962 30.7879 9.85303 
17.2952 10.0283 32.6735 30.1559 9.84715 
18.0322 10.3988 31.8752 29.8472 9.84665 
17.2953 10.0695 33.3077 29.534 9.79346 
18.1356 10.0046 32.0153 29.9778 9.86661 
18.6832 9.97027 31.3923 30.053 9.90125 
18.0447 9.93394 31.7371 30.3849 9.89943 
18.5385 9.96697 31.675 29.8699 9.94972 
17.5759 9.93556 31.4925 31.0691 9.92693 
17.7337 9.91986 31.7207 30.7103 9.91554 
16.2336 9.81886 32.945 31.1859 9.81671 
15.5771 9.9888 31.8693 32.7358 9.82899 
14.3381 9.94647 33.5065 32.3423 9.86657 
15.6065 9.97324 33.0033 31.4837 9.93329 
15.3268 10.3158 32.3324 32.1995 9.82558 
14.1634 10.1579 31.8328 33.9331 9.91279 
16.3766 10.0469 31.9421 31.7101 9.92434 
15.8806 10.1004 32.1249 32.0089 9.88525 
15.9592 9.9244 31.314 32.9856 9.81684 
16.508 9.8117 31.8777 32.0446 9.75792 
18.5665 9.90585 30.1576 31.4911 9.87896 
17.8078 10.3628 30.4886 31.4832 9.85751 
18.8398 10.1493 30.6289 30.4852 9.8967 
19.5574 10.0575 29.5756 30.8783 9.93117 
18.3357 9.89451 30.5596 31.3788 9.83136 
18.9652 9.84591 30.9893 30.3853 9.81433 
17.3593 9.88871 31.933 30.9461 9.87292 
17.9934 9.84631 31.4894 30.8325 9.83842 
17.33 9.85513 32.5814 30.3822 9.85118 
17.3029 9.91095 33.4003 29.4768 9.90898 
18.153 9.9399 32.2765 29.6917 9.93891 
19.394 10.208 30.7414 29.7665 9.89009 
18.8349 10.104 30.3707 30.7453 9.94505 
20.0818 9.94712 29.8707 30.2328 9.86763 
19.1625 10.21 30.6448 30.1502 9.83246 
19.4225 10.0257 30.7192 29.9957 9.83687 
20.2464 9.86233 30.7442 29.3791 9.76793 
19.9894 10.1151 28.9173 31.2448 9.73346 
17.6072 10.2479 30.3756 32.0584 9.71102 
18.3505 9.9783 33.6344 28.3269 9.70988 
20.9302 9.95604 32.049 27.2429 9.82183 
20.0626 9.93158 32.8976 27.2438 9.86447 
19.1529 9.86444 33.8474 27.3043 9.83089 
19.1306 9.86852 32.0511 29.098 9.85175 
19.4091 9.93426 31.6506 29.0803 9.92587 
19.8055 11.5328 29.7983 29.0182 9.84509 
20.3679 10.7498 29.1849 29.7915 9.90593 
19.0948 10.3254 31.7542 28.9222 9.90346 
18.3709 10.2711 31.0474 30.4054 9.90529 
17.5456 10.1194 32.5655 29.8329 9.93657 
18.5829 9.96479 31.3144 30.2646 9.87335 
19.8778 9.86839 30.8038 29.6274 9.82267 
19.8488 9.88915 30.7172 29.6786 9.86629 
18.1502 9.94457 31.8102 30.1619 9.93314 
18.1979 9.88457 31.3437 30.695 9.87885 
19.9464 9.85754 30.2481 30.0932 9.85468 
22.2374 9.80298 29.7467 28.4114 9.80155 
22.6976 9.81377 30.4874 27.1882 9.81306 
22.7124 10.8509 31.3276 25.3074 9.80163 
21.8994 10.3775 31.9577 25.9125 9.85289 
20.714 10.0709 32.3088 27.0976 9.8086 
19.547 10.0199 32.3538 28.1906 9.88872 
20.6769 9.99437 30.9744 28.4255 9.92879 
21.486 9.91522 30.5692 28.1472 9.88243 
18.3842 9.941 32.3942 29.356 9.9246 
20.1794 9.9068 32.9169 27.0984 9.89861 
21.0222 9.93732 32.0533 27.054 9.93323 
23.669 9.92222 32.1257 24.3629 9.92017 
24.4607 9.84327 29.8676 25.9862 9.84224 
24.5701 9.88958 30.1581 25.4931 9.88907 
23.0489 9.8059 30.5305 26.809 9.80565 
24.0663 9.91967 31.1515 25.1102 9.75232 
25.3437 9.90864 29.5689 25.3537 9.82497 
25.9181 9.80507 31.2024 23.3112 9.76323 
29.6257 9.81481 31.3907 19.3749 9.7939 
31.1495 9.8579 30.0518 19.0934 9.84744 
30.9985 9.84421 32.314 17.0043 9.83898 
31.073 10.168 31.8947 17.0268 9.83752 
32.2032 9.96616 32.109 15.9208 9.80092 
30.2908 9.88173 31.9329 18.0955 9.79911 
31.8672 9.90775 32.5227 15.8358 9.86644 
32.5455 10.0526 32.7087 14.8258 9.86743 
31.7566 10.5102 33.1286 14.671 9.93372 
31.6317 10.2208 34.715 13.4999 9.93261 
31.3922 10.0948 33.2453 15.3169 9.95073 
32.9375 10.7371 31.7951 14.555 9.97536 
30.2271 11.0732 34.1861 14.6601 9.85345 
30.1452 10.4417 32.9159 16.6655 9.83179 
27.6532 10.2208 32.9095 19.3005 9.9159 
26.8559 10.3221 33.3929 19.5851 9.84394 
28.7013 10.145 33.5775 17.6704 9.90589 
27.2956 9.92687 33.779 19.1912 9.80732 
27.4409 10.1358 31.7798 20.8808 9.76259 
29.0028 10.0513 30.8401 20.2411 9.86468 
30.5914 9.86995 31.51 18.252 9.77663 
31.3302 10.2798 32.9964 15.5053 9.88832 
31.7479 10.0762 33.0587 15.2367 9.88046 
33.2373 10.022 31.4811 15.3354 9.92415 
32.0296 9.97677 32.5214 15.5444 9.92783 
32.5783 9.94194 31.8954 15.6669 9.91748 
32.646 12.0342 32.4904 13.0379 9.79145 
34.3365 11.0676 33.4169 11.4011 9.77788 
34.229 10.4324 34.9517 10.5992 9.78759 
33.3139 10.2006 34.1425 12.4647 9.87822 
33.5824 10.0693 33.6862 12.7541 9.90805 
34.8184 9.96661 32.3193 13.0097 9.886 
35.0563 9.93686 31.9491 13.1612 9.89656 
34.3034 9.85443 32.4241 13.5839 9.83427 
34.2125 9.82586 33.2728 12.873 9.81579 
33.9813 9.91293 33.0427 13.1553 9.90789 
32.6769 9.85843 33.5148 14.094 9.85591 
33.5002 9.87971 34.4142 12.3275 9.87845 
34.0198 9.87406 34.4768 11.7559 9.87343 
33.016 9.81508 32.3299 15.0243 9.81477 
34.1929 9.89146 31.9206 14.1038 9.89131 
32.7316 10.6461 30.7811 16.0095 9.83165 
31.6256 10.1932 31.2997 17.0957 9.78595 
32.1031 10.0966 30.4885 17.4188 9.89298 
31.0048 10.6558 30.9764 17.4321 9.93091 
31.4599 10.1911 29.318 19.2024 9.82868 
32.8486 10.0108 30.4217 16.8893 9.82959 
31.8701 9.94171 32.4083 15.9287 9.8511 
32.3312 10.0033 30.9769 16.8929 9.79568 
32.0266 9.98656 31.8026 16.3015 9.88273 
30.7569 9.96123 32.568 16.8046 9.90932 
32.1994 9.91888 30.7902 17.1986 9.89293 
31.6946 9.94337 30.9899 17.4417 9.93039 
20 20 20 20 20 
20.3276 20.1852 22.6781 18.1197 18.6895 
22.8757 19.6102 24.2465 16.4914 16.7763 
22.1745 21.4038 23.6436 18.0419 14.7361 
21.3189 19.0996 26.7832 18.963 13.8352 
20.2669 18.8473 27.2346 19.6055 14.0457 
19.2151 19.1175 28.8214 19.0885 13.7576 
18.8208 19.2896 28.3858 20.8279 12.6759 
18.5962 18.6218 29.3286 22.0006 11.4528 
16.3276 19.2882 30.1972 22.5649 11.6221 
15.6693 18.8053 31.8756 21.9889 11.6609 
14.9285 18.3271 31.0408 23.0082 12.6955 
16.1354 17.2717 30.8357 23.441 12.3162 
16.0198 16.6968 29.9059 23.9209 13.4566 
15.3355 16.488 31.3483 23.9372 12.8911 
13.2712 16.5414 32.4845 24.3608 13.3421 
13.7457 15.9542 33.3294 24.5657 12.405 
13.4662 15.0101 32.8185 26.8983 11.8069 
11.7218 16.1218 34.3231 26.2609 11.5724 
12.4819 16.2801 33.2574 25.8017 12.1789 
13.2686 16.2046 32.2969 27.1866 11.0434 
12.433 16.1986 32.5598 28.0353 10.7733 
11.2165 16.9365 34.0706 27.2735 10.5029 
11.8435 17.9977 33.3883 26.5779 10.1926 
13.4102 17.1786 30.7494 27.1138 11.5479 
13.7328 15.9625 30.2365 29.1099 10.9583 
13.8404 17.0829 29.6572 28.9758 10.4437 
13.8451 16.8748 31.6127 26.4597 11.2078 
13.5587 16.561 33.1976 25.4724 11.2103 
13.4923 16.0351 32.4553 25.9307 12.0866 
14.9814 16.3705 31.6394 25.3183 11.6904 
14.4032 17.4018 32.4096 23.8342 11.9512 
15.0357 17.5719 33.2555 22.401 11.736 
14.9164 17.1392 31.9022 24.5657 11.4766 
16.0675 15.8544 31.4036 24.5345 12.1401 
17.962 14.6257 29.9363 25.1859 12.2901 
17.8883 16.4578 29.5762 24.9445 11.1332 
17.2977 17.3088 28.7106 25.063 11.6199 
15.5831 17.2919 29.6838 26.6434 10.7978 
13.9842 17.0175 31.585 26.9685 10.4448 
12.9418 17.4332 30.7811 27.9007 10.9432 
11.9435 17.6718 31.9328 27.2588 11.193 
11.8403 18.2256 30.9899 28.4181 10.5261 
10.9327 18.01 31.911 28.996 10.1503 
11.4274 16.5476 30.3107 30.9214 10.7929 
12.121 17.4271 31.0593 29.0762 10.3164 
13.288 17.2444 32.5912 25.6756 11.2008 
13.894 16.6222 29.2956 29.0878 11.1004 
14.2641 15.7501 29.0381 29.7878 11.16 
13.1417 16.1683 32.0671 27.1535 11.4694 
12.6713 15.9789 35.0527 24.9404 11.3567 
14.3118 15.4895 33.3597 25.0892 11.7498 
14.2481 15.5461 32.0463 26.8472 11.3122 
15.2801 14.8653 33.399 25.3621 11.0935 
14.5366 16.5459 30.8621 26.9668 11.0886 
13.7587 15.8451 30.8157 29.1084 10.4722 
11.8072 16.0956 31.8742 28.8571 11.3659 
12.0612 14.5749 30.0996 31.6699 11.5943 
11.1685 15.6834 29.7115 32.0004 11.4362 
11.4117 15.7671 30.59 31.0352 11.196 
10.6696 16.2371 32.2442 29.9244 10.9249 
12.2188 17.6596 31.0979 28.6095 10.4141 
11.0069 16.0052 32.7471 29.5667 10.674 
11.7069 16.8115 31.8823 28.9273 10.672 
11.9574 18.146 28.6684 29.6584 11.5698 
11.1099 17.0682 29.8473 31.1777 10.7968 
10.93 16.5341 32.2987 29.0888 11.1484 
10.9218 17.1503 32.1392 28.8845 10.9042 
10.3992 15.9826 31.1313 32.0966 10.3903 
11.0372 15.8593 31.1748 31.7843 10.1444 
11.4887 14.5217 32.1297 31.3151 10.5448 
11.7393 14.1486 32.1363 31.729 10.2469 
11.5229 14.8632 31.7717 31.8193 10.023 
11.5842 14.2671 32.9744 30.8463 10.3279 
12.1831 15.1536 33.4045 29.2076 10.0512 
12.3918 15.0835 32.1178 30.0194 10.3875 
12.9798 14.8282 32.8931 27.9494 11.3495 
14.7193 14.8954 31.6585 26.4435 12.2832 
15.1433 15.2313 32.0562 26.0186 11.5506 
15.905 15.5522 30.1815 27.6918 10.6695 
14.923 16.2211 29.9701 28.5912 10.2945 
14.8784 16.5505 31.2255 26.8276 10.5181 
14.5029 17.278 29.3246 28.5107 10.3837 
15.7566 17.4019 29.353 27.3997 10.0888 
15.9723 17.1866 30.6034 26.2325 10.0052 
15.5382 17.4475 29.4944 27.5694 9.95052 
15.8211 16.2562 31.3706 26.6418 9.91033 
15.6625 18.2056 30.0264 26.2408 9.86472 
16.2292 18.1467 29.8711 25.9111 9.84192 
14.9081 18.4484 31.6475 25.1838 9.81227 
13.7685 18.2448 33.3495 24.8342 9.80304 
14.8063 16.2653 33.1683 25.9236 9.83658 
16.1565 16.2228 34.2234 23.4392 9.95808 
14.7702 16.066 32.2632 26.9974 9.90328 
14.4717 16.0382 30.961 28.5906 9.93852 
14.7425 14.5875 32.1025 28.3703 10.1971 
14.8298 14.0617 32.6258 28.4117 10.0709 
14.5374 13.1562 32.8371 29.448 10.0212 
13.6992 14.1897 33.0852 28.766 10.26 
14.1983 13.1467 32.1046 30.5213 10.0291 
13.3658 12.7067 32.719 30.994 10.2146 
13.7466 12.1705 33.534 30.4554 10.0934 
14.5549 11.5322 33.6664 30.3115 9.93498 
14.9376 10.9193 34.382 29.919 9.84214 
13.8577 11.8485 33.3021 30.6539 10.3377 
13.8653 12.2826 33.4141 30.3559 10.0822 
13.9354 12.0237 32.6734 31.4244 9.94304 
12.13 12.944 32.8559 32.2314 9.83878 
12.1761 12.3053 32.8168 32.7824 9.91939 
13.2309 11.1527 33.4084 31.9626 10.2454 
13.2331 11.0175 33.616 32.0107 10.1227 
12.4075 10.7347 34.1809 32.672 10.0049 
12.3819 12.5513 34.6192 30.5602 9.88748 
12.3514 11.4332 34.0718 32.0423 10.1013 
14.6349 10.7015 34.4075 30.2205 10.0356 
15.1522 11.3337 34.5827 28.9279 10.0035 
16.2782 10.5341 35.2854 27.5908 10.3115 
17.6346 11.2018 33.5181 27.5936 10.0519 
19.2403 11.7942 33.3754 25.5793 10.0108 
18.2045 11.1682 33.8564 26.7957 9.9753 
18.419 10.553 33.0772 27.9941 9.95659 
18.1326 10.1996 35.0002 26.7663 9.90137 
16.6556 10.0105 34.762 28.7105 9.8614 
16.4116 10.0951 34.4469 29.1756 9.87082 
17.715 9.95551 33.6345 28.8516 9.84339 
18.9537 10.5867 32.6826 27.8873 9.88964 
19.0006 10.6902 31.8969 28.5468 9.86546 
21.2191 11.9076 31.8859 25.0547 9.93273 
19.4423 12.4207 33.1354 25.1456 9.85595 
17.4989 11.4484 34.3455 26.8585 9.84861 
17.452 10.6293 33.4702 28.6191 9.82937 
17.8875 10.7494 32.8842 28.5953 9.88363 
18.0492 10.806 31.2983 29.9526 9.89389 
19.199 10.3449 32.2189 28.3484 9.88881 
19.8162 10.5904 32.0537 27.6417 9.89796 
22.0656 11.2883 30.4104 26.3208 9.91474 
23.0581 11.0239 30.8698 25.1857 9.86243 
23.3414 10.3663 32.4252 24.0815 9.78558 
21.6707 10.3556 33.7988 24.2822 9.89279 
22.5814 10.5746 33.0899 23.8871 9.86703 
21.2295 10.1803 33.3645 25.3992 9.82648 
20.7735 10.6457 32.5553 26.1917 9.83388 
19.646 10.8784 32.4393 27.2372 9.79909 
19.4142 10.3134 32.7291 27.7696 9.77376 
20.035 10.0747 32.9219 27.1635 9.80491 
19.2707 9.9075 31.883 29.1662 9.77259 
18.1018 10.5448 33.9926 27.5224 9.83837 
17.7176 10.2724 31.9963 30.0945 9.91918 
17.1079 10.3551 32.6648 30.0304 9.84175 
17.8522 10.7916 33.7008 27.8222 9.83315 
16.8626 10.3164 34.4695 28.5143 9.83721 
17.6286 10.0077 34.626 27.9695 9.7681 
17.5602 9.95435 33.9797 28.6712 9.83455 
17.7863 9.94612 34.5364 27.8449 9.88622 
17.6159 9.95748 33.6234 28.8757 9.92753 
19.4289 9.8807 33.8051 27.0196 9.86573 
21.216 9.89243 31.7588 27.2478 9.88494 
20.8353 9.81634 32.4378 27.0979 9.8126 
20.8137 9.85867 32.2255 27.2453 9.8568 
21.0029 9.89622 32.8346 26.371 9.89528 
20.4317 9.82616 34.1873 25.7291 9.82569 
20.6774 9.83616 31.4014 28.2491 9.83592 
19.172 9.91808 34.034 26.9579 9.91796 
19.0016 10.1538 34.3871 26.6283 9.82911 
20.6643 9.95114 32.2879 27.3079 9.78877 
20.6711 9.89082 31.2287 28.3997 9.80964 
18.6962 9.86344 31.8439 29.7736 9.82285 
17.8448 9.83368 30.9546 31.5535 9.81339 
20.374 9.91684 29.5096 30.2929 9.90669 
19.3743 10.2588 30.3025 30.1641 9.90034 
25.6951 10.2677 30.3686 23.7777 9.89088 
22.7778 10.0119 31.2122 26.1746 9.82349 
21.3889 10.006 30.7785 27.9149 9.91175 
20.7627 9.95178 31.7715 27.6093 9.90468 
22.0902 9.88096 30.4427 27.7287 9.8574 
20.7061 9.85573 30.4756 29.1186 9.84396 
19.7502 9.8924 32.2591 28.2118 9.88652 
18.7567 9.88041 32.248 29.2375 9.87747 
19.1575 9.8298 31.1082 30.0761 9.82832 
20.6502 9.9149 31.6255 27.8952 9.91416 
18.8497 9.87548 33.1898 28.2099 9.87511 
20.5899 9.79211 33.5852 26.2409 9.79193 
20.5891 9.79802 32.3155 27.4995 9.79792 
19.5538 9.78116 32.6561 28.2279 9.78112 
20.8346 9.85853 31.2319 28.2165 9.85851 
20.0746 9.91369 31.8153 28.2827 9.91368 
19.9057 9.89105 32.355 27.9571 9.89105 
20.1168 9.86356 31.7513 28.4048 9.86356 
20.5502 9.84981 30.6297 29.1204 9.84981 
