5 80000 300 266
14 14 14 14 14 14 14 
14.7852 14.7181 13.443 12.906 13.7114 13.1074 16.3289 
16.1764 17.5693 15.1299 13.5852 13.9128 10.5327 12.5939 
17.2549 17.3263 17.0788 14.1537 12.9286 9.22467 11.783 
17.8158 17.3155 18.0341 16.1886 12.0539 8.59396 9.87314 
15.9009 18.3606 18.2828 17.2726 13.02 8.23055 8.87014 
16.1156 19.4555 18.9579 16.251 12.7485 8.06023 8.38002 
16.9039 17.8047 19.2866 15.7217 14.1627 7.97242 8.13232 
16.6536 17.9932 19.7224 16.4577 13.2078 7.93878 8.01873 
15.9604 19.2065 18.9261 15.9578 14.1421 7.8816 7.92158 
15.8952 19.5454 18.5364 15.0253 14.8896 8.18791 7.91832 
14.7044 20.1677 20.2869 14.2694 13.9936 8.66776 7.90926 
14.5247 20.5828 20.5385 13.7875 13.3378 9.32348 7.90474 
14.0525 20.8881 20.6602 13.4781 13.459 9.60001 7.86183 
15.0875 18.4032 21.3505 14.6982 12.6479 9.90205 7.91051 
14.599 18.0973 20.389 16.5516 12.4589 9.96125 7.94298 
14.4278 18.7228 18.7484 18.2554 12.2376 9.66494 7.94298 
12.2037 18.2209 20.0667 18.5982 13.2471 9.72045 7.94298 
12.5094 17.5138 20.8527 17.4924 14.0815 9.58712 7.96308 
11.6155 16.3858 22.1789 18.2307 14.2573 9.43273 7.89907 
10.6174 15.7079 23.8149 18.7346 13.8421 9.42579 7.85735 
10.7854 17.8945 22.658 17.1766 14.5275 9.07395 7.88405 
10.1036 17.4055 22.3568 19.0808 13.2595 9.89029 7.90348 
10.1853 17.019 22.2667 20.3207 13.5086 8.84658 7.85318 
10.5916 15.4341 22.7423 20.751 14.1881 8.39478 7.89808 
10.2341 16.359 20.116 19.429 16.9706 9.03278 7.8585 
9.94537 16.7632 22.9335 18.7274 14.3866 9.34472 7.89921 
10.3752 17.3858 20.6829 19.851 14.5026 9.33338 7.8691 
10.9408 18.1071 19.2326 19.9673 14.2597 9.58301 7.90944 
9.75012 18.135 18.9065 19.6914 15.4806 10.1151 7.92132 
9.37297 19.1093 18.6583 19.6783 15.6901 9.55545 7.93555 
9.1641 17.5504 18.7108 18.901 17.5465 10.2148 7.91234 
8.54038 17.8377 18.7304 18.3047 17.7316 10.9407 7.9145 
8.8727 16.6594 19.3024 18.985 18.5938 9.65447 7.93215 
9.23635 17.6297 19.6512 18.5925 17.5969 9.32724 7.96607 
9.61818 18.0371 18.1589 18.7407 18.2429 9.21917 7.98304 
9.07348 18.6134 17.7149 19.0718 17.437 10.1533 7.93608 
9.29361 17.3405 19.4283 18.0983 18.4437 9.51639 7.87925 
9.31772 16.7382 19.2683 19.0279 18.3513 9.42911 7.86744 
9.92745 16.8402 18.8283 19.1214 17.7501 9.67323 7.85934 
9.82334 16.9514 18.3775 19.0639 18.4863 9.37225 7.92535 
10.7231 18.3441 18.2896 17.7557 16.8089 10.1686 7.91004 
9.6099 19.6296 19.0577 17.5924 16.7923 9.44159 7.87659 
10.605 19.0148 19.8288 17.8962 15.6961 9.02079 7.9383 
10.5085 18.9434 19.6758 17.8418 16.7418 8.41495 7.8737 
11.9349 18.4487 18.293 18.733 16.5128 8.17407 7.90345 
11.5349 18.9674 18.4613 18.146 16.7147 8.26263 7.91318 
13.323 18.0393 17.1195 18.4063 17.024 8.13131 7.95659 
11.7702 18.1501 18.125 19.2032 16.8816 7.9787 7.89134 
10.586 18.5836 18.8916 20.2853 15.8126 7.94234 7.89866 
10.5385 18.6668 19.9368 19.5177 15.2724 8.21224 7.85558 
9.97778 18.9747 20.5065 17.8306 16.6048 8.2541 7.85156 
10.1199 19.8585 20.2969 18.6314 15.1801 8.05718 7.85591 
11.1983 19.4159 20.7511 16.905 15.849 8.04645 7.8342 
11.8777 20.4385 19.8505 17.6991 14.0889 8.13281 7.91254 
12.3125 19.5599 20.4747 16.6517 14.517 8.5719 7.91231 
12.2763 18.6714 21.6692 17.9102 13.3786 8.21205 7.88225 
13.4745 17.4621 21.4441 17.7587 13.2356 8.73356 7.89147 
11.9945 16.561 23.25 17.716 13.441 9.17663 7.86072 
12.6265 15.6962 20.9508 18.858 14.361 9.64449 7.86294 
12.6481 16.6717 20.0908 18.9313 13.8547 9.91274 7.89075 
12.0636 17.3866 21.1933 16.9712 15.5366 8.92988 7.91888 
10.0407 17.8247 20.8416 18.5078 16.5656 8.36249 7.85699 
10.4873 18.2518 20.5575 18.5933 15.686 8.50926 7.91483 
10.6709 18.5947 19.863 17.8417 16.388 8.7581 7.88351 
11.7544 19.2073 18.7153 17.029 16.7526 8.65833 7.8832 
10.6176 18.7458 20.08 19.0111 15.0354 8.6181 7.89194 
10.489 19.8459 20.513 18.2893 14.7249 8.25049 7.88741 
10.7207 20.042 19.8993 18.7875 14.0291 8.64906 7.87228 
12.0578 18.797 19.534 18.9781 14.5203 8.25062 7.86224 
11.8564 18.7225 20.4896 18.5799 14.3697 8.08802 7.89382 
10.5933 18.6914 21.13 18.3809 15.3188 7.99138 7.89428 
11.2145 19.2491 19.5022 18.8523 15.0266 8.22274 7.93265 
13.1304 18.9995 19.9363 17.6437 14.2262 8.1623 7.90151 
13.3613 18.1163 21.9827 18.652 11.7248 8.32872 7.83425 
13.1665 17.7846 23.2555 18.4062 11.169 8.40964 7.80863 
12.9343 17.3218 23.9834 17.8636 11.9355 8.13092 7.83041 
12.5419 17.4226 24.3749 17.2262 12.5098 8.03742 7.88717 
12.3569 16.4679 24.0013 18.1596 13.1762 7.95666 7.88153 
12.8931 15.1884 24.3508 16.7537 13.6624 9.25411 7.8976 
11.8422 16.1074 25.125 16.89 13.4259 8.70379 7.90563 
11.077 16.2072 23.9534 17.5577 14.6266 8.66844 7.90965 
10.927 17.5021 23.0043 16.9242 15.2081 8.59487 7.83954 
10.8385 17.251 23.2521 18.3371 13.979 8.42244 7.91977 
13.0335 17.1281 22.286 17.9249 13.5885 8.14523 7.89389 
13.1252 17.5416 21.9909 19.0622 12.2805 8.06264 7.93697 
13.5996 17.1659 20.9954 19.4076 12.56 8.35231 7.9191 
13.8369 16.8545 20.4977 19.3335 12.9467 8.6206 7.91017 
12.5766 17.6651 20.9879 20.1748 12.478 8.2364 7.88118 
11.5895 17.1458 22.9036 20.9308 11.4197 8.0941 7.91649 
12.0604 17.3448 22.1034 20.2398 12.4768 7.93176 7.84296 
13.4744 17.2332 20.9773 20.1695 12.3178 7.9361 7.8917 
13.223 16.3996 22.0452 19.6367 12.9985 7.85956 7.83736 
14.1054 15.2023 22.8162 20.0149 12.1504 7.86098 7.84988 
13.5412 15.2347 23.113 19.8039 12.5637 7.87451 7.86896 
12.7658 15.1713 23.1872 20.0938 12.9965 7.89409 7.89132 
12.7899 14.1183 25.4127 19.5946 12.4028 7.84152 7.84013 
12.8765 14.7311 23.6852 20.3793 12.5506 7.88901 7.88832 
12.2214 13.7511 24.1317 21.274 12.7813 7.92041 7.92006 
12.4099 13.306 23.7457 21.3982 13.346 7.89721 7.89704 
13.1356 14.0787 22.2689 21.7139 12.9849 7.909 7.90892 
14.0091 13.4362 22.3616 21.4314 13.0199 7.87095 7.87091 
13.8344 13.1614 21.8767 23.0868 12.18 7.93032 7.9303 
15.0289 13.7616 23.1724 21.2509 10.8773 7.95452 7.95451 
14.1997 14.6802 23.2854 20.6533 11.4275 7.87698 7.87698 
14.7821 13.5901 24.9239 19.4412 11.5731 7.84474 7.84474 
16.987 14.2446 24.8357 17.2964 10.9633 7.83651 7.83651 
17.2847 13.7157 25.1926 16.8899 11.1135 7.90177 7.90177 
16.9304 14.0589 24.9604 17.2765 10.9915 7.8911 7.8911 
18.3637 14.5168 24.7899 15.6179 10.9526 7.87956 7.87956 
17.7533 14.661 25.6417 15.6012 10.6711 7.83588 7.83588 
17.5305 15.1602 25.4582 16.0423 10.0059 7.90146 7.90146 
16.3856 14.1309 25.0286 18.5827 10.2168 7.82773 7.82773 
15.3553 15.3299 24.7732 18.7955 9.92936 7.90836 7.90836 
14.8395 14.6941 24.9861 20.0078 9.60659 7.93296 7.93296 
16.6376 13.3527 23.2472 21.5961 9.41223 7.87709 7.87709 
16.2207 13.0796 24.2939 20.7435 9.88323 7.8895 7.8895 
17.7522 13.7023 22.8908 20.5646 9.21159 7.93924 7.93924 
18.7052 11.9794 25.1206 18.6869 9.59155 7.95822 7.95822 
18.5056 12.6837 24.7188 18.7697 9.44058 7.94086 7.94086 
18.0912 12.2762 24.2281 20.1172 9.51827 7.88457 7.88457 
17.5048 11.5762 24.3497 20.6326 9.89509 8.17189 7.86978 
16.6911 12.334 24.1526 20.6227 10.3793 7.98567 7.83461 
17.5347 12.9238 23.5628 18.5546 11.6761 7.91175 7.83622 
18.7674 11.3873 24.6172 19.128 10.4649 7.83647 7.79871 
17.5708 11.3954 26.1975 19.2131 9.91083 7.86561 7.84672 
17.2191 12.023 26.5024 18.6427 9.92529 7.84847 7.83902 
18.7189 11.6126 27.049 17.9279 8.9244 7.88598 7.88126 
18.4992 12.3923 25.218 18.6414 9.56972 7.84084 7.83848 
19.7617 10.9131 25.9513 19.0242 8.69322 7.82878 7.8276 
19.1705 10.6478 25.6806 20.0312 8.71819 7.87614 7.87555 
17.8718 11.0823 26.7448 18.8639 9.69618 7.87065 7.87036 
18.4735 10.31 27.2452 19.5476 8.74982 7.83706 7.83691 
19.5107 11.0454 26.0884 19.2258 8.34751 7.89113 7.89106 
20.3748 9.505 26.3185 19.7899 8.15606 7.92787 7.92783 
20.7643 10.6591 25.6593 18.5488 8.47363 7.94745 7.94743 
20.9704 9.74131 26.0649 19.1273 8.2074 7.94431 7.9443 
22.2499 9.63256 24.377 19.9278 8.02527 7.89373 7.89372 
21.8602 10.1104 24.1003 19.2286 8.86558 7.91745 7.91745 
20.9012 10.5465 26.212 18.2848 8.33452 7.86046 7.86046 
20.9986 12.6705 24.8868 16.8136 8.8248 7.90283 7.90283 
21.1053 11.4868 24.7161 17.9523 8.95785 7.89081 7.89081 
21.5319 11.6781 24.5242 17.7298 8.92996 7.80297 7.80297 
21.1158 11.3784 25.0901 17.0282 9.7128 7.83735 7.83735 
20.9353 10.5634 27.1677 16.8474 8.78722 7.84949 7.84949 
20.642 11.3864 25.9385 17.4353 8.89942 7.84916 7.84916 
19.2273 11.0057 25.1567 19.9677 8.98096 7.83083 7.83083 
17.9239 9.79647 26.9828 21.3412 8.3686 7.79353 7.79353 
17.4415 11.331 25.3335 21.3431 8.86266 7.84413 7.84413 
17.4164 10.1582 26.5798 21.831 8.34437 7.83511 7.83511 
15.365 10.2566 28.6745 21.2705 8.61006 7.91164 7.91164 
16.5321 9.11062 27.9066 21.9922 8.58231 7.93812 7.93812 
16.8666 9.36581 27.6559 22.0748 8.22702 7.90492 7.90492 
17.3839 9.7755 26.9452 21.5312 8.74314 7.81048 7.81048 
17.2323 9.39085 27.2925 21.7905 8.7194 7.78723 7.78723 
15.9773 11.0843 26.9796 22.1452 8.24859 7.7825 7.7825 
17.5053 10.0739 25.2723 23.4593 8.05179 7.81874 7.81874 
18.3965 10.0815 24.9507 22.7089 8.32856 7.76694 7.76694 
17.0618 9.7885 25.3833 24.2625 8.02185 7.74104 7.74104 
16.2708 9.22862 26.314 24.5151 8.19049 7.74049 7.74049 
16.3444 9.24117 26.2913 24.6456 7.97584 7.75084 7.75084 
16.5834 8.82619 26.3855 24.0051 8.66082 7.7695 7.7695 
17.0691 9.89899 26.3589 22.3474 8.71912 7.80325 7.80325 
18.8679 9.11616 25.6795 22.1737 8.35956 7.90162 7.90162 
17.1263 9.32731 27.609 21.7022 8.33363 7.95081 7.95081 
19.9666 8.61102 27.2548 20.2078 8.11418 7.92277 7.92277 
20.3127 8.94623 25.304 20.2836 9.44631 7.8536 7.8536 
18.516 8.73179 25.2703 23.0755 8.66637 7.87002 7.87002 
17.7172 9.04867 26.5324 22.4139 8.56279 7.8625 7.8625 
18.5159 8.41842 26.9734 22.2661 8.17548 7.82533 7.82533 
17.6395 9.84505 26.2035 22.2602 8.423 7.8144 7.8144 
15.8002 8.81863 27.3874 24.2795 8.1076 7.8033 7.8033 
14.7315 10.3686 27.2112 23.7676 8.26892 7.82607 7.82607 
15.5701 9.67347 27.3827 23.8033 8.00443 7.783 7.783 
16.0932 9.2174 26.6823 24.4394 7.92971 7.81899 7.81899 
17.11 8.53619 26.3321 24.4554 7.89235 7.83699 7.83699 
16.7937 8.9556 26.5183 24.0175 7.92345 7.89577 7.89577 
16.3219 8.36829 26.9479 24.8329 7.85221 7.83837 7.83837 
15.5793 8.93192 25.7885 26.3631 7.78367 7.77675 7.77675 
14.497 8.42937 25.2418 27.9681 8.16013 7.85179 7.85179 
13.9934 9.93316 25.3775 25.5676 9.35866 7.88484 7.88484 
14.8583 8.8974 25.7391 26.1486 8.61015 7.87324 7.87324 
14.7462 8.41211 28.1134 24.3548 8.57337 7.90003 7.90003 
13.2227 10.0556 26.8701 24.2944 9.85771 7.84974 7.84974 
13.7321 9.20739 27.0573 25.6147 8.79883 7.79484 7.79484 
14.3222 9.86685 25.8094 25.3804 8.93158 7.84479 7.84479 
13.8775 8.81402 27.6808 25.6753 8.34639 7.80299 7.80299 
14.4238 9.34713 27.4632 24.9634 8.21511 7.79371 7.79371 
15.6231 8.72341 25.5696 26.5004 8.00164 7.79094 7.79094 
14.9963 9.20041 26.4212 25.7135 7.95976 7.85441 7.85441 
14.2629 8.71785 26.0047 27.2685 7.95047 7.89779 7.89779 
14.0669 8.39119 26.3894 27.6665 7.8462 7.81986 7.81986 
13.6488 8.19559 26.4255 27.9871 7.9231 7.90993 7.90993 
15.784 7.99953 25.0625 27.5774 7.86328 7.8567 7.8567 
15.0127 7.86973 26.4631 27.2562 7.80161 7.79832 7.79832 
15.5367 9.08638 26.1103 25.7493 7.8402 7.83855 7.83855 
16.8728 8.42379 25.7417 25.5612 7.8007 7.79987 7.79987 
17.1828 9.45971 24.8242 25.0255 7.83621 7.8358 7.8358 
17.1772 8.60191 27.2269 23.6239 7.79016 7.78995 7.78995 
18.5293 9.1971 25.3345 23.3846 8.04938 7.75254 7.75254 
17.2519 9.71037 25.7663 23.5134 8.0183 7.86988 7.86988 
16.903 9.416 28.0859 21.554 8.40104 7.82008 7.82008 
15.707 9.1244 27.1344 23.2376 9.09011 7.85326 7.85326 
16.1357 8.54993 27.6776 23.2752 8.53279 7.91436 7.91436 
15.5842 9.50372 27.7277 22.4219 9.00495 7.87875 7.87875 
15.8677 8.70375 27.6096 23.5821 8.45437 7.89126 7.89126 
15.1439 9.83777 28.5383 22.2926 8.45916 7.86413 7.86413 
15.8532 8.82513 28.6442 22.8651 8.13583 7.83831 7.83831 
16.6803 9.01197 27.6752 23.1536 7.92548 7.77672 7.77672 
16.568 8.46168 27.6034 23.7603 7.91844 7.84406 7.84406 
15.8989 9.40326 26.4454 24.2365 8.41324 7.80134 7.80134 
16.2317 8.68936 25.1859 25.9219 8.19435 7.8884 7.8884 
15.5525 8.30038 26.3588 25.9356 8.05287 7.8999 7.8999 
15.5841 8.95499 27.1433 24.6795 7.93034 7.85385 7.85385 
16.0733 8.54 26.8529 24.996 7.87142 7.83318 7.83318 
16.5952 9.22495 26.4895 24.0596 7.98976 7.82049 7.82049 
18.1107 8.50656 26.6404 23.2447 7.88896 7.80433 7.80433 
17.9725 8.23417 25.2629 24.8389 7.92537 7.88306 7.88306 
16.4424 8.79545 26.0817 24.9926 7.91006 7.8889 7.8889 
16.0738 9.20542 26.3421 24.9963 7.80118 7.7906 7.7906 
14.6922 10.4048 26.823 24.1022 8.33745 7.82022 7.82022 
13.764 10.874 25.6503 25.0362 9.0941 7.7907 7.7907 
12.8091 10.1483 27.7188 24.5242 9.10632 7.84672 7.84672 
14.9185 9.25369 26.8625 24.9556 8.42313 7.79333 7.79333 
14.5809 8.92952 26.0425 25.8309 9.10771 7.75423 7.75423 
16.0442 9.80601 25.9293 24.0431 8.70816 7.73468 7.73468 
17.6494 9.25083 25.2317 24.1333 8.23607 7.74933 7.74933 
18.9834 8.7524 24.6793 23.8127 8.08629 7.84292 7.84292 
19.1932 11.3911 22.6382 22.5034 8.67001 7.80206 7.80206 
19.5628 9.74962 24.6637 22.2314 8.22014 7.78616 7.78616 
18.7391 9.7608 26.5012 20.7248 8.67033 7.80188 7.80188 
20.4085 8.7765 26.887 20.1027 8.23127 7.79704 7.79704 
19.8252 8.61566 27.0003 20.547 8.34304 7.83438 7.83438 
19.8168 8.30144 27.0784 20.8166 8.16513 7.9108 7.9108 
19.8196 8.44066 26.7049 21.0592 8.07665 7.94948 7.94948 
19.1852 8.13337 26.1061 22.8484 7.95137 7.88779 7.88779 
19.5637 8.97998 25.4808 21.8288 8.45545 7.84563 7.84563 
20.5327 8.41491 25.539 21.6653 8.15264 7.84773 7.84773 
19.0356 8.82284 27.5387 20.3711 8.38401 7.92386 7.92386 
18.2479 8.5384 27.7376 21.4554 8.16026 7.93019 7.93019 
19.8702 8.74681 27.4509 20.2799 7.96073 7.84569 7.84569 
19.968 8.32078 28.0347 20.0084 7.92773 7.87021 7.87021 
18.9476 9.34246 27.1826 20.0882 8.72577 7.85668 7.85668 
16.779 8.56733 27.5523 23.1935 8.25899 7.82444 7.82444 
16.4492 9.05979 27.9553 22.7908 8.15935 7.79282 7.79282 
18.3436 8.39894 28.1145 21.6632 7.94872 7.76546 7.76546 
19.2909 8.66376 27.1525 21.5459 7.84341 7.75178 7.75178 
20.5287 8.2751 25.8791 21.814 7.86492 7.81911 7.81911 
21.1476 9.3426 25.2424 20.5284 8.03341 7.85277 7.85277 
21.0768 8.66538 24.6034 21.8027 8.01079 7.92047 7.92047 
18.4576 9.92275 26.4322 21.6156 7.88738 7.84222 7.84222 
18.235 8.84336 25.6384 23.2302 8.4468 7.8031 7.8031 
17.8639 8.64909 25.3557 24.2973 8.15926 7.83741 7.83741 
16.5269 9.22961 25.3361 24.6487 8.51001 7.8744 7.8744 
18.5711 8.6148 26.2065 22.3243 8.40885 7.9372 7.9372 
19.9581 8.83957 25.3839 21.8347 8.15179 7.91597 7.91597 
18.5778 8.71915 26.3862 22.3823 8.05679 7.93888 7.93888 
18.3232 9.18823 26.1215 22.5619 8.07824 7.86352 7.86352 
19.0672 9.15387 26.2683 21.8155 7.96994 7.86258 7.86258 
18.9267 10.3573 27.007 20.0118 8.03121 7.83302 7.83302 
18.1321 10.1322 26.197 22.0802 7.88557 7.78648 7.78648 
19.7348 9.20623 25.3596 22.0274 7.92368 7.87413 7.87413 
21.3324 9.22095 25.7371 19.9309 7.94273 7.91796 7.91796 
20.4488 8.59598 27.1802 19.9292 7.95687 7.94449 7.94449 
21.7879 8.69538 28.8995 16.9679 7.88723 7.88104 7.88104 
23.4322 8.32323 27.2938 17.1995 7.91915 7.91605 7.91605 
23.154 8.08318 27.6992 17.2599 8.04454 7.8796 7.8796 
14 14 14 14 14 14 14 
13.5517 13.4138 13.069 13.4828 14.1034 14.5862 16.7931 
13.8649 15.6058 16.4138 15.7157 13.8391 11.6672 12.3935 
14.967 16.7671 16.507 15.4276 15.4853 10.1496 10.4464 
15.9232 16.2559 17.2606 17.0046 15.1894 9.04646 9.19485 
16.96 17.9871 17.5505 16.7965 13.5415 8.51384 8.58803 
16.4045 16.5407 18.3035 18.4926 12.4311 9.53994 8.25628 
15.9527 16.8715 18.7926 17.5639 13.777 8.92876 8.0979 
14.037 18.4357 18.3862 17.8728 14.3632 8.90882 7.98834 
14.0497 16.3468 19.6423 18.8974 14.2129 8.9466 7.90042 
15.254 16.7151 17.7378 17.2612 15.5439 9.57747 7.90854 
13.3924 17.105 18.6105 18.0739 15.8237 9.06309 7.93041 
12.4324 18.5908 18.1962 19.362 14.7952 8.73804 7.8849 
11.4741 20.0097 18.6219 18.0143 15.2349 8.7341 7.9107 
11.3955 19.2641 18.1587 18.8837 15.2306 9.20244 7.86482 
10.3823 20.2439 18.7352 18.2373 16.0283 8.52091 7.8521 
10.537 19.4511 19.3257 16.561 16.2951 9.92083 7.90928 
9.77754 18.8438 21.6869 16.2965 15.362 10.1708 7.86246 
10.994 18.7903 19.2645 16.8851 15.5757 10.5591 7.93123 
9.89374 20.0291 20.8797 15.9068 15.4566 9.88078 7.95334 
8.92302 20.2531 20.7778 17.1979 15.9788 8.91653 7.95282 
9.15583 20.1702 19.9959 18.2059 15.8497 8.71591 7.90654 
10.2071 17.5906 20.9251 17.8226 15.5407 9.98709 7.92678 
10.7659 16.3808 21.0395 18.4199 15.0353 10.4423 7.91638 
10.5805 17.9617 20.291 20.4365 13.131 9.69099 7.90829 
10.4437 19.0686 21.3297 19.3191 13.0348 8.90251 7.90152 
9.71978 18.1117 22.7988 19.4922 13.5258 8.42615 7.92565 
11.2869 15.9186 24.7981 19.7679 12.2095 8.13464 7.8844 
11.8006 14.541 26.5179 18.5888 11.8372 8.84439 7.87001 
12.2428 15.1986 23.7241 19.6538 12.3668 8.96765 7.84621 
11.4068 14.5761 25.8155 20.0806 11.5745 8.71216 7.83431 
11.2962 13.6639 23.9816 20.2193 13.3935 9.61335 7.83214 
11.8573 13.5857 23.7555 20.0225 13.5595 9.38184 7.83764 
12.5742 14.1768 22.4263 20.4543 13.6363 8.91033 7.82177 
11.4044 16.8965 21.0212 21.1013 12.8949 8.82617 7.85545 
11.856 18.1186 20.2908 17.9133 14.0299 9.90759 7.88377 
9.91915 18.9263 20.7884 18.0476 13.8885 10.497 7.93302 
10.0025 18.3687 19.9436 19.5388 13.382 10.8279 7.93646 
10.9223 18.1756 19.6209 19.3089 13.9279 10.1289 7.9156 
10.3586 19.4523 20.061 18.88 13.3421 9.96193 7.94413 
9.65359 17.8917 20.8806 18.8359 13.9417 10.9094 7.88706 
9.01182 16.6551 22.2245 20.1008 13.3585 10.741 7.90829 
9.35172 17.7989 21.9052 20.6231 12.7365 9.66567 7.9189 
10.4873 18.8775 21.15 17.987 12.8376 10.7539 7.90682 
10.529 18.2125 20.6173 19.4586 13.3955 9.9224 7.86461 
10.6217 18.5601 21.4431 18.5528 13.6305 9.26792 7.9239 
10.5856 19.0602 21.6007 18.5072 13.4087 8.91968 7.918 
11.6894 20.0845 20.2886 17.2493 14.2736 8.51101 7.90356 
11.885 19.8856 20.4351 18.1325 13.5127 8.28235 7.86677 
11.9963 20.1446 20.7557 18.4833 12.0254 8.73759 7.85715 
10.5436 20.1372 20.3346 20.0642 12.6144 8.48135 7.82468 
9.47439 20.7367 20.9431 20.2691 12.4495 8.22774 7.89941 
10.9074 21.3258 20.3652 18.0069 12.9269 8.58196 7.88587 
11.2184 21.8394 21.712 15.9446 12.5811 8.76157 7.94294 
10.6739 20.9412 22.7095 16.4852 12.8638 8.36785 7.95854 
12.6262 20.8351 21.7192 15.6458 13.0378 8.17026 7.9656 
13.5545 20.9923 22.3538 14.4896 12.7258 7.99318 7.89085 
13.2252 21.0165 21.3579 16.0683 12.4715 7.95586 7.9047 
13.8348 20.5082 20.679 17.1453 11.9024 7.97793 7.95235 
13.2493 20.0794 20.4923 17.7429 12.6106 7.9191 7.90631 
13.244 19.7324 19.5842 19.037 12.4519 8.09666 7.85386 
12.9695 19.3317 20.8166 18.4272 11.9052 8.72539 7.82448 
13.3452 18.0379 22.0362 17.8182 11.7666 9.13014 7.86573 
12.5212 16.8171 21.6832 18.8862 12.42 9.8403 7.83195 
13.6763 17.1726 22.4147 17.7577 11.7156 9.41453 7.84856 
14.3382 16.8006 21.3264 18.2836 11.9292 9.46917 7.85285 
13.6759 18.5601 20.3664 18.3884 11.6724 9.41495 7.92186 
14.304 17.538 19.6855 18.1308 12.7366 9.68485 7.92021 
12.9773 17.3855 19.9155 16.8324 14.7421 10.3036 7.8436 
11.6049 16.8323 21.702 17.8348 14.5804 9.5704 7.87529 
13.3383 16.0716 23.0519 16.2141 13.8691 9.56989 7.88501 
14.9228 16.2894 22.4111 15.6429 14.1116 8.73231 7.88987 
14.7555 15.6741 22.1467 16.8803 13.997 8.60145 7.94494 
14.1313 15.8939 21.8554 17.2079 13.989 9.04006 7.88242 
13.7642 17.5163 20.2578 18.5322 13.4538 8.58702 7.88858 
14.352 17.3124 20.8518 17.0974 13.1125 9.35375 7.92019 
13.8025 17.6923 19.3416 18.4282 13.4237 9.37567 7.936 
12.7625 19.2529 19.3598 18.4246 13.0516 9.23329 7.91537 
13.7975 19.3154 19.1296 17.3463 13.8224 8.68363 7.90505 
13.309 19.7976 19.1219 16.482 14.7201 8.65417 7.91523 
11.7924 20.4251 19.3354 17.2636 15.1295 8.2118 7.84233 
12.5312 19.6912 20.9236 14.9114 15.2662 8.84523 7.83112 
13.7965 21.0802 21.326 14.2458 13.0652 8.62015 7.86618 
13.1059 21.8268 20.3696 14.685 13.8689 8.26041 7.88343 
13.437 20.696 21.1751 14.5889 13.6978 8.47803 7.92722 
13.4183 21.2661 20.265 14.7386 14.169 8.20924 7.93383 
13.6057 20.7316 20.6005 14.8816 14.2273 8.04551 7.9078 
13.3246 19.5445 19.2374 17.5857 13.7562 8.61213 7.93941 
12.9898 20.5663 19.048 17.3537 13.826 8.27629 7.93993 
14.2808 20.3805 19.013 16.8277 13.4823 8.15274 7.86291 
14.0326 19.714 20.0328 17.4364 12.8815 8.0864 7.81617 
13.3578 20.1009 21.114 17.2548 12.4164 7.94564 7.81052 
13.2445 20.0252 21.4156 16.9607 12.2688 8.26575 7.8194 
14.3809 19.1259 20.6832 16.7316 13.0309 8.19691 7.85059 
13.5495 18.7899 20.6907 17.094 13.8721 8.08848 7.91532 
12.5104 18.8713 21.692 18.0233 12.4223 8.53302 7.94768 
12.5052 17.7289 23.7066 17.3049 12.5814 8.23286 7.94019 
13.5186 17.8546 21.9518 18.751 11.8325 8.18047 7.91098 
14.654 15.8195 22.5047 19.6512 11.0541 8.4762 7.8402 
14.7541 18.2546 21.9951 18.5789 10.169 8.34951 7.89888 
15.2916 19.0519 22.681 16.8271 10.2352 8.06922 7.84391 
14.5649 18.7949 22.5676 17.1603 10.8617 8.21216 7.83841 
15.5732 16.6679 21.8705 18.7842 11.1707 8.06016 7.87328 
16.2265 16.9017 21.9327 16.6811 12.3628 7.99427 7.90084 
17.1463 17.2295 22.544 15.5925 11.6522 7.94116 7.89444 
16.9065 17.4857 23.3688 15.1887 11.3368 7.86843 7.84507 
16.166 17.3865 24.1844 15.5731 10.8546 7.92358 7.9119 
15.7202 15.6145 23.6674 18.1684 11.0359 7.89974 7.8939 
15.3731 15.1907 24.7871 18.022 10.9584 7.83588 7.83296 
17.5291 15.3381 24.0733 17.0163 10.3348 7.85495 7.85349 
17.4839 15.9797 22.2546 18.0449 10.4808 7.87843 7.8777 
17.8949 15.6401 21.2366 19.405 10.0218 7.90096 7.9006 
17.1165 16.4116 22.5901 17.5898 10.363 8.03499 7.89396 
16.4903 16.7044 23.0514 17.5768 10.2807 7.9835 7.91299 
15.8249 17.9267 22.563 17.166 10.5925 7.98111 7.94585 
15.2494 17.1155 24.0532 17.0069 10.731 7.93077 7.91314 
15.6079 15.4205 25.7521 16.9068 10.4075 8.02701 7.87814 
15.3754 17.1388 23.7332 17.0248 10.7752 8.01351 7.93907 
17.0028 16.5146 22.5515 17.1426 10.867 7.97936 7.94214 
17.6174 15.854 24.9498 15.8917 9.99153 7.85708 7.83847 
17.0708 16.6165 23.1587 16.4929 10.8362 7.91714 7.90784 
18.3984 16.6644 23.2232 15.5067 10.3496 7.93118 7.92652 
17.3786 16.9074 23.8807 16.0647 9.92415 7.92337 7.92105 
16.6997 17.4976 23.1807 16.3011 10.6468 7.83765 7.83649 
16.9458 15.7689 23.4815 18.1792 10.0512 7.78702 7.78644 
15.007 15.1288 23.5305 20.1691 10.4233 7.87078 7.87049 
15.8867 13.7021 24.6395 19.5157 10.6009 7.82761 7.82746 
17.4214 14.1313 23.3088 18.4117 10.9323 7.89732 7.89725 
16.0383 14.3932 22.4302 20.4127 11.0696 7.82797 7.82793 
17.618 14.3599 21.9601 19.662 10.8357 7.78218 7.78216 
17.0407 14.1922 22.1081 20.3493 10.6008 7.8545 7.8545 
16.6564 13.0132 23.0363 21.4172 10.0341 7.92134 7.92133 
16.7585 12.6113 22.274 22.0458 10.5403 7.88509 7.88508 
16.5395 13.4273 22.2646 21.2603 10.9081 7.80011 7.80011 
18.2992 12.6134 22.4892 19.7747 11.0588 7.88236 7.88236 
17.1438 12.702 25.7795 18.6083 10.0352 7.8656 7.8656 
17.1153 12.2334 25.7749 18.8279 10.3397 7.85437 7.85437 
16.2607 11.2988 27.0331 18.7977 10.9122 7.84875 7.84875 
15.8749 11.7635 28.5981 17.6869 10.3474 7.86459 7.86459 
16.8037 11.2597 26.2176 19.0179 10.9876 7.85672 7.85672 
18.3131 10.0677 25.8307 20.3078 9.63584 7.92244 7.92244 
18.1536 11.2285 25.1572 20.1834 9.39019 7.94352 7.94352 
18.7207 10.5104 23.5579 21.9611 9.59124 7.82933 7.82933 
18.0251 10.2268 23.9948 23.1965 8.77289 7.89194 7.89194 
19.2765 9.80548 24.1675 22.4487 8.49202 7.90491 7.90491 
17.319 10.6256 25.3368 22.2183 8.76408 7.86812 7.86812 
18.3321 11.1164 25.9124 20.3353 8.69752 7.80311 7.80311 
16.6287 10.4836 26.0905 22.8542 8.37861 7.78215 7.78215 
16.2394 11.2937 25.7254 22.3781 8.80026 7.78157 7.78157 
16.9525 11.3251 25.1655 22.3878 8.50107 7.834 7.834 
16.2349 12.4154 25.2264 22.2571 8.27353 7.79631 7.79631 
15.4921 12.5499 25.0026 22.633 8.56154 7.88046 7.88046 
15.9479 13.215 23.8578 22.042 9.17036 7.88345 7.88345 
15.7352 13.0254 24.914 22.0658 8.61503 7.82232 7.82232 
16.0037 12.8737 25.4747 20.5004 9.3371 7.90524 7.90524 
17.161 10.9413 26.7013 20.1601 9.32321 7.85653 7.85653 
17.6166 12.0972 25.7001 19.568 9.33028 7.84393 7.84393 
16.4673 12.696 25.1333 20.6221 9.43392 7.8237 7.8237 
16.7666 12.4857 25.1415 20.9398 9.05828 7.80406 7.80406 
17.4607 11.1536 26.2612 20.8866 8.69581 7.77108 7.77108 
18.2745 11.4172 24.0993 19.7025 10.7582 7.87414 7.87414 
17.9513 11.1573 25.8317 19.6269 9.86626 7.78323 7.78323 
19.353 10.6101 26.4379 19.0902 8.86395 7.82243 7.82243 
18.5621 9.82313 25.1165 21.7439 9.10065 7.82688 7.82688 
16.7885 9.56622 26.5222 21.6828 9.80558 7.81734 7.81734 
16.6774 10.8072 26.3635 21.3835 9.11966 7.82433 7.82433 
18.825 9.50695 26.7076 20.7222 8.5112 7.86353 7.86353 
17.2989 9.16988 26.9185 22.6639 8.19882 7.87499 7.87499 
18.2531 9.61543 26.8739 21.0881 8.3677 7.90091 7.90091 
18.5016 9.18271 27.6557 20.8565 8.0901 7.8567 7.8567 
18.7359 9.60491 28.0555 19.6424 8.24559 7.85789 7.85789 
18.9424 9.81765 27.2496 20.1555 8.07416 7.88031 7.88031 
19.7391 11.6053 25.976 18.4111 8.65018 7.8092 7.8092 
20.9981 9.87786 25.9974 19.2369 8.24358 7.8231 7.8231 
21.8283 9.62171 25.3854 19.1351 8.3514 7.83904 7.83904 
22.2496 8.84812 26.5126 18.729 8.05769 7.80151 7.80151 
23.2192 9.43881 25.2032 18.3616 8.01114 7.88305 7.88305 
22.9665 9.73415 27.0559 16.4079 7.98787 7.92383 7.92383 
23.1854 10.3382 26.5978 16.1067 7.9453 7.91328 7.91328 
24.2014 9.80678 24.8931 17.4736 7.8857 7.86968 7.86968 
25.1706 9.15871 23.8447 18.1593 7.89422 7.88621 7.88621 
24.3951 10.8677 23.8856 17.0551 7.93484 7.93084 7.93084 
22.3399 9.52638 27.0673 17.4244 7.88201 7.88001 7.88001 
22.2811 9.46404 26.924 16.8318 8.64186 7.92861 7.92861 
21.2968 9.88827 27.5245 17.0097 8.53968 7.87055 7.87055 
23.0365 10.4665 24.807 17.0123 9.04596 7.81587 7.81587 
23.1359 9.20385 27.2565 16.1532 8.49357 7.87853 7.87853 
21.4464 10.681 25.4823 16.4353 10.1738 7.89063 7.89063 
23.3494 9.21253 26.5459 16.2984 8.95897 7.81737 7.81737 
23.1673 9.53164 27.452 14.7164 9.55411 7.78928 7.78928 
25.9385 8.63679 28.0809 13.1646 8.64802 7.76561 7.76561 
25.8725 8.71722 26.9437 13.6204 9.16272 7.84175 7.84175 
26.3233 8.71345 27.0202 13.7457 8.61362 7.79184 7.79184 
25.6241 9.01138 29.1257 12.4284 8.21071 7.79982 7.79982 
24.1216 9.56521 29.1462 13.5059 8.12321 7.76896 7.76896 
22.4323 8.65258 30.2078 15.2669 7.93158 7.75445 7.75445 
22.529 8.6559 28.791 16.4323 8.01607 7.78784 7.78784 
21.3562 9.52673 27.6983 17.6963 7.98357 7.86945 7.86945 
22.3645 9.79295 26.4231 17.576 7.98587 7.92881 7.92881 
23.2249 8.85989 26.1689 17.9343 7.95635 7.92782 7.92782 
23.175 8.80494 26.5219 17.8734 7.88442 7.87016 7.87016 
22.4289 8.60959 25.5587 19.4545 8.31114 7.81858 7.81858 
21.4629 8.18678 27.0651 19.6651 8.03756 7.79128 7.79128 
21.3055 9.22934 25.315 20.1045 8.39944 7.82313 7.82313 
20.973 9.41894 25.4689 19.8387 8.64812 7.82616 7.82616 
21.632 9.50823 26.2019 18.8977 8.19403 7.78305 7.78305 
19.9355 8.68493 27.7236 19.9834 8.02783 7.82234 7.82234 
20.0924 9.63842 27.7247 18.7145 8.21952 7.80525 7.80525 
22.3465 8.81282 26.9614 17.9834 8.10337 7.89624 7.89624 
20.4486 11.0731 26.3793 17.6874 8.68937 7.86116 7.86116 
22.2435 10.825 26.1704 17.0168 8.19084 7.77673 7.77673 
23.17 10.6836 25.8864 16.4903 8.16168 7.80403 7.80403 
20.8387 11.909 25.182 18.5437 7.96144 7.78261 7.78261 
19.8253 11.235 24.6372 19.8329 8.7662 7.8517 7.8517 
19.4596 12.2518 24.6163 19.3016 8.75203 7.80935 7.80935 
19.074 12.0275 25.7508 19.159 8.31044 7.8391 7.8391 
19.3783 11.4106 25.8913 18.6271 8.91713 7.8878 7.8878 
18.7234 11.9358 25.4067 18.9709 9.28722 7.83798 7.83798 
18.3781 9.90234 26.3099 21.1248 8.57804 7.85342 7.85342 
17.6686 11.2377 25.7281 20.0653 9.55218 7.87408 7.87408 
18.6169 11.0536 25.2864 20.5917 8.81336 7.81903 7.81903 
17.8258 10.4164 27.1542 20.3905 8.50762 7.85273 7.85273 
19.447 10.5495 27.227 19.0973 8.11138 7.78393 7.78393 
19.8462 9.5692 27.8773 18.9045 8.04342 7.8797 7.8797 
19.9231 9.1596 28.4699 18.5147 8.24046 7.8461 7.8461 
19.8501 9.45445 28.4411 18.5888 8.01995 7.82277 7.82277 
19.5287 9.75771 27.1779 19.3554 8.43071 7.8748 7.8748 
20.4677 9.1602 26.8917 19.3107 8.34379 7.91294 7.91294 
20.9481 9.34201 25.2018 20.3696 8.48737 7.82552 7.82552 
17.9521 8.62995 26.6771 22.7948 8.20263 7.8717 7.8717 
17.711 8.98365 25.8386 23.1444 8.61939 7.85151 7.85151 
17.7444 8.46008 26.7288 23.0008 8.27795 7.89401 7.89401 
17.2295 9.27327 27.7736 21.875 8.17356 7.8375 7.8375 
17.8015 9.90772 27.5916 21.0279 8.00244 7.83441 7.83441 
17.2094 10.8886 27.7424 20.4546 8.15552 7.77477 7.77477 
18.1213 9.37178 25.3516 23.5203 8.00525 7.81488 7.81488 
16.2679 10.2414 24.9881 24.0725 8.80743 7.81134 7.81134 
16.5955 10.0438 26.0325 23.1132 8.40372 7.90567 7.90567 
15.3314 10.6794 26.1661 22.5658 9.40063 7.92837 7.92837 
15.7495 9.23191 26.107 24.6062 8.59253 7.8564 7.8564 
13.638 9.75614 26.7607 24.7642 9.43645 7.82228 7.82228 
14.2493 8.74804 30.0986 22.7536 8.5882 7.78111 7.78111 
14.7616 8.69679 30.0349 22.7601 8.18459 7.78104 7.78104 
16.6183 8.30734 28.5072 22.817 8.05124 7.84947 7.84947 
17.091 8.5446 28.5595 22.0317 7.99162 7.89074 7.89074 
19.1687 8.23831 25.3279 23.4805 7.96182 7.91138 7.91138 
18.2734 10.674 25.7737 21.4963 7.94432 7.9191 7.9191 
18.6752 10.4139 25.1946 21.3635 8.4337 7.95955 7.95955 
19.6274 9.98958 24.3364 22.131 8.12989 7.89282 7.89282 
19.2965 10.3109 26.105 20.1172 8.51897 7.82572 7.82572 
22.4607 9.21794 26.0212 18.4961 8.16573 7.81911 7.81911 
22.0866 10.5723 25.5488 17.8108 8.21131 7.88509 7.88509 
23.3851 9.71652 26.0656 16.975 8.06135 7.89824 7.89824 
23.2067 10.6942 24.547 16.5317 9.23572 7.89234 7.89234 
24.7181 12.0684 25.88 12.6921 8.88016 7.8806 7.8806 
26.8805 10.4897 27.2965 11.1315 8.40047 7.90069 7.90069 
25.5347 11.4395 26.7751 11.318 9.06749 7.93265 7.93265 
26.2852 10.9315 27.7198 10.545 8.76827 7.87512 7.87512 
27.9864 10.1532 28.5474 9.33499 8.29039 7.84381 7.84381 
27.478 9.62208 27.9101 10.7281 8.53913 7.8613 7.8613 
27.261 10.4714 27.3198 10.8672 8.35762 7.86147 7.86147 
28.1367 10.6369 28.0118 9.29162 8.34548 7.78876 7.78876 
28.5745 9.79378 29.438 8.65816 8.03076 7.7524 7.7524 
27.7887 9.64466 30.1493 9.07685 7.87295 7.73377 7.73377 
26.8573 9.29764 29.7351 10.7113 7.94882 7.72491 7.72491 
25.6736 8.87623 29.1533 12.79 7.91027 7.79831 7.79831 
26.0898 8.50438 28.8839 12.7203 8.172 7.81482 7.81482 
14 14 14 14 14 14 14 
13.7885 14.7023 14.1802 12.9399 13.8538 14.5065 15.0287 
16.4113 15.1637 15.7549 14.4245 15.0235 11.2305 11.4916 
18.4729 16.5129 15.402 14.5962 15.388 9.55338 9.82458 
19.4637 16.3625 17.398 13.7375 15.3455 8.71609 8.85168 
18.96 18.2484 18.6822 12.3218 15.0553 8.301 8.36879 
17.5753 19.4099 18.7697 13.8752 13.8134 8.34097 8.1844 
15.3768 18.8135 18.881 15.2709 15.4338 8.14336 8.06507 
13.877 20.0158 19.0672 15.2975 15.379 8.39388 7.96181 
14.8721 18.126 19.0354 16.5049 15.3463 8.16373 7.94769 
11.4794 18.5304 20.1686 18.3116 14.971 8.61835 7.91862 
11.7099 17.9006 21.0651 18.2176 14.0953 9.10662 7.90387 
10.4281 18.808 20.6952 19.1698 13.3485 9.63461 7.91535 
9.8957 19.61 20.2727 18.7609 14.633 8.93716 7.89026 
10.0615 20.2595 19.9091 18.0168 14.9302 8.9004 7.9224 
11.5063 19.5778 19.4025 17.1825 15.4269 9.01495 7.88901 
12.2795 18.3152 18.6486 17.8544 16.4503 8.50748 7.94451 
11.8657 18.8713 19.856 16.8004 16.2006 8.44597 7.95998 
11.5236 17.1361 19.9491 17.8939 16.9611 8.65336 7.88295 
11.8929 16.6019 20.1225 18.0378 16.0915 9.40068 7.85268 
11.1718 17.6247 20.2047 18.3427 15.6277 9.10608 7.92224 
11.9028 17.1635 19.9525 16.9872 16.2721 9.79929 7.92258 
10.6937 17.5508 18.636 17.9781 16.5897 10.6728 7.87881 
10.3151 17.5492 19.2546 17.1286 17.28 10.6218 7.85061 
10.5947 15.8108 20.0751 18.2658 16.6358 10.748 7.86987 
10.2224 16.4707 18.7099 18.3406 17.7397 10.6203 7.89639 
10.4459 16.8128 18.3508 19.2121 17.1335 10.1218 7.92309 
10.8255 18.0258 17.632 17.3228 17.7633 10.5578 7.87275 
9.89192 17.9713 19.1285 17.5156 17.5275 10.0705 7.89471 
9.46276 17.2839 19.7533 17.8964 18.1125 9.55208 7.93895 
9.79604 16.6161 21.2991 16.0603 17.2459 11.026 7.95654 
11.4689 17.035 20.7111 16.141 16.9392 9.82513 7.87971 
12.2334 15.9598 22.4101 15.408 16.5409 9.52473 7.92308 
13.1963 15.2808 21.9351 17.4385 14.2439 9.96148 7.94384 
11.8156 18.2926 20.9676 16.2193 15.2741 9.54596 7.88496 
11.8779 19.4874 21.9976 15.1459 13.8204 9.78364 7.88705 
11.3187 21.0306 22.1803 14.535 13.5558 9.53317 7.84648 
10.7681 20.8414 20.5466 16.1805 13.517 10.3101 7.83628 
10.6415 19.4336 21.8613 16.0302 13.3036 10.8417 7.8881 
10.595 20.0543 21.6901 15.3991 14.3522 10.0622 7.847 
11.446 19.772 21.2859 16.0522 13.6726 9.9035 7.86782 
11.8232 19.581 19.3576 15.6514 16.0956 9.63584 7.85548 
11.6324 18.4861 18.7177 17.2078 15.8281 10.3099 7.8179 
10.5933 19.1157 20.293 18.0519 14.9204 9.18893 7.83676 
10.646 19.929 21.5002 17.2137 13.2462 9.6163 7.84851 
11.6549 19.5715 20.6846 17.1221 13.1733 9.93915 7.85439 
11.2239 19.0368 21.0251 18.0324 13.4149 9.37486 7.89195 
12.2199 18.6594 19.7637 19.4788 12.7647 9.20285 7.91073 
11.8424 17.3976 21.7714 19.7182 12.4333 8.95387 7.88318 
10.9212 18.5901 23.3857 18.0113 12.8471 8.38998 7.85463 
10.4375 19.8275 21.6466 18.4964 12.905 8.82462 7.8625 
10.3911 18.1896 21.8578 19.3631 13.2341 9.12495 7.8393 
11.2494 18.6239 20.458 18.6502 14.6888 8.48624 7.84342 
11.2914 18.8675 20.8957 17.9918 14.6777 8.35423 7.92171 
11.289 17.673 21.6217 18.251 14.2237 9.03039 7.91119 
11.2499 18.702 23.1427 16.973 12.9415 9.11161 7.87936 
10.6578 18.6508 22.4028 17.5675 13.5823 9.2604 7.87841 
10.3851 19.1007 22.325 17.0983 14.2069 9.01222 7.87179 
10.8845 17.8093 22.2116 17.5893 14.8043 8.85879 7.84215 
10.8302 16.5555 21.1274 19.1395 15.4841 8.95526 7.90814 
11.5153 16.5566 20.6944 17.8486 16.7834 8.72599 7.87564 
12.064 17.3999 20.1445 17.8207 16.3872 8.30444 7.87926 
12.1544 18.2238 20.6165 15.9398 15.5632 9.5944 7.90788 
11.6816 18.4525 20.8577 16.7611 15.0344 9.30269 7.90999 
10.6907 20.0808 21.5143 15.4244 14.9075 9.50123 7.88109 
11.0793 19.7881 21.3076 16.1985 14.1051 9.68181 7.83963 
11.9013 19.3807 21.0333 17.251 13.8606 8.74715 7.82606 
10.4149 18.7305 20.2265 18.2237 16.0821 8.50304 7.81928 
10.1838 18.2515 19.5919 18.8275 16.5718 8.75389 7.81959 
9.75695 17.0205 20.4419 20.6578 15.7022 8.56355 7.85717 
9.77597 16.7107 20.0159 20.4656 16.8488 8.26811 7.91492 
9.43344 17.0874 20.4147 19.6825 17.3957 8.08142 7.90483 
10.4144 17.7298 20.6724 17.8645 17.0699 8.34304 7.9059 
11.337 17.5187 18.8699 18.0669 18.1504 8.13786 7.9193 
9.68636 17.0183 20.3724 19.6361 16.7761 8.64483 7.8659 
9.99906 16.4228 20.7378 19.6502 17.0211 8.27925 7.88978 
9.85027 16.6691 22.3092 18.0341 17.0927 8.11972 7.92499 
9.20387 15.914 23.624 19.0415 16.1258 8.21634 7.87448 
10.4843 14.6629 24.6355 19.1678 15.0041 8.10817 7.93724 
11.9088 15.7838 23.3892 18.5125 14.5258 7.98266 7.89719 
12.4098 15.1689 23.6664 18.8806 13.9531 7.98194 7.93921 
12.0217 14.5151 23.9619 19.2176 14.4023 7.95137 7.93 
13.1708 15.7301 23.0788 17.604 14.5997 7.91363 7.90295 
12.9736 15.7275 22.5959 17.8929 14.6709 8.25657 7.88268 
13.0858 15.2241 22.7193 18.5911 14.442 8.06229 7.87535 
14.4441 15.3898 21.73 18.1845 14.3815 7.98176 7.88829 
15.3173 15.1949 20.1507 18.497 15.0479 7.91945 7.87272 
16.3708 15.047 22.1966 16.8243 13.8371 7.87387 7.8505 
15.2709 15.4112 22.9967 17.3693 13.3357 7.81394 7.80226 
14.9587 15.9127 22.2307 18.2806 12.981 7.82111 7.81527 
14.852 14.9268 23.8499 18.5237 12.2546 7.79796 7.79503 
14.3182 14.2303 23.4538 19.0363 13.3954 7.78369 7.78223 
13.9829 14.6834 23.0172 20.5603 12.0327 7.86207 7.86134 
13.5299 14.1366 22.7907 21.6904 12.042 7.90539 7.90503 
11.8252 14.2972 22.2387 23.0139 12.768 7.9286 7.92842 
11.7793 15.0153 24.3194 21.1069 11.8507 7.9643 7.96421 
10.9835 14.076 24.6262 22.4838 12.0915 7.86955 7.8695 
10.9748 15.132 23.9319 22.469 11.7899 7.85122 7.8512 
11.4367 14.7812 23.8647 22.8801 11.338 7.84966 7.84965 
12.2069 13.7519 23.7644 23.9082 10.6308 7.86885 7.86885 
12.9399 13.5784 24.4827 22.9461 10.4092 7.82183 7.82182 
12.6428 14.0731 24.9574 22.4607 10.1429 7.86153 7.86153 
12.9003 15.1945 25.2419 21.3619 9.54513 7.87813 7.87813 
12.9835 14.5306 25.2876 20.5476 10.6392 8.0724 7.93907 
13.4362 14.0708 25.1438 20.9683 10.4585 8.06398 7.85842 
11.908 13.7443 25.6099 22.7626 10.166 7.95604 7.85326 
11.552 14.3785 26.0365 23.0861 9.027 8.04927 7.87065 
11.4704 13.5781 25.5182 24.8764 8.81906 7.91352 7.82421 
11.6176 13.6944 24.396 26.1211 8.37372 7.92096 7.8763 
11.6584 14.5074 24.0364 24.899 9.20079 7.8602 7.83787 
11.7196 15.4729 23.5251 24.7783 8.70998 7.9027 7.89154 
13.983 14.8793 23.5272 23.1734 8.69673 7.87292 7.86734 
14.3445 13.9904 23.9294 22.8167 9.29489 7.81347 7.81067 
15.0101 14.4277 23.9917 22.084 8.83663 7.82565 7.82426 
14.5805 13.6604 24.26 22.0483 9.76423 7.84364 7.84295 
14.1616 13.8477 23.0949 23.451 9.70668 7.86919 7.86884 
14.2237 12.5786 24.1963 23.3327 10.0617 7.80364 7.80347 
13.8842 12.7735 24.7782 23.626 8.92133 8.22459 7.79222 
13.9023 12.7788 24.8891 23.6028 8.86407 8.08957 7.87338 
12.8651 12.9754 26.5575 22.9573 8.86752 7.94263 7.83454 
13.5547 10.8482 26.9415 24.56 8.35818 7.89574 7.84169 
13.6209 11.29 28.5546 22.3359 8.5087 7.85848 7.83146 
15.2961 9.56145 27.9849 23.3089 8.1708 7.84569 7.83218 
16.2687 10.2405 26.3487 23.4361 8.10839 7.80216 7.7954 
14.8991 9.53201 27.145 24.5122 8.17184 7.87167 7.86829 
15.0552 9.55474 26.1077 24.5096 9.0155 7.87949 7.87781 
15.7121 8.64642 26.5955 24.9036 8.52561 7.8088 7.80795 
14.8983 10.0979 25.833 24.5645 8.91069 7.84806 7.84764 
15.0384 9.95964 26.7558 24.3358 8.32439 7.79308 7.79287 
14.6215 10.0935 26.4461 24.5259 8.56561 7.87381 7.87371 
15.741 9.26185 27.6126 22.728 8.93397 7.86132 7.86127 
15.8351 10.2356 25.7532 23.9009 8.44928 7.91296 7.91294 
14.8908 10.9042 24.8944 25.1552 8.52731 7.81405 7.81404 
14.4987 9.8408 27.3375 24.4898 8.18215 7.82552 7.82551 
14.3922 10.8475 26.1307 24.251 8.65035 7.86413 7.86412 
13.9239 10.9283 26.2152 24.205 8.91233 7.9076 7.9076 
14.3102 10.8955 25.7274 24.7223 8.44977 7.94741 7.94741 
15.2912 10.6252 26.769 22.5683 8.81069 7.96779 7.96779 
15.8546 9.34247 27.2651 23.5229 8.28594 7.86449 7.86449 
16.4707 10.2735 26.5177 22.1256 8.90487 7.85381 7.85381 
17.1796 9.09568 26.602 22.9396 8.41138 7.88585 7.88585 
17.9465 9.3724 27.1899 20.9727 8.73785 7.89029 7.89029 
18.1161 9.97192 25.0235 22.6292 8.36893 7.94515 7.94515 
16.5865 9.8155 25.722 23.8146 8.16174 7.94985 7.94985 
17.7244 8.79997 26.1843 23.584 7.97308 7.86714 7.86714 
18.8622 9.6941 25.151 22.5273 7.95713 7.90416 7.90416 
18.4311 9.41848 25.5755 22.6922 7.97857 7.95208 7.95208 
18.7171 9.84943 26.9622 20.8477 7.88336 7.87012 7.87012 
18.9682 9.42922 26.6943 21.0845 8.14589 7.83896 7.83896 
19.1662 10.3504 25.9194 20.9469 7.97468 7.82122 7.82122 
18.7016 9.88647 25.8776 21.8716 7.93871 7.86198 7.86198 
16.8432 8.91877 27.0061 23.474 7.94489 7.90652 7.90652 
16.7038 10.7477 27.4601 21.2462 7.96017 7.94099 7.94099 
17.6791 9.3494 27.3386 21.7852 7.95562 7.94603 7.94603 
17.4151 10.7794 26.024 22.0845 7.90223 7.89743 7.89743 
17.1188 9.28376 26.4076 23.659 7.8452 7.8428 7.8428 
16.0669 10.1974 27.4681 21.7394 8.87755 7.8253 7.8253 
15.2682 8.95724 27.8819 24.053 8.2973 7.77117 7.77117 
15.7666 9.4485 27.3446 23.4723 8.36552 7.80125 7.80125 
17.3585 9.68052 25.6256 23.2522 8.41016 7.83648 7.83648 
16.9855 9.23765 26.9822 22.8639 8.27674 7.82704 7.82704 
18.1142 9.82387 27.0558 21.2111 8.08159 7.85674 7.85674 
20.7238 8.85133 26.4067 20.3025 7.98019 7.86776 7.86776 
18.4544 9.77249 26.4981 21.712 7.89183 7.83562 7.83562 
18.8545 8.76823 27.2242 21.7255 7.8279 7.7998 7.7998 
20.8951 8.81837 27.0678 19.1197 8.3482 7.87543 7.87543 
21.0957 8.26721 27.8857 19.1277 8.03213 7.79574 7.79574 
21.1583 8.05802 27.6057 19.0115 8.52188 7.82229 7.82229 
21.073 8.50432 27.6917 18.765 8.42761 7.76917 7.76917 
21.8798 8.13276 26.5324 19.8303 8.0944 7.76518 7.76518 
20.1836 8.82828 26.2914 21.1196 7.96877 7.80416 7.80416 
19.5918 9.41414 25.1457 22.0598 7.98438 7.90208 7.90208 
19.2299 10.2102 25.1515 21.5645 8.08024 7.88186 7.88186 
18.2407 9.05248 26.6108 22.332 7.98749 7.8883 7.8883 
17.2993 9.77315 25.8054 23.203 8.31473 7.80217 7.80217 
18.3536 8.83394 25.8961 23.1147 8.10473 7.84846 7.84846 
18.2963 9.13395 24.7405 23.507 8.61212 7.85505 7.85505 
17.5609 8.53523 26.0211 23.817 8.27431 7.89578 7.89578 
17.0861 9.41712 25.8012 22.5397 9.28666 7.9346 7.9346 
