5 80000 300 266
14 14 14 14 14 14 14 
15.4656 13.4815 17.7143 17.7143 12.6878 10.9683 10.9683 
13.9363 15.3015 19.8993 17.7901 13.664 9.45435 9.45435 
13.6115 16.2755 21.9543 18.1025 12.4264 8.68988 8.68988 
11.9282 14.7079 22.6698 20.0758 14.0083 8.24249 8.24249 
10.015 15.3401 22.2145 20.9175 15.3375 8.05643 8.05643 
10.6893 17.7837 20.5391 20.3451 14.6006 8.00549 8.00549 
9.76328 19.0081 19.4556 21.3354 14.5096 7.95623 7.95623 
8.87732 21.1671 18.6911 20.7109 14.5982 7.9738 7.9738 
8.6624 20.8575 18.8204 19.8303 15.8607 7.98233 7.98233 
8.47867 21.8343 18.6268 19.9382 15.3036 7.90822 7.90822 
8.51185 21.0788 20.7453 19.3224 14.5802 7.88021 7.88021 
9.22046 20.8231 21.0109 18.8811 14.3823 7.84081 7.84081 
9.58654 21.0751 20.5766 18.4453 14.6556 7.83036 7.83036 
10.2825 20.2034 20.7895 17.8145 15.2037 7.85313 7.85313 
9.94676 21.7722 19.7769 18.7471 14.1236 7.81672 7.81672 
8.89947 20.5859 19.8192 21.2673 13.7593 7.83446 7.83446 
9.4731 20.2228 21.1245 19.8626 13.5385 7.88919 7.88919 
9.59437 19.8271 20.2779 20.1209 14.4707 7.85455 7.85455 
9.21979 19.8644 19.5984 21.4855 14.1149 7.85848 7.85848 
8.50284 18.9346 20.9914 22.0566 13.8701 7.82218 7.82218 
9.58317 19.0645 19.7374 21.9288 14.0441 7.82104 7.82104 
8.70154 17.5891 21.4801 22.1018 14.4865 7.82047 7.82047 
9.81193 18.3819 21.7837 20.881 13.5539 7.79373 7.79373 
9.11157 19.8218 21.6395 20.3704 13.319 7.86883 7.86883 
9.90021 20.0059 21.9837 19.3301 13.0728 7.85365 7.85365 
10.0089 19.8853 20.9918 20.8415 12.4188 7.92683 7.92683 
10.5057 19.8449 19.9091 20.4452 13.5443 7.87539 7.87539 
11.2725 19.5047 17.9398 19.9278 15.6174 7.8689 7.8689 
10.0917 19.7771 19.2422 19.9886 15.1107 7.89485 7.89485 
9.14784 17.9817 20.1532 20.3047 16.5354 7.93855 7.93855 
9.94385 18.776 20.9358 19.4602 15.0696 7.90722 7.90722 
9.11827 17.5588 22.2972 19.974 15.2177 7.978 7.85605 
8.52184 17.8703 20.7057 20.36 16.6998 7.95171 7.89073 
9.21261 17.51 20.7393 19.721 16.9248 7.96136 7.93087 
9.07281 18.1843 20.5434 20.5305 15.7825 7.9509 7.93566 
9.0486 18.9702 20.1497 21.2409 14.8425 7.87789 7.87027 
9.25067 19.1866 19.4032 20.3219 16.0033 7.91904 7.91523 
8.89363 19.1055 19.4577 19.9171 16.9041 7.86196 7.86006 
9.81766 20.5502 18.936 19.0378 15.8689 7.89518 7.89422 
10.2788 20.5376 20.3272 18.4688 14.617 7.88554 7.88506 
11.4501 19.128 20.3578 19.0645 14.3474 7.82626 7.82602 
11.3082 18.373 20.9729 18.7134 14.866 7.88335 7.88324 
11.9974 17.7686 21.5561 18.5607 14.2738 7.92178 7.92172 
11.6084 18.3965 22.8512 18.7925 12.6247 7.86333 7.8633 
11.4692 19.4199 22.5094 19.0022 11.8542 7.87255 7.87254 
11.3857 20.1522 21.9426 18.8377 11.9468 7.86748 7.86747 
11.4181 19.8725 22.6762 18.9608 11.3169 7.87776 7.87776 
11.959 19.6719 23.3573 18.1343 11.0671 7.90523 7.90522 
11.3663 19.3663 23.8334 19.5644 10.2297 7.82002 7.82002 
12.0713 18.8969 22.7275 20.1016 10.5202 7.84121 7.84121 
12.3632 18.3815 22.4059 19.6041 11.4636 7.89083 7.89083 
12.3544 18.45 21.4499 18.8144 13.1392 7.89603 7.89603 
11.3803 19.1235 19.862 19.8133 14.0569 7.88203 7.88203 
10.313 19.1724 21.7315 19.3957 13.7195 7.83396 7.83396 
12.2812 19.001 23.7156 17.2042 12.076 7.861 7.861 
11.8337 17.6688 24.1103 18.5031 12.1024 7.8909 7.8909 
12.2017 17.354 24.3456 18.8884 11.2188 8.13539 7.85606 
14.731 16.7592 23.8167 17.8004 10.9519 8.0403 7.90063 
13.0988 17.1796 23.6417 18.9002 11.2093 8.02015 7.95032 
15.3313 16.2385 23.1523 17.9487 11.412 7.97608 7.94116 
14.9025 14.435 26.0498 18.448 10.3113 7.93541 7.91795 
14.2512 14.0175 26.3582 19.8907 9.55563 7.9677 7.95898 
12.8285 13.6401 26.5743 22.1469 8.88922 7.96263 7.95827 
12.7145 15.5332 26.2899 20.4568 9.27035 7.86872 7.86653 
13.316 15.3697 25.2583 20.9243 9.27435 7.9292 7.92811 
13.1497 13.4859 26.4413 20.8213 10.4383 7.832 7.83146 
14.5978 13.3332 24.682 21.4422 10.3767 7.7842 7.78392 
13.612 13.2323 25.5986 22.5898 9.35503 7.80624 7.8061 
12.5752 13.7956 26.5172 22.0641 9.2929 7.87748 7.87741 
12.0623 14.3626 27.0614 21.0321 9.71687 7.8824 7.88237 
12.2283 13.9419 26.6293 21.7836 9.64717 7.88486 7.88485 
12.3812 12.9655 27.3474 22.7447 8.77454 7.89339 7.89338 
11.5097 12.5998 27.2375 23.7394 9.04152 7.93605 7.93605 
10.5936 14.3644 26.6564 23.9665 8.68743 7.86588 7.86587 
11.9544 13.2963 25.8282 22.9887 10.1861 7.87316 7.87315 
12.6617 14.6696 25.4809 22.1895 9.37113 7.81358 7.81358 
11.6219 14.6099 26.6294 22.4704 8.91837 7.87505 7.87505 
12.2109 13.8383 26.648 22.9685 8.45918 7.93752 7.93752 
11.5109 13.1354 26.9727 23.6464 8.95932 7.88768 7.88768 
11.8248 13.3596 25.1915 24.251 9.68197 7.84557 7.84557 
12.4096 12.612 26.1551 22.4362 10.6319 7.87759 7.87759 
11.9844 12.0856 26.1152 23.3149 10.8267 7.83664 7.83664 
12.8549 11.0848 28.3237 21.7415 10.3153 7.83989 7.83989 
12.9139 10.9478 27.27 23.8437 9.34685 7.83886 7.83886 
12.8602 12.2859 26.3053 23.911 8.89686 7.87039 7.87039 
13.1253 11.9834 26.1156 23.4939 9.43418 7.9238 7.9238 
13.2293 11.8584 26.7911 22.947 9.25043 7.9619 7.9619 
11.6693 10.9838 28.5595 22.8123 10.0897 7.9427 7.9427 
11.7251 11.7933 25.6496 24.5568 10.3873 7.94395 7.94395 
12.4997 11.7963 26.5416 23.1929 10.0609 7.95428 7.95428 
11.3745 12.5464 26.2902 24.3388 9.7396 7.85525 7.85525 
10.6148 12.5051 27.7828 23.6187 9.79734 7.84067 7.84067 
11.4821 12.879 27.4456 23.2551 8.96493 8.1372 7.836 
12.6067 13.1559 26.7079 22.9708 8.81082 7.9492 7.7986 
13.5341 12.1164 26.4309 23.3316 8.7131 7.9746 7.8993 
15.1236 11.0721 26.8645 21.9722 9.2312 7.88702 7.84937 
17.2392 10.8147 27.6551 19.9304 8.57455 7.90245 7.88363 
16.4812 10.7532 26.0917 22.0721 8.84702 7.88205 7.87263 
17.1469 10.6891 26.4834 21.1923 8.79851 7.84727 7.84257 
16.1666 11.0752 27.4251 20.6248 9.12705 7.79183 7.78948 
16.6199 10.2632 26.8223 20.8307 9.74645 7.85933 7.85815 
17.5509 10.7422 27.9326 18.5012 9.49369 7.89006 7.88947 
19.695 10.5435 27.7594 17.7276 8.62615 7.82434 7.82405 
18.8181 11.8894 27.5562 17.5403 8.43072 7.88276 7.88261 
20.2986 10.6993 29.4223 15.3652 8.35647 7.92911 7.92904 
20.9562 10.537 29.5526 14.8872 8.35691 7.85504 7.85501 
20.3651 10.6357 29.3243 15.6357 8.2745 7.88232 7.88231 
20.8744 10.821 28.8131 15.6795 8.06807 7.87198 7.87197 
20.8399 11.1152 27.8294 16.229 8.39645 7.79505 7.79505 
19.6967 10.4318 28.2229 17.8629 8.12904 7.82834 7.82834 
19.7862 10.4954 28.7077 17.3166 8.10179 7.79616 7.79616 
20.6623 9.2477 27.7385 18.5044 8.05089 7.89808 7.89808 
20.6031 8.85346 29.7303 17.1072 7.95294 7.87653 7.87653 
20.8694 8.6854 28.903 17.5441 8.23514 7.88148 7.88148 
23.5552 9.66185 27.2175 15.3324 8.5502 7.84145 7.84145 
22.6085 9.28196 27.2586 17.0134 8.28103 7.77829 7.77829 
23.4796 9.18644 28.0773 15.3249 8.3613 7.78525 7.78525 
23.3712 8.97388 28.3891 15.3664 8.2592 7.82012 7.82012 
23.5318 8.48694 28.5023 15.5293 8.1296 7.91006 7.91006 
22.8088 9.61157 26.3677 17.2739 8.05253 7.94276 7.94276 
22.13 8.749 27.2217 18.1007 7.96948 7.9146 7.9146 
21.9213 9.72618 27.9839 16.5427 7.96028 7.93283 7.93283 
20.2774 9.83204 28.8988 17.4328 7.86213 7.8484 7.8484 
21.3008 10.2677 27.2934 17.432 7.9066 7.89974 7.89974 
21.3422 10.0081 27.9549 17.0493 7.88412 7.88069 7.88069 
19.9304 9.27754 28.7923 17.6415 8.50046 7.92895 7.92895 
18.8649 9.65495 28.7974 18.3677 8.61916 7.84797 7.84797 
17.9201 9.76575 29.2135 19.369 8.16761 7.78201 7.78201 
17.96 8.88287 28.7734 20.5178 8.0838 7.891 7.891 
17.1339 8.74913 29.3098 20.7205 8.19575 7.9455 7.9455 
20.1948 8.52739 28.11 19.1642 8.08458 7.95946 7.95946 
19.7964 9.28042 26.9313 20.4517 7.88845 7.82588 7.82588 
19.197 8.75606 29.1669 19.2197 7.90764 7.87636 7.87636 
21.6846 8.35154 29.3185 16.8946 7.92733 7.91169 7.91169 
21.9344 8.78328 27.2873 18.0036 8.22988 7.88076 7.88076 
23.6682 8.89325 27.7915 16.0758 7.97346 7.7989 7.7989 
24.5927 8.92938 29.2406 13.5551 7.95225 7.86497 7.86497 
25.2771 8.31084 28.5626 14.4699 7.82228 7.77864 7.77864 
25.1793 8.06422 28.6136 14.4011 8.14567 7.79811 7.79811 
25.7226 8.30426 28.3891 13.8461 8.02853 7.85475 7.85475 
26.7409 7.99828 29.9136 11.9398 7.86042 7.77353 7.77353 
26.1255 7.91071 29.2425 13.2828 7.84177 7.79833 7.79833 
25.1746 7.83734 29.6834 13.9395 7.80287 7.78115 7.78115 
25.9553 7.91173 29.7722 12.6989 7.89449 7.88363 7.88363 
26.5398 7.87743 30.0822 11.905 7.86882 7.86338 7.86338 
24.8686 7.85721 30.4016 13.3193 7.8529 7.85019 7.85019 
26.0409 7.86303 29.2992 13.217 7.86088 7.85952 7.85952 
24.9806 7.91823 28.2708 15.0803 7.91715 7.91647 7.91647 
24.395 7.87068 27.9109 16.2136 7.87014 7.8698 7.8698 
23.2405 8.07644 29.4463 15.3154 7.9228 8.076 7.92263 
24.6565 7.99862 28.2545 15.2485 7.9218 7.9984 7.92171 
25.4002 7.92088 26.8723 16.121 7.88247 7.92077 7.88242 
24.9187 8.1405 29.1918 14.1698 7.96053 7.8189 7.79973 
24.5455 8.20932 29.6621 13.873 7.95377 7.88296 7.87338 
25.2038 8.07018 29.1414 13.833 7.9424 7.907 7.90221 
23.9022 8.36946 28.8122 15.2757 7.99597 7.82347 7.82107 
23.9319 8.49783 28.1441 15.625 7.9916 7.90534 7.90415 
23.0028 8.09507 29.1222 16.341 7.84195 7.79883 7.79823 
24.1726 7.98589 27.746 16.5609 7.85933 7.83777 7.83747 
22.9277 8.20006 29.0834 16.3711 7.81316 7.80238 7.80223 
22.0599 8.07354 28.7801 17.4571 7.88009 7.8747 7.87462 
23.4873 7.96169 28.3832 16.5784 7.86496 7.86226 7.86223 
21.0424 8.24914 28.6733 17.588 8.65809 7.89455 7.89453 
21.3186 8.11128 27.9579 18.4285 8.31576 7.93398 7.93398 
22.0311 8.02676 26.7948 19.1421 8.129 7.93811 7.93811 
22.8096 8.1662 26.3542 18.7072 8.05121 7.95577 7.95576 
21.7496 8.47182 26.6567 19.385 7.9441 7.89638 7.89638 
21.2915 8.40257 28.9534 17.505 7.96511 7.94124 7.94124 
20.8888 8.54157 27.3239 19.3428 7.97561 7.96368 7.96368 
20.834 8.16689 27.7853 19.2493 8.20858 7.87794 7.87794 
20.7373 7.99803 28.4834 19.0553 8.01888 7.85356 7.85356 
21.3884 7.94639 28.3864 18.5737 7.95681 7.87415 7.87415 
20.3461 8.40357 27.6426 19.4134 8.40878 7.89277 7.89277 
22.1796 9.30047 26.6502 17.9304 8.15176 7.89375 7.89375 
23.676 8.61575 27.4631 16.379 8.0414 7.91239 7.91239 
23.0661 9.22016 29.1701 14.6807 8.23123 7.81585 7.81585 
23.6191 9.08028 28.1612 15.2874 8.08912 7.88143 7.88143 
24.6667 8.66712 28.3663 14.4691 8.01282 7.90897 7.90897 
26.3598 8.29396 28.2096 13.3402 7.9668 7.91488 7.91488 
26.103 8.14698 28.4125 13.4393 7.9834 7.95744 7.95744 
25.4664 8.32519 29.3423 13.1822 7.90327 7.89028 7.89028 
26.0894 8.10095 29.3972 12.5843 8.06122 7.8835 7.8835 
26.8326 7.98987 29.6986 11.4437 8.27304 7.88114 7.88114 
27.5359 7.98165 29.135 11.2036 8.28934 7.92728 7.92728 
27.023 8.18545 28.8292 12.3132 8.00373 7.8227 7.8227 
25.05 9.64828 28.0898 11.7121 9.13007 8.18486 8.18486 
24.6745 8.87399 28.8424 13.1769 8.45912 7.98651 7.98651 
24.3114 8.32049 28.4989 15.0027 8.11305 7.87675 7.87675 
27.0158 8.0064 28.5851 12.9209 7.90268 7.78453 7.78453 
25.2222 9.57463 29.0068 12.4605 7.95134 7.89226 7.89226 
25.8898 8.88567 27.7821 13.7712 7.9101 7.88056 7.88056 
25.6138 8.32797 27.9113 14.487 8.0091 7.82541 7.82541 
24.0922 8.08248 27.9055 16.3344 7.92305 7.8312 7.8312 
24.7734 8.04124 28.8618 14.5308 7.96152 7.9156 7.9156 
24.8321 8.60577 26.4397 14.689 8.78426 8.32461 8.32461 
25.1279 10.0232 25.0842 13.4886 9.26501 8.61146 8.39959 
24.564 9.37525 28.3603 12.5625 8.6325 8.30573 8.1998 
24.282 9.48762 28.5801 12.4812 8.91625 8.15286 8.0999 
24.8019 9.46484 27.8094 12.0346 9.17916 8.36828 8.34179 
24.711 9.13972 28.3424 13.0082 8.54095 8.13551 8.12227 
25.2231 8.43015 29.2447 13.1217 8.13077 7.92805 7.92143 
26.8973 8.18333 28.7097 12.1164 8.23205 7.93228 7.92897 
25.9486 8.57884 30.5407 10.7056 8.6032 7.81229 7.81064 
27.4261 8.27613 29.0577 11.1668 8.28831 7.89286 7.89203 
27.0211 8.7008 29.1677 11.0967 8.13655 7.93882 7.93841 
27.2605 8.4129 28.8026 11.3296 8.44328 7.87566 7.87546 
27.8936 8.12495 28.1944 11.9344 8.14013 7.85633 7.85622 
27.1575 8.07585 29.1474 12.1545 7.91622 7.77432 7.77427 
26.4121 8.37126 28.0737 13.4106 7.95811 7.88716 7.88713 
27.077 8.37918 28.2304 12.8343 7.85002 7.81455 7.81453 
25.1141 8.36965 28.4239 14.7773 7.78353 7.76579 7.76579 
25.5505 8.1322 28.0277 14.79 7.83913 7.83027 7.83026 
26.4577 7.95123 28.5409 13.645 7.8047 7.80027 7.80027 
25.6878 7.91004 29.0245 13.8717 7.83678 7.83456 7.83456 
26.6499 8.0595 28.3182 13.4657 7.8363 7.83519 7.83519 
26.9768 8.63726 28.3229 12.5349 7.84306 7.84251 7.84251 
26.4136 9.2506 28.1071 12.73 7.8331 7.83282 7.83282 
26.8772 8.74515 28.8475 11.983 7.84913 7.84899 7.84899 
26.4575 8.7122 27.82 13.35 7.88683 7.88676 7.88676 
25.2287 8.50995 28.8331 13.2904 8.25111 7.94338 7.94338 
23.1228 8.66175 29.6708 14.7808 8.02386 7.87 7.87 
25.0097 8.29639 28.9733 13.9421 7.97745 7.90051 7.90051 
24.9252 8.12909 29.9325 13.022 8.12885 7.93115 7.93115 
24.3674 7.97611 29.9322 13.994 7.97599 7.87714 7.87714 
24.4674 8.1403 29.153 14.4364 7.96723 7.91781 7.91781 
25.2968 8.27436 28.5405 14.2753 7.88752 7.86281 7.86281 
25.3086 7.98333 29.1741 14.1889 7.78991 7.77756 7.77756 
24.501 7.99863 30.7891 13.3662 7.90193 7.72153 7.72153 
26.4143 8.09488 29.729 12.3145 7.87588 7.78568 7.78568 
27.3863 7.92804 29.3421 11.9782 7.81854 7.77344 7.77344 
27.1823 8.28057 29.9588 11.025 7.8661 7.84355 7.84355 
28.2138 8.0711 28.6587 11.4874 7.86387 7.85259 7.85259 
28.9507 8.09805 28.2356 11.2124 7.83818 7.83255 7.83255 
28.3452 8.15861 29.7 10.2295 7.85745 7.85463 7.85463 
27.843 8.19916 30.0185 10.3582 7.86131 7.8599 7.8599 
26.9877 7.93233 31.2114 10.5798 7.76341 7.7627 7.7627 
26.756 8.23446 30.5447 10.9301 7.84512 7.84477 7.84477 
25.878 8.01333 29.0711 13.582 7.81866 7.81849 7.81849 
27.2923 8.10761 28.8888 12.1538 7.85255 7.85246 7.85246 
27.0531 7.99702 29.7441 11.4397 8.02722 7.86945 7.86945 
27.765 7.97202 30.2694 10.19 7.98712 7.90823 7.90823 
27.226 7.97374 28.785 12.1502 7.98129 7.94185 7.94185 
26.113 8.05664 28.782 13.3426 7.91506 7.89534 7.89534 
26.0435 7.92442 28.6767 13.8141 7.85364 7.84377 7.84377 
26.402 8.18756 27.7186 14.3014 7.80006 7.79513 7.79513 
26.7749 8.73296 28.1205 12.649 7.85192 8.02127 7.84945 
25.394 8.80727 29.6852 12.41 7.87333 7.95801 7.8721 
26.0097 8.2736 29.2389 13.0162 7.80663 7.84897 7.80602 
25.8862 8.03511 29.0262 13.6267 7.80162 7.82279 7.80131 
23.5536 7.94197 29.048 15.9703 7.82523 7.83581 7.82508 
25.77 7.8959 28.1759 14.6405 7.83753 7.84282 7.83745 
26.4266 7.94101 28.1504 13.7438 7.91182 7.91447 7.91178 
25.7133 8.33797 28.2318 13.7996 8.17278 7.8729 7.87155 
25.4373 8.36253 27.6643 14.9643 7.95736 7.80742 7.80674 
25.5018 8.06476 28.5571 14.4401 7.86217 7.7872 7.78687 
27.5827 8.00792 26.6639 14.1008 7.90662 7.86914 7.86897 
26.5573 7.95533 28.5295 13.2814 7.90468 7.88594 7.88585 
26.7867 8.81637 29.7889 10.673 7.9846 7.97523 7.97518 
26.7633 8.62064 31.0117 10.0984 7.83845 7.83377 7.83375 
26.7804 8.55869 31.0287 10.1146 7.84079 7.83845 7.83844 
26.8328 8.21377 29.4488 11.9425 7.85482 7.85365 7.85365 
26.5079 8.0501 28.92 12.9113 7.87063 7.87004 7.87004 
26.5985 8.41694 28.987 12.5367 7.82045 7.82016 7.82016 
27.3671 8.27627 29.0698 11.8616 7.80853 7.80838 7.80838 
28.6425 8.44141 28.2644 10.6439 8.00263 8.00255 8.00255 
27.5801 8.53381 28.8287 11.0728 7.99492 7.99489 7.99489 
14 14 14 14 14 14 14 
12.2279 15.311 17.0536 16.7855 14.7748 11.9598 10.8874 
12.4841 15.7084 18.9835 16.9264 16.0412 9.94624 9.41005 
12.1244 16.1121 17.7497 18.418 17.7491 8.9324 8.6643 
11.474 16.7619 18.5219 19.3266 16.9922 8.4662 8.33215 
11.0658 16.8844 18.7848 19.754 17.1129 8.20135 8.13433 
10.2272 15.9749 22.8203 18.6106 16.3075 8.03081 7.9973 
11.2361 15.924 22.9748 19.396 14.503 7.98366 7.9669 
10.3371 16.2766 23.3975 19.4733 14.6672 7.92441 7.91604 
11.6434 17.6107 21.8906 18.1299 14.8876 7.91904 7.91485 
11.7108 17.004 21.4534 19.4576 14.6031 7.88562 7.88352 
10.9691 17.0247 21.4085 21.547 13.2107 7.92008 7.91903 
9.82725 15.9067 21.6197 21.689 15.056 7.95065 7.95013 
9.04098 16.7977 21.0693 21.2218 16.1365 7.86683 7.86657 
9.0048 17.1432 19.5033 21.5975 17.0369 7.85718 7.85705 
9.41107 17.8182 19.4548 21.7576 15.7102 7.92403 7.92396 
9.59443 17.5758 20.3941 21.101 15.4107 7.96201 7.96198 
10.6285 17.5968 19.6263 20.2279 16.018 7.95123 7.95121 
9.93136 18.0326 18.2591 19.4608 18.482 7.91706 7.91705 
9.86998 18.8249 19.0578 17.1467 19.2888 7.9059 7.90589 
8.84124 19.3455 18.011 18.618 19.4658 7.8592 7.8592 
8.7985 19.235 17.7613 19.1016 19.4103 7.84665 7.84665 
8.48088 18.0075 18.7446 19.9816 19.0022 7.89158 7.89158 
8.92428 18.3714 19.6767 19.3585 17.8149 7.92705 7.92705 
8.40951 18.2766 19.4077 20.4448 17.6395 7.9109 7.9109 
8.24063 17.8827 19.7936 20.2 18.1247 7.87921 7.87921 
10.0165 18.7291 18.859 19.416 17.3171 7.83112 7.83112 
9.12592 18.541 19.0766 19.3551 18.0703 7.91556 7.91556 
8.62616 18.7513 18.3419 20.8514 17.613 7.90812 7.90812 
8.81655 20.3456 18.8707 19.0862 17.1206 7.88016 7.88016 
8.34971 20.6458 18.3318 19.7908 17.1189 7.88152 7.88152 
8.23806 18.675 21.0169 19.2634 17.0244 7.8911 7.8911 
8.18224 18.5926 21.5694 17.9838 17.8802 7.89589 7.89589 
9.75377 19.1758 20.0618 18.9919 16.169 7.92385 7.92385 
10.4989 18.5592 19.9591 19.185 15.9792 7.90929 7.90929 
9.99482 19.2333 19.9333 20.0091 15.0498 7.88983 7.88983 
9.09379 19.1347 21.4124 20.0046 14.5129 7.92082 7.92082 
10.2612 18.9721 20.5872 20.2404 14.1612 7.88898 7.88898 
10.6861 19.375 18.4047 20.7869 14.8584 7.94449 7.94449 
11.0168 18.5527 19.7224 21.0317 13.9304 7.87295 7.87295 
11.1304 17.53 21.9426 20.2049 13.4245 7.88385 7.88385 
11.5893 17.9216 22.4171 19.1386 13.0978 7.91783 7.91783 
10.5048 17.7772 22.9235 18.748 14.1576 7.94442 7.94442 
11.1418 16.9415 22.6396 20.0711 13.3288 7.93856 7.93856 
11.3591 16.2294 22.2804 21.1193 13.1915 7.91016 7.91016 
11.1143 15.7234 23.8214 20.5838 12.8759 7.94059 7.94059 
12.7342 15.3976 23.992 20.1005 11.9404 7.91766 7.91766 
11.2613 15.8998 24.2976 20.8968 11.7903 7.92709 7.92709 
11.2003 17.0638 21.5159 21.8408 12.604 7.88759 7.88759 
9.92112 16.4332 23.9678 21.1673 12.7218 7.89441 7.89441 
9.77537 15.9944 24.3296 21.6948 12.4103 7.89782 7.89782 
9.92454 16.4738 22.3614 22.641 12.839 7.88012 7.88012 
10.7167 15.9096 22.4339 22.7016 12.4297 7.90425 7.90425 
10.1316 16.5467 21.4795 21.9713 14.0908 7.89007 7.89007 
11.1228 15.3992 24.3977 20.1305 13.2212 7.86428 7.86428 
12.1059 14.7677 25.5496 19.4894 12.3697 7.85884 7.85884 
11.746 15.3046 25.3986 20.8833 10.8878 7.88982 7.88982 
12.6369 14.6815 25.0335 20.9191 10.8816 7.92369 7.92369 
10.9835 15.2355 24.7177 22.4213 10.8236 7.90921 7.90921 
9.89275 15.8085 24.706 22.7021 11.1575 7.86659 7.86659 
9.95957 16.7433 23.8306 23.6202 10.0642 7.89108 7.89108 
10.165 17.1371 23.0264 22.7977 11.0815 7.89616 7.89616 
9.92119 16.2608 23.9202 23.0614 10.9998 7.9183 7.9183 
10.9708 16.1867 23.8527 21.5051 11.638 7.92334 7.92334 
11.554 16.4047 22.8762 21.1747 12.1515 7.91946 7.91946 
11.8995 14.3248 24.5759 21.8119 11.5604 7.91381 7.91381 
11.0164 15.2957 24.0213 22.1059 11.6469 7.9569 7.9569 
10.8517 14.8998 23.8427 20.3405 14.2204 7.92247 7.92247 
11.7895 16.0213 23.6097 19.9105 12.9543 7.85734 7.85734 
12.6617 15.4041 24.0855 19.4791 12.7428 7.81338 7.81338 
11.6784 16.2582 25.6791 20.0336 10.7832 7.7837 7.7837 
12.4874 15.8853 25.0279 20.5431 10.5162 7.76996 7.76996 
12.2437 16.2093 25.1806 19.8716 10.7248 7.88498 7.88498 
12.4053 16.9282 22.6171 21.2994 11.1111 7.8195 7.8195 
11.9921 17.4115 22.4927 21.0444 11.345 7.85712 7.85712 
11.1173 17.6006 22.8367 21.4387 11.3329 7.83691 7.83691 
11.085 17.0898 25.3657 20.7193 10.0085 7.86583 7.86583 
11.4172 15.8556 26.3904 20.9341 9.70401 7.84936 7.84936 
12.1153 16.2843 24.4765 21.6091 9.86593 7.8244 7.8244 
11.4777 15.0527 25.1109 23.8127 8.86251 7.84174 7.84174 
12.7443 13.9824 24.9181 23.7195 8.82686 7.90439 7.90439 
12.4533 13.4777 25.2969 23.076 9.95397 7.87111 7.87111 
13.2129 13.4512 25.6621 21.812 10.0455 7.90816 7.90816 
12.512 11.9749 26.6106 22.5858 10.5345 7.89109 7.89109 
13.4798 11.7948 26.4781 23.1909 9.23328 7.91155 7.91155 
13.9637 11.8464 27.2617 22.3603 8.72429 7.92178 7.92178 
14.0471 12.0373 26.8102 22.8649 8.43823 7.90111 7.90111 
13.708 11.2326 27.0415 23.1972 9.16564 7.82756 7.82756 
13.0184 11.0957 28.3153 23.1054 8.69241 7.88638 7.88638 
16.033 9.56573 27.9969 21.8206 8.9593 7.81224 7.81224 
14.6741 11.3046 28.4006 20.9646 8.96335 7.84634 7.84634 
14.0513 12.6523 26.9146 21.3395 9.19596 7.92317 7.92317 
15.8297 12.9707 25.9158 20.6365 8.7508 7.9483 7.9483 
14.5716 11.8108 27.4549 20.6733 9.55292 7.96823 7.96823 
15.5698 10.935 27.3369 21.2834 8.91847 7.9782 7.9782 
14.177 11.8595 27.0207 21.4371 9.57287 7.96637 7.96637 
14.6466 10.4356 28.4813 21.6197 9.00155 7.9076 7.9076 
16.1129 10.4051 27.9294 21.4727 8.39127 7.84429 7.84429 
15.9216 9.97784 29.2737 20.9892 8.12822 7.85473 7.85473 
16.244 10.26 28.9441 20.8861 7.97977 7.84303 7.84303 
16.7984 10.4241 29.325 18.9725 8.69577 7.8921 7.8921 
15.6879 10.8972 28.9482 19.6903 9.01261 7.88191 7.88191 
15.2907 10.1598 28.6078 20.7874 9.36953 7.89232 7.89232 
14.5818 11.0048 29.7663 20.3648 8.5865 7.8479 7.8479 
14.6346 10.3461 28.4769 21.4324 9.4495 7.8302 7.8302 
16.0451 9.9068 26.2207 21.3671 10.6419 7.90918 7.90918 
15.5669 9.68713 27.3115 21.4824 10.0547 7.94867 7.94867 
14.3384 10.1789 27.3753 22.3265 9.90539 7.93775 7.93775 
14.571 10.0744 28.6423 21.4352 9.48442 7.89637 7.89637 
14.9288 10.292 29.2893 20.2717 9.20081 8.08831 7.92908 
16.6979 10.1982 27.1882 20.9373 9.13002 8.05112 7.79729 
17.3344 11.1861 28.5216 18.5846 8.62298 7.93861 7.81169 
17.8697 10.8078 29.2915 17.1144 9.06609 7.95703 7.89357 
16.9036 10.2476 28.2395 20.1197 8.7518 7.88477 7.85304 
16.292 9.56169 29.3564 20.5628 8.36998 7.93647 7.9206 
17.9873 9.06656 29.1227 19.6465 8.31197 7.93649 7.92855 
18.7497 8.64913 30.1101 17.9025 8.57672 8.0841 7.92769 
20.5384 8.88431 28.8915 17.5991 8.21918 7.97287 7.89466 
22.0526 8.42305 27.8216 17.239 8.56819 7.96732 7.92822 
20.8216 9.18228 28.9693 16.8066 8.37766 7.93103 7.91148 
20.5012 10.4646 27.7376 17.4395 8.10449 7.88118 7.8714 
22.3245 9.20959 27.9313 16.6743 8.02952 7.91786 7.91297 
20.8801 9.93395 28.229 16.4876 8.71695 7.87743 7.87498 
20.6637 9.75931 27.6928 17.6687 8.35209 7.93232 7.9311 
21.7604 9.16537 27.8146 16.2947 9.09668 7.93442 7.9338 
21.6679 8.86351 28.6333 16.5378 8.4867 7.90556 7.90526 
21.8588 9.09014 28.1365 16.654 8.59117 7.83477 7.83462 
23.0506 8.58547 29.2198 14.8926 8.67269 7.78944 7.78936 
21.9665 9.4398 29.4628 15.0934 8.30693 7.86531 7.86527 
21.7448 8.85897 28.4731 16.3215 8.78923 7.90616 7.90614 
24.5391 8.42949 28.2366 14.4941 8.39461 7.95308 7.95307 
23.2919 8.3681 28.9745 14.9148 8.51041 7.97015 7.97015 
23.5814 8.53889 28.0356 16.0058 8.12617 7.85604 7.85604 
23.784 8.3235 28.8827 15.4353 7.94822 7.81316 7.81316 
24.3525 9.3668 26.9019 15.2886 8.39051 7.8498 7.8498 
23.0177 9.37595 28.8231 14.7641 8.40238 7.80839 7.80839 
23.9694 8.78892 29.2381 14.1644 8.14441 7.84741 7.84741 
23.971 9.01775 28.6601 14.4452 8.18179 7.86206 7.86206 
24.3367 9.27078 29.5086 12.8774 8.40637 7.80008 7.80008 
26.5914 8.80206 28.3761 11.8874 8.85062 7.74619 7.74619 
25.6632 8.64131 30.6192 11.2441 8.31224 7.76002 7.76002 
25.3316 8.93375 29.7441 12.3185 8.17398 7.74906 7.74906 
26.2221 8.69223 30.0129 11.0888 8.4884 7.74777 7.74777 
24.9374 8.23833 30.2759 12.2809 8.73522 7.7661 7.7661 
24.6482 8.60634 29.2405 13.1917 8.85479 7.7292 7.7292 
25.698 8.40652 29.3619 12.5229 8.37876 7.81597 7.81597 
26.4412 8.08675 29.2441 12.4103 8.23469 7.79148 7.79148 
26.6135 7.91242 28.6101 13.348 7.98639 7.76479 7.76479 
26.885 7.94982 28.3626 13.0638 7.98681 7.876 7.876 
25.8235 8.26063 28.1495 13.9922 7.96166 7.90626 7.90626 
26.563 8.40663 28.055 13.2461 7.9282 7.9005 7.9005 
26.7555 8.42409 29.1249 12.1425 7.8602 7.84635 7.84635 
26.2917 8.51668 28.4697 12.6938 8.23474 7.89669 7.89669 
25.7427 8.52191 30.1263 11.7732 8.18714 7.82431 7.82431 
27.3714 8.26095 29.2298 11.22 8.09357 7.91216 7.91216 
28.1594 8.07785 29.582 10.3797 7.99415 7.90345 7.90345 
28.7055 7.95049 29.2468 10.462 7.90864 7.86329 7.86329 
25.0966 8.72731 31.9788 9.77644 8.29316 8.06388 8.06388 
25.7791 8.36365 30.9125 10.7344 8.14658 8.03194 8.03194 
28.0619 8.49217 29.5942 9.84995 8.03881 7.98149 7.98149 
27.3897 8.82624 30.0643 10.2685 7.8362 7.80754 7.80754 
27.9806 8.30922 29.8049 10.4914 7.8142 7.79987 7.79987 
26.157 8.32128 30.0691 11.7457 7.9071 7.89994 7.89994 
27.4068 8.04124 29.5122 11.5445 7.83415 7.83057 7.83057 
28.3677 8.08422 28.8904 11.2493 7.804 7.80221 7.80221 
26.6311 8.47249 29.4241 10.6879 8.54335 8.12051 8.12051 
23.2645 9.59339 27.4671 11.7215 9.62882 9.1623 9.1623 
23.6323 8.99669 29.5336 11.4608 9.21441 8.58115 8.58115 
24.888 8.74671 29.9629 11.4493 8.52877 8.21214 8.21214 
25.5813 8.29493 28.903 12.5874 8.57811 8.02764 8.02764 
26.0599 8.37823 27.5284 13.986 8.32752 7.85997 7.85997 
27.1239 8.38375 27.0192 13.8722 8.02282 7.78905 7.78905 
26.2286 8.35854 28.6763 12.9361 8.01141 7.89452 7.89452 
26.1351 8.17233 29.4423 12.3708 7.99876 7.94032 7.94032 
26.3329 8.50793 29.0069 12.4779 7.91094 7.88172 7.88172 
26.3771 8.76902 29.2192 12.259 7.80163 7.78702 7.78702 
27.1616 8.42491 28.4143 12.3585 8.10957 7.76556 7.76556 
28.0103 8.07152 29.3078 11.2128 7.91384 7.74184 7.74184 
25.3549 8.48361 30.1447 12.3549 7.94465 7.85865 7.85865 
26.5309 8.2227 28.9259 12.5469 7.95322 7.91022 7.91022 
26.7929 8.0497 29.7027 11.7529 7.91497 7.89346 7.89346 
26.9558 8.09265 29.2581 12.1476 7.85579 7.84504 7.84504 
25.64 7.93146 30.1696 12.8306 7.81303 7.80765 7.80765 
23.1887 8.80444 30.753 11.7148 8.51481 8.51212 8.51212 
25.1395 8.58282 30.5939 11.3758 8.10356 8.10221 8.10221 
26.5121 8.45808 29.079 12.2584 7.89793 7.89726 7.89726 
25.3772 8.5851 30.0698 11.811 8.30503 7.9259 7.9259 
26.9984 8.1646 30.8598 10.2826 8.02457 7.83501 7.83501 
26.074 8.87272 31.1485 10.3808 7.9045 7.80972 7.80972 
26.7658 8.67365 29.981 11.1226 7.85055 7.80316 7.80316 
26.6909 8.32922 29.4392 11.8351 7.91767 7.89398 7.89398 
25.5757 9.38044 28.2088 12.3924 8.6351 7.90382 7.90382 
25.4194 9.25162 29.7184 11.6348 8.35264 7.81156 7.81156 
25.0408 8.84878 28.8795 13.5877 8.06145 7.79092 7.79092 
25.9033 8.51361 28.0085 14.0429 7.93407 7.7988 7.7988 
24.0444 9.72038 26.7526 15.2996 8.43723 7.87291 7.87291 
24.6018 8.84108 28.8222 13.7008 8.19951 7.91735 7.91735 
25.2639 9.13435 28.2158 13.2477 8.47686 7.83073 7.83073 
25.1319 9.04248 29.54 12.6424 8.09645 7.77339 7.77339 
26.1736 8.47694 29.327 12.3338 8.00392 7.84239 7.84239 
26.2349 8.12736 30.5894 11.5373 7.89085 7.81008 7.81008 
25.9223 8.02709 29.9288 12.476 7.90884 7.86846 7.86846 
25.5429 7.93512 29.9971 12.9373 7.87599 7.8558 7.8558 
25.8008 8.36495 29.6565 12.6576 7.84679 7.83669 7.83669 
24.907 8.12984 28.973 14.2235 8.03524 7.86572 7.86572 
25.8096 8.51698 28.6988 13.2761 7.95597 7.87121 7.87121 
25.2446 8.10464 29.093 14.1701 7.82414 7.78176 7.78176 
25.6726 7.98314 29.4836 13.2171 8.00012 7.8217 7.8217 
24.7892 8.36867 28.8832 13.1742 9.21892 7.7829 7.7829 
24.9364 8.19771 30.4951 12.44 8.45561 7.73761 7.73761 
26.057 8.62847 30.2301 11.6207 8.06056 7.70156 7.70156 
25.4905 8.2656 29.7047 12.9532 7.98165 7.80215 7.80215 
26.0003 8.32743 28.1074 14.1947 7.84988 7.76013 7.76013 
26.051 8.23151 29.4774 12.8601 7.82325 7.77837 7.77837 
25.2169 8.43674 28.7819 14.3004 7.76965 7.74721 7.74721 
24.9348 8.21143 29.4951 13.5738 8.05149 7.86666 7.86666 
24.1915 8.24364 29.4027 14.3731 7.99126 7.89885 7.89885 
23.4312 8.00381 29.9188 14.9505 8.0329 7.83141 7.83141 
24.9744 7.99552 28.2182 14.9833 8.01006 7.90932 7.90932 
23.9455 7.99081 30.2549 13.9152 7.99809 7.94771 7.94771 
23.8372 8.0632 29.0258 15.2627 8.06684 7.87216 7.87216 
22.3801 8.80083 27.8975 17.016 8.03342 7.93608 7.93608 
23.1573 8.33484 27.5553 17.1965 7.95114 7.90247 7.90247 
23.8593 8.20251 28.5145 15.9667 7.83522 7.81088 7.81088 
23.9818 8.01005 27.938 16.6153 7.8264 7.81424 7.81424 
22.5879 8.18413 29.4914 16.3673 7.7938 7.78772 7.78772 
23.1446 7.98817 29.0314 16.4629 7.793 7.78996 7.78996 
24.2509 7.92266 28.4443 15.91 7.82507 7.82355 7.82355 
25.1885 7.86523 28.9369 13.8109 8.56719 7.81568 7.81568 
25.3811 7.86704 29.2225 13.6267 8.21802 7.84227 7.84227 
26.449 7.79258 29.7119 12.5181 7.96807 7.78019 7.78019 
25.8021 7.93356 30.6945 12.1597 7.86602 7.77208 7.77208 
25.2647 7.96678 31.3472 11.7162 7.93301 7.88604 7.88604 
26.6451 7.96428 29.0494 12.546 7.9474 7.92391 7.92391 
25.1844 7.88604 29.0893 14.231 7.8776 7.86586 7.86586 
23.9929 8.17755 29.3655 14.6073 8.17333 7.84172 7.84172 
24.4964 7.97391 29.0408 14.905 7.9718 7.806 7.806 
24.5696 8.0941 29.699 14.0597 7.91447 7.83157 7.83157 
24.4299 8.30572 31.0956 12.5503 7.90045 7.859 7.859 
24.7956 8.02383 29.7413 14.0171 7.82119 7.80047 7.80047 
24.2846 8.16286 29.965 13.9897 7.87286 7.8625 7.8625 
23.741 7.99992 29.716 14.9886 7.85493 7.84974 7.84974 
23.9866 8.09553 30.2164 14.1496 7.85238 7.84979 7.84979 
22.7625 9.17597 27.9287 12.7158 9.3108 9.0531 9.0531 
25.3744 8.5129 28.4695 12.16 8.58032 8.45146 8.45146 
23.9829 8.57539 29.5171 13.2228 8.27687 8.21244 8.21244 
25.4219 8.17119 29.8071 12.5985 8.02193 7.98972 7.98972 
24.8973 8.20746 29.4197 13.6469 7.95362 7.93751 7.93751 
24.3913 8.72156 30.4742 12.5559 7.9577 7.94965 7.94965 
24.1807 9.2297 30.0311 12.4577 8.28597 7.90741 7.90741 
26.5731 8.58037 28.9811 11.9185 8.1085 7.91922 7.91922 
25.2931 8.40202 30.28 12.2093 8.00162 7.90698 7.90698 
25.3068 8.52794 30.0438 12.6751 7.84696 7.79964 7.79964 
25.9628 8.2208 31.0291 10.834 8.24003 7.85666 7.85666 
27.5028 8.0708 30.036 10.5325 8.08041 7.88872 7.88872 
27.6403 8.42136 30.0765 10.0908 7.98757 7.89173 7.89173 
27.8388 8.10476 29.5242 10.9644 7.88787 7.83995 7.83995 
26.8346 8.11142 31.5518 9.72575 8.18748 7.79451 7.79451 
25.7648 8.01913 31.0198 11.4178 8.05715 7.86067 7.86067 
27.4153 7.9888 29.0047 11.7642 8.00782 7.90957 7.90957 
27.0834 7.97529 29.152 11.9331 7.9848 7.93568 7.93568 
28.4353 7.93901 28.4058 11.4377 7.94377 7.91921 7.91921 
29.2886 7.87022 28.7419 10.5061 7.87259 7.86031 7.86031 
28.4668 7.86002 29.9 10.2018 7.86121 7.85507 7.85507 
29.3754 7.87323 29.3033 9.83278 7.87382 7.87075 7.87075 
29.7539 7.91012 28.8901 9.71771 7.91042 7.90889 7.90889 
28.3385 7.97604 31.0534 9.22949 7.80136 7.8006 7.8006 
14 14 14 14 14 14 14 
11.1131 15.2262 18.5681 17.6684 14.455 10.9846 10.9846 
11.7916 15.4069 18.9963 19.7455 14.6616 9.44912 9.44912 
11.5965 16.6108 20.5433 19.0176 14.6942 8.6438 8.6438 
10.7982 17.2589 19.574 20.0902 15.6029 8.27539 8.27539 
9.6618 17.846 19.9252 19.4921 16.9028 8.05475 8.05475 
9.40756 17.6187 19.1159 20.9589 17.0327 7.91753 7.91753 
9.08766 17.1032 20.4584 20.906 16.6917 7.86872 7.86872 
9.73571 18.371 19.5972 20.8367 15.6822 7.8847 7.8847 
9.14339 19.6368 19.4185 20.8697 15.2045 7.86159 7.86159 
9.15592 19.8397 20.0504 19.2835 15.9178 7.87536 7.87536 
9.83497 20.3171 18.5532 19.6885 15.786 7.90964 7.90964 
9.99831 21.1285 20.3621 19.0821 13.6667 7.88092 7.88092 
10.022 20.4958 20.7975 19.0159 13.7968 7.93589 7.93589 
9.87525 20.542 20.0141 20.3677 13.3464 7.92722 7.92722 
9.53532 19.1216 21.0415 19.6091 14.949 7.87166 7.87166 
10.7984 17.6748 23.7883 18.3572 13.6149 7.8832 7.8832 
10.5597 18.3558 23.1327 19.385 12.8854 7.84068 7.84068 
9.60788 18.9729 21.703 19.1458 14.7571 7.90667 7.90667 
10.5871 19.4864 21.6949 19.2115 13.1617 7.92924 7.92924 
10.7083 20.9183 20.064 18.3615 14.1845 7.88167 7.88167 
10.398 20.2179 19.2425 19.0492 15.3159 7.8882 7.8882 
9.93941 20.9442 18.6506 19.4569 15.22 7.89444 7.89444 
9.60153 18.7856 18.4702 20.061 17.3487 7.86646 7.86646 
9.27504 18.3414 19.7496 19.5383 17.3992 7.84822 7.84822 
9.42221 20.1755 18.7265 19.9366 15.9963 7.87148 7.87148 
10.1229 20.9113 18.8927 19.8507 14.3511 7.93574 7.93574 
9.53202 20.5733 19.9169 20.2783 13.7638 7.96787 7.96787 
10.4171 20.606 21.015 18.3701 13.7615 7.91514 7.91514 
10.4424 20.1026 21.0865 18.4278 14.2304 7.85512 7.85512 
9.43957 20.1009 20.2207 20.5042 13.939 7.89778 7.89778 
9.52528 19.547 19.6069 20.5496 15.0931 7.83905 7.83905 
10.5003 19.9609 18.7028 19.7596 15.2749 7.90079 7.90079 
10.7153 20.0967 18.5374 19.4147 15.4281 7.90388 7.90388 
10.4767 20.1674 18.6735 19.7073 15.2141 7.88051 7.88051 
11.2708 20.6405 19.4295 19.4824 13.4075 7.88457 7.88457 
11.5034 21.445 19.4947 18.6654 13.183 7.85427 7.85427 
10.3813 22.0651 19.7011 19.1707 12.9572 7.86232 7.86232 
10.4724 19.2485 20.766 19.6792 13.9903 7.92177 7.92177 
9.41279 18.6935 21.9582 21.2955 12.8424 7.89883 7.89883 
9.59011 20.5095 20.514 20.5315 13.0491 7.9029 7.9029 
9.62179 20.1558 21.1481 21.2806 11.9701 7.91185 7.91185 
9.49474 20.6165 19.9417 20.8276 13.245 7.93719 7.93719 
10.2085 20.6238 20.2864 20.0012 13.1759 7.85209 7.85209 
10.4109 22.4581 21.346 19.4346 10.7153 7.81755 7.81755 
10.2177 22.2315 19.475 20.5975 11.8369 7.82076 7.82076 
10.5951 18.9711 21.0841 20.8972 12.6516 7.9004 7.9004 
11.2976 18.2356 21.5421 20.4486 12.5758 7.9502 7.9502 
11.3138 17.369 24.0715 19.5839 11.7066 8.03914 7.91599 
12.0002 17.1422 22.981 21.2347 10.7041 7.99967 7.93809 
12.2207 17.1392 22.6408 20.946 11.1032 7.99045 7.95966 
13.2008 16.8826 23.7898 19.3972 10.9306 7.9072 7.89181 
13.7938 16.2243 23.4515 19.0146 11.8332 7.84511 7.83741 
12.7937 17.2031 21.1852 20.441 12.6734 7.85376 7.84991 
13.558 16.0184 23.1246 19.2998 12.219 7.89107 7.88915 
12.3209 14.4131 24.6165 21.2262 11.6514 7.88642 7.88546 
13.8713 14.315 25.5612 20.0107 10.404 7.91912 7.91863 
13.4467 15.2656 25.9256 18.8506 10.7303 7.89076 7.89052 
13.4801 14.881 26.5992 19.499 9.78773 7.87658 7.87646 
13.9022 14.6026 25.1915 19.209 11.3804 7.85721 7.85715 
13.0636 15.3698 24.9429 19.7512 11.1914 7.84059 7.84056 
12.0112 15.9041 23.8413 21.1085 11.3491 7.8929 7.89288 
12.0468 16.0497 23.3603 21.3511 11.3301 7.93102 7.93102 
12.1458 15.5504 24.3077 20.1143 12.0426 7.91959 7.91959 
11.4164 16.0449 24.3676 20.2353 12.1282 7.90382 7.90382 
12.1425 13.9206 24.5162 21.7798 11.9622 7.83931 7.83931 
13.4423 13.4713 26.1402 19.6123 11.6322 7.85086 7.85086 
14.4031 13.8785 25.8733 19.7792 10.3983 7.83378 7.83378 
13.5817 15.2726 25.4367 19.9156 10.1471 7.82314 7.82314 
12.872 15.0687 24.8805 21.7146 9.80327 7.83049 7.83049 
12.811 14.0344 25.1902 21.3573 10.7766 7.91525 7.91525 
12.8088 15.0553 24.1755 21.0329 11.1104 7.90858 7.90858 
13.4314 14.0142 24.9256 21.4624 10.4201 7.87321 7.87321 
12.8561 13.5234 25.2447 21.1322 11.601 7.82132 7.82132 
12.5733 13.8846 25.4715 20.9013 11.5268 7.82127 7.82127 
12.6011 14.8031 25.3646 19.6001 11.8201 7.90548 7.90548 
13.4607 13.4695 26.3959 19.2661 11.7353 7.83624 7.83624 
12.8947 13.7211 26.3486 20.455 10.7991 7.89072 7.89072 
13.0091 13.291 26.6914 20.9886 10.2552 7.88237 7.88237 
12.4412 14.8249 24.8233 21.4442 10.6685 7.89897 7.89897 
13.5576 14.6135 24.2323 20.9123 10.9049 7.8897 7.8897 
11.9927 15.4619 25.3514 21.5524 9.99791 7.82186 7.82186 
12.0569 14.8935 24.9347 22.3465 9.95763 7.90542 7.90542 
13.3939 14.104 26.2067 20.805 9.65304 7.91871 7.91871 
13.2759 13.6309 25.8227 22.3908 9.06628 7.90673 7.90673 
12.4231 14.3912 25.9967 21.8015 9.49182 7.94785 7.94785 
11.9911 13.7816 27.9177 21.9222 8.64376 7.87178 7.87178 
13.3928 12.5073 27.1095 21.0981 10.0753 7.90849 7.90849 
14.0204 12.1691 27.3576 21.6758 8.98131 7.89791 7.89791 
14.454 11.843 27.0215 22.4952 8.42324 7.88154 7.88154 
14.128 12.4319 26.9222 22.4455 8.37829 7.84702 7.84702 
15.6396 11.8846 27.2692 21.1065 8.40426 7.84793 7.84793 
15.2759 11.9364 27.0849 20.9334 9.02669 7.87133 7.87133 
16.6722 11.4199 26.0035 19.9682 10.2766 7.82975 7.82975 
15.6532 10.7235 28.7199 19.6047 9.60984 7.84441 7.84441 
15.6478 12.2053 27.9074 19.5789 8.99486 7.83282 7.83282 
15.7949 11.8998 27.8668 20.3692 8.41047 7.82945 7.82945 
14.399 13.8446 25.8529 20.4013 9.93279 7.7847 7.7847 
12.9466 14.2499 26.2885 21.1202 9.85145 7.77166 7.77166 
14.8767 12.8672 26.4496 20.364 9.82769 7.8074 7.8074 
14.2285 12.2978 26.4964 22.219 9.23483 7.76172 7.76172 
14.5428 12.4346 25.6768 21.681 9.90313 7.88086 7.88086 
14.4143 12.5198 26.1437 21.7648 9.43336 7.862 7.862 
14.9106 11.3471 26.1532 21.9289 9.94924 7.85542 7.85542 
14.3181 11.4159 27.7825 21.8888 8.89619 7.84928 7.84928 
14.3421 10.6375 26.849 23.9022 8.5326 7.8683 7.8683 
16.5846 11.0286 26.2331 22.1363 8.43297 7.79218 7.79218 
16.6257 10.5738 27.5511 19.9967 9.72244 7.76514 7.76514 
15.3733 11.3388 28.0407 19.7966 9.90445 7.77306 7.77306 
13.308 11.2907 28.3695 22.1764 9.09423 7.88061 7.88061 
14.4047 10.9645 27.2546 22.9423 8.65046 7.89167 7.89167 
12.5848 10.723 29.0664 23.0859 8.71617 7.91184 7.91184 
13.1834 11.4513 27.514 22.6006 9.64654 7.80208 7.80208 
13.5793 10.384 27.2663 23.4121 9.79222 7.78303 7.78303 
13.3879 9.59084 29.4689 22.1166 9.73482 7.85046 7.85046 
15.2829 10.0101 28.078 21.9479 8.85514 7.91296 7.91296 
15.7884 9.95715 29.055 20.8781 8.42118 7.95009 7.95009 
17.8621 10.1233 28.5146 19.7638 8.06911 7.83357 7.83357 
17.666 10.1821 28.8657 19.2193 8.40203 7.83245 7.83245 
18.9892 10.2473 27.8704 18.5159 8.73226 7.82247 7.82247 
18.0312 9.23951 28.5693 20.0811 8.32955 7.87465 7.87465 
17.3489 9.33673 29.2218 19.3173 9.03899 7.86814 7.86814 
15.4926 10.1878 28.2473 21.5093 8.90261 7.83018 7.83018 
16.9872 10.2094 26.9949 21.6457 8.4117 7.87548 7.87548 
18.828 9.05609 27.1753 20.8533 8.30919 7.88911 7.88911 
20.1616 8.88941 27.139 18.9936 9.13902 7.83864 7.83864 
18.8137 9.23923 28.9805 18.5721 8.6791 7.85767 7.85767 
20.7276 9.33659 28.9556 16.9905 8.27037 7.85965 7.85965 
20.1561 9.56444 28.4244 18.2875 7.99275 7.78739 7.78739 
21.2645 9.69747 28.958 16.4319 8.06417 7.792 7.792 
22.8647 8.82427 28.6992 15.8612 8.00762 7.87154 7.87154 
22.5599 8.86317 29.3347 15.7941 7.86138 7.79333 7.79333 
22.9519 8.53253 29.4939 15.3103 8.03164 7.83989 7.83989 
21.2861 8.69665 28.5128 17.7817 7.97151 7.87564 7.87564 
21.718 8.58285 28.5886 17.5228 7.89455 7.84661 7.84661 
20.4874 9.02116 28.6524 18.0519 8.17025 7.80844 7.80844 
21.0587 8.42907 30.4704 16.3927 8.00362 7.82272 7.82272 
20.9009 8.2393 29.4767 17.9487 7.87178 7.78133 7.78133 
18.759 8.71906 29.5751 19.6568 7.79346 7.74823 7.74823 
18.3857 9.01791 29.0733 20.0769 7.934 7.7561 7.7561 
18.9685 8.35511 28.3187 21.0961 7.81315 7.72421 7.72421 
19.3955 8.17164 27.9167 20.9031 7.90066 7.85619 7.85619 
20.2497 8.63127 27.9194 19.7048 7.84643 7.8242 7.8242 
20.1248 8.25006 30.0253 18.0491 7.85764 7.84652 7.84652 
20.6778 8.58657 27.628 19.3323 7.92882 7.92326 7.92326 
19.014 8.2365 28.3251 20.7071 7.90763 7.90485 7.90485 
20.9765 8.0609 28.4994 18.5973 8.07568 7.89508 7.89508 
21.0587 8.72844 28.847 17.8557 7.8969 7.8066 7.8066 
20.8987 8.76763 28.0599 18.1608 8.35186 7.88057 7.88057 
22.0118 9.54006 27.3112 17.3617 8.08218 7.84654 7.84654 
22.117 9.0184 27.8713 17.341 7.96266 7.84484 7.84484 
23.334 8.55112 28.4566 16.1555 7.87354 7.81463 7.81463 
22.9809 8.65512 29.1918 14.6471 8.49882 8.28688 7.73943 
22.9143 9.29445 29.9933 13.4494 8.22292 8.28251 7.84323 
24.8417 9.26261 28.5351 13.1862 8.11146 8.14126 7.92161 
24.6908 9.07916 28.2246 13.495 8.50358 8.05836 7.94854 
26.0834 8.53319 27.0516 14.0957 8.2454 8.02279 7.96788 
24.612 8.60544 28.8151 13.0396 8.66816 8.14363 8.11617 
23.2932 9.07979 29.8534 13.3669 8.31497 8.0527 8.03898 
25.5262 8.38605 29.1407 13.2052 8.00364 7.87251 7.86564 
24.2773 8.29397 28.4505 15.2777 7.94504 7.87947 7.87604 
25.6522 8.20104 27.7388 14.846 7.87642 7.84364 7.84192 
26.0947 8.46945 28.4325 13.5719 7.82171 7.80531 7.80446 
26.9183 8.10569 28.4098 13.0763 7.94311 7.77363 7.7732 
25.389 8.96513 30.1698 11.8013 8.18208 7.74646 7.74625 
26.7768 8.43826 28.376 12.7044 8.04674 7.82893 7.82882 
27.6981 8.09118 29.0028 11.7394 7.89542 7.78652 7.78646 
28.0827 8.24267 28.37 11.8916 7.96231 7.72538 7.72535 
27.2401 8.00332 28.7813 12.6228 7.86314 7.74468 7.74466 
25.2801 8.94237 30.2009 12.0426 7.88414 7.82491 7.8249 
26.2162 8.94139 28.8422 12.3127 7.91558 7.88596 7.88596 
24.3357 9.11141 29.2415 13.7911 7.85001 7.8352 7.8352 
24.5372 8.56267 30.4744 12.9931 7.93197 7.75035 7.75035 
25.5473 8.70757 28.8437 13.3818 7.90041 7.8096 7.8096 
25.3587 8.26535 30.4083 12.1331 8.20191 7.81637 7.81637 
26.3586 8.06349 28.5689 13.2992 8.03177 7.839 7.839 
25.0764 8.05104 29.0755 14.3667 7.87441 7.77802 7.77802 
26.127 7.85827 30.7398 12.0614 7.76996 7.72176 7.72176 
28.1105 7.84763 30.4169 10.2627 7.80347 7.77938 7.77938 
28.0553 7.92382 29.8751 10.4647 7.90174 7.88969 7.88969 
